1.000000  0.0 195.139690 1.0 196.426567 2.0 196.141801 3.0 195.180384 4.0 194.084875 5.0 192.840168 6.0 191.441580 7.0 189.985558 8.0 188.491975 9.0 186.978231 10.0 185.516152 11.0 184.501238 12.0 183.473923 13.0 182.444069 14.0 181.418843 15.0 180.403505 16.0 179.401080 17.0 178.413173 18.0 177.439709 19.0 176.479773 20.0 175.523005 21.0 174.509955 22.0 173.506990 23.0 172.511723 24.0 171.522028 25.0 170.536865 26.0 169.556192 27.0 168.581657 28.0 167.616619 29.0 166.666722 30.0 165.740003
1.033468  0.0 188.992267 1.0 190.233999 2.0 189.954103 3.0 189.019524 4.0 187.955530 5.0 186.747463 6.0 185.390695 7.0 183.978671 8.0 182.530462 9.0 181.062934 10.0 179.645626 11.0 178.661488 12.0 177.665409 13.0 176.667001 14.0 175.673106 15.0 174.688898 16.0 173.717203 17.0 172.759664 18.0 171.816116 19.0 170.885747 20.0 169.958467 21.0 168.976746 22.0 168.004811 23.0 167.040417 24.0 166.081418 25.0 165.126904 26.0 164.176730 27.0 163.232587 28.0 162.297625 29.0 161.377392 30.0 160.479569
1.068056  0.0 183.043521 1.0 184.241591 2.0 183.966495 3.0 183.057831 4.0 182.024382 5.0 180.851746 6.0 179.535454 7.0 178.166017 8.0 176.761718 9.0 175.338918 10.0 173.964993 11.0 173.010589 12.0 172.044786 13.0 171.076764 14.0 170.113242 15.0 169.159111 16.0 168.217204 17.0 167.289005 18.0 166.374449 19.0 165.472651 20.0 164.573938 21.0 163.622506 22.0 162.680643 23.0 161.746081 24.0 160.816828 25.0 159.891933 26.0 158.971299 27.0 158.056541 28.0 157.150695 29.0 156.259157 30.0 155.389303
1.103801  0.0 177.287008 1.0 178.442851 2.0 178.172418 3.0 177.288845 4.0 176.284968 5.0 175.146628 6.0 173.869559 7.0 172.541295 8.0 171.179494 9.0 169.799981 10.0 168.468045 11.0 167.542416 12.0 166.605917 13.0 165.667301 14.0 164.733175 15.0 163.808150 16.0 162.895073 17.0 161.995266 18.0 161.108770 19.0 160.234620 20.0 159.363554 21.0 158.441432 22.0 157.528673 23.0 156.622979 24.0 155.722521 25.0 154.826280 26.0 153.934254 27.0 153.047911 28.0 152.170273 29.0 151.306471 30.0 150.463719
1.140743  0.0 171.716490 1.0 172.831494 2.0 172.565593 3.0 171.706315 4.0 170.731070 5.0 169.625927 6.0 168.386847 7.0 167.098411 8.0 165.777741 9.0 164.440168 10.0 163.148824 11.0 162.251044 12.0 161.342908 13.0 160.432749 14.0 159.527073 15.0 158.630216 16.0 157.745042 17.0 156.872711 18.0 156.013372 19.0 155.165978 20.0 154.321669 21.0 153.427911 22.0 152.543316 23.0 151.665560 24.0 150.792968 25.0 149.924455 26.0 149.060115 27.0 148.201268 28.0 147.350929 29.0 146.513965 30.0 145.697441
1.178921  0.0 166.326003 1.0 167.401442 2.0 167.139947 3.0 166.304251 4.0 165.356670 5.0 164.283665 6.0 163.081355 7.0 161.831467 8.0 160.550604 9.0 159.253642 10.0 158.001567 11.0 157.130748 12.0 156.250054 13.0 155.367440 14.0 154.489297 15.0 153.619699 16.0 152.761530 17.0 151.915789 18.0 151.082733 19.0 150.261238 20.0 149.442818 21.0 148.576510 22.0 147.719173 23.0 146.868450 24.0 146.022827 25.0 145.181147 26.0 144.343599 27.0 143.511360 28.0 142.687440 29.0 141.876447 30.0 141.085305
1.218377  0.0 161.109657 1.0 162.146811 2.0 161.889600 3.0 161.076762 4.0 160.155944 5.0 159.114122 6.0 157.947334 7.0 156.734756 8.0 155.492463 9.0 154.234766 10.0 153.020696 11.0 152.176025 12.0 151.321839 13.0 150.465940 14.0 149.614387 15.0 148.771226 16.0 147.939138 17.0 147.119184 18.0 146.311511 19.0 145.515129 20.0 144.721715 21.0 143.882024 22.0 143.051013 23.0 142.226490 24.0 141.406928 25.0 140.591237 26.0 139.779596 27.0 138.973112 28.0 138.174752 29.0 137.388890 30.0 136.622313
1.259154  0.0 156.061780 1.0 157.061909 2.0 156.808864 3.0 156.018165 4.0 155.123258 5.0 154.111625 6.0 152.979222 7.0 151.802755 8.0 150.597822 9.0 149.378102 10.0 148.200815 11.0 147.381454 12.0 146.552921 13.0 145.722880 14.0 144.897060 15.0 144.079490 16.0 143.272639 17.0 142.477646 18.0 141.694536 19.0 140.922458 20.0 140.153245 21.0 139.339313 22.0 138.533780 23.0 137.734626 24.0 136.940271 25.0 136.149758 26.0 135.363161 27.0 134.581642 28.0 133.807976 29.0 133.046478 30.0 132.303629
1.301295  0.0 151.176905 1.0 152.141303 2.0 151.892234 3.0 151.122979 4.0 150.253163 5.0 149.270754 6.0 148.171634 7.0 147.030157 8.0 145.861352 9.0 144.678388 10.0 143.536700 11.0 142.741839 12.0 141.938134 13.0 141.133121 14.0 140.332206 15.0 139.539405 16.0 138.756978 17.0 137.986143 18.0 137.226804 19.0 136.478250 20.0 135.732456 21.0 134.943455 22.0 134.162577 23.0 133.387976 24.0 132.618015 25.0 131.851869 26.0 131.089506 27.0 130.332150 28.0 129.582379 29.0 128.844464 30.0 128.124572
1.344847  0.0 146.449740 1.0 147.379601 2.0 147.134462 3.0 146.385901 4.0 145.540456 5.0 144.586266 6.0 143.519364 7.0 142.411794 8.0 141.277920 9.0 140.130530 10.0 139.023323 11.0 138.252152 12.0 137.472499 13.0 136.691690 14.0 135.914889 15.0 135.146051 16.0 134.387267 17.0 133.639809 18.0 132.903482 19.0 132.177689 20.0 131.454575 21.0 130.689688 22.0 129.932670 23.0 129.181831 24.0 128.435476 25.0 127.692914 26.0 126.954003 27.0 126.220029 28.0 125.493383 29.0 124.778290 30.0 124.080614
1.389856  0.0 141.875165 1.0 142.771631 2.0 142.530328 3.0 141.801799 4.0 140.979956 5.0 140.053084 6.0 139.017394 7.0 137.942624 8.0 136.842561 9.0 135.729603 10.0 134.655813 11.0 133.907530 12.0 133.151200 13.0 132.393774 14.0 131.640365 15.0 130.894667 16.0 130.158821 17.0 129.433935 18.0 128.719930 19.0 128.016114 20.0 127.314992 21.0 126.573401 22.0 125.839526 23.0 125.111634 24.0 124.388157 25.0 123.668384 26.0 122.952187 27.0 122.240826 28.0 121.536560 29.0 120.843552 30.0 120.167373
1.436371  0.0 137.448243 1.0 138.312402 2.0 138.074834 3.0 137.365706 4.0 136.566721 5.0 135.666299 6.0 134.660878 7.0 133.617805 8.0 132.550469 9.0 131.470860 10.0 130.429396 11.0 129.703265 12.0 128.969512 13.0 128.234717 14.0 127.503950 15.0 126.780649 16.0 126.067005 17.0 125.363963 18.0 124.671564 19.0 123.989018 20.0 123.309181 21.0 122.590135 22.0 121.878662 23.0 121.172973 24.0 120.471659 25.0 119.773921 26.0 119.079739 27.0 118.390227 28.0 117.707667 29.0 117.035985 30.0 116.380658
1.484444  0.0 133.164242 1.0 133.997084 2.0 133.763154 3.0 133.072893 4.0 132.295972 5.0 131.421164 6.0 130.445042 7.0 129.432653 8.0 128.396994 9.0 127.349716 10.0 126.339492 11.0 125.634803 12.0 124.922905 13.0 124.210014 14.0 123.501162 15.0 122.799538 16.0 122.107385 17.0 121.425483 18.0 120.753998 19.0 120.092036 20.0 119.432801 21.0 118.735574 22.0 118.045784 23.0 117.361582 24.0 116.681717 25.0 116.005304 26.0 115.332429 27.0 114.664062 28.0 114.002510 29.0 113.351464 30.0 112.716320
1.534125  0.0 129.018442 1.0 129.821004 2.0 129.590617 3.0 128.918649 4.0 128.163082 5.0 127.313150 6.0 126.365319 7.0 125.382633 8.0 124.377677 9.0 123.361656 10.0 122.381671 11.0 121.697795 12.0 121.006994 13.0 120.315351 14.0 119.627667 15.0 118.947057 16.0 118.275670 17.0 117.614260 18.0 116.962987 19.0 116.320981 20.0 115.681654 21.0 115.005568 22.0 114.336738 23.0 113.673337 24.0 113.014226 25.0 112.358450 26.0 111.706198 27.0 111.058292 28.0 110.417072 29.0 109.785996 30.0 109.170386
1.585469  0.0 125.006355 1.0 125.779685 2.0 125.552706 3.0 124.898462 4.0 124.163574 5.0 123.337733 6.0 122.417292 7.0 121.463359 8.0 120.488161 9.0 119.502361 10.0 118.551645 11.0 117.887929 12.0 117.217537 13.0 116.546482 14.0 115.879266 15.0 115.219027 16.0 114.567710 17.0 113.926167 18.0 113.294425 19.0 112.671761 20.0 112.051674 21.0 111.396083 22.0 110.747507 23.0 110.104288 24.0 109.465213 25.0 108.829454 26.0 108.197115 27.0 107.569039 28.0 106.947470 29.0 106.335734 30.0 105.739015
1.638531  0.0 121.123636 1.0 121.868757 2.0 121.645096 3.0 121.007977 4.0 120.293164 5.0 119.490607 6.0 118.596683 7.0 117.670643 8.0 116.724198 9.0 115.767650 10.0 114.845264 11.0 114.201067 12.0 113.550429 13.0 112.899305 14.0 112.251899 15.0 111.611380 16.0 110.979488 17.0 110.357176 18.0 109.744336 19.0 109.140395 20.0 108.538929 21.0 107.903177 22.0 107.274202 23.0 106.650517 24.0 106.030832 25.0 105.414458 26.0 104.801380 27.0 104.192522 28.0 103.589943 29.0 102.996964 30.0 102.418489
1.693369  0.0 117.366080 1.0 118.083933 2.0 117.863553 3.0 117.242982 4.0 116.547656 5.0 115.767605 6.0 114.899354 7.0 114.000343 8.0 113.081709 9.0 112.153477 10.0 111.258560 11.0 110.633214 12.0 110.001733 13.0 109.369869 14.0 108.741657 15.0 108.120208 16.0 107.507126 17.0 106.903420 18.0 106.308882 19.0 105.723059 20.0 105.139625 21.0 104.523065 22.0 103.913059 23.0 103.308283 24.0 102.707363 25.0 102.109751 26.0 101.515314 27.0 100.925056 28.0 100.340856 29.0 99.766030 30.0 99.205210
1.750042  0.0 113.729655 1.0 114.421115 2.0 114.203937 3.0 113.599398 4.0 112.922953 5.0 112.164696 6.0 111.321374 7.0 110.448461 8.0 109.556751 9.0 108.655928 10.0 107.787635 11.0 107.180507 12.0 106.567608 13.0 105.954350 14.0 105.344768 15.0 104.741729 16.0 104.146912 17.0 103.561159 18.0 102.984394 19.0 102.416049 20.0 101.850121 21.0 101.252085 22.0 100.660489 23.0 100.073964 24.0 99.491236 25.0 98.911753 26.0 98.335368 27.0 97.763103 28.0 97.196687 29.0 96.639432 30.0 96.095698
1.808613  0.0 110.210462 1.0 110.876338 2.0 110.662285 3.0 110.073354 4.0 109.415128 5.0 108.677976 6.0 107.858809 7.0 107.011151 8.0 106.145504 9.0 105.271281 10.0 104.428698 11.0 103.839206 12.0 103.244298 13.0 102.649050 14.0 102.057504 15.0 101.472284 16.0 100.895149 17.0 100.326773 18.0 99.767212 19.0 99.215783 20.0 98.666802 21.0 98.086694 22.0 97.512929 23.0 96.944058 24.0 96.378966 25.0 95.817001 26.0 95.258133 27.0 94.703235 28.0 94.154084 29.0 93.613782 30.0 93.086627
1.869143  0.0 106.804619 1.0 107.445764 2.0 107.234762 3.0 106.660984 4.0 106.020384 5.0 105.303758 6.0 104.507897 7.0 103.684690 8.0 102.844299 9.0 101.995819 10.0 101.178111 11.0 100.605727 12.0 100.028203 13.0 99.450407 14.0 98.876304 15.0 98.308334 16.0 97.748315 17.0 97.196757 18.0 96.653852 19.0 96.118797 20.0 95.586220 21.0 95.023464 22.0 94.466959 23.0 93.915173 24.0 93.367153 25.0 92.822142 26.0 92.280230 27.0 91.742139 28.0 91.209703 29.0 90.685804 30.0 90.174707
1.931699  0.0 103.508441 1.0 104.125770 2.0 103.917660 3.0 103.358570 4.0 102.735046 5.0 102.038307 6.0 101.265009 7.0 100.465476 8.0 99.649598 9.0 98.825982 10.0 98.032355 11.0 97.476577 12.0 96.915841 13.0 96.354995 14.0 95.797723 15.0 95.246520 16.0 94.703001 17.0 94.167787 18.0 93.640941 19.0 93.121797 20.0 92.605039 21.0 92.059127 22.0 91.519280 23.0 90.984058 24.0 90.452535 25.0 89.923939 26.0 89.398432 27.0 88.876607 28.0 88.360351 29.0 87.852326 30.0 87.356771
1.996349  0.0 100.318361 1.0 100.912692 2.0 100.707478 3.0 100.162537 4.0 99.555628 5.0 98.878084 6.0 98.126634 7.0 97.350087 8.0 96.557882 9.0 95.758338 10.0 94.988024 11.0 94.448325 12.0 93.903840 13.0 93.359407 14.0 92.818426 15.0 92.283457 16.0 91.755909 17.0 91.236524 18.0 90.725218 19.0 90.221481 20.0 89.720028 21.0 89.190437 22.0 88.666699 23.0 88.147545 24.0 87.631954 25.0 87.119301 26.0 86.609618 27.0 86.103586 28.0 85.602940 29.0 85.110312 30.0 84.629769
2.063163  0.0 97.230937 1.0 97.803035 2.0 97.600665 3.0 97.069427 4.0 96.478644 5.0 95.819667 6.0 95.089388 7.0 94.335113 8.0 93.565805 9.0 92.789564 10.0 92.041869 11.0 91.517693 12.0 90.988973 13.0 90.460397 14.0 89.935202 15.0 89.415937 16.0 88.903849 17.0 88.399788 18.0 87.903523 19.0 87.414704 20.0 86.928066 21.0 86.414275 22.0 85.906126 23.0 85.402528 24.0 84.902357 25.0 84.405137 26.0 83.910769 27.0 83.420034 28.0 82.934486 29.0 82.456785 30.0 81.990745
2.132212  0.0 94.242924 1.0 94.793434 2.0 94.593845 3.0 94.075925 4.0 93.500738 5.0 92.859747 6.0 92.150051 7.0 91.417266 8.0 90.670126 9.0 89.916454 10.0 89.190687 11.0 88.681506 12.0 88.168098 13.0 87.654829 14.0 87.144978 15.0 86.640854 16.0 86.143805 17.0 85.654508 18.0 85.172868 19.0 84.698425 20.0 84.226190 21.0 83.727632 22.0 83.234612 23.0 82.746034 24.0 82.260804 25.0 81.778506 26.0 81.298961 27.0 80.823033 28.0 80.352097 29.0 79.888846 30.0 79.436842
2.203573  0.0 91.350986 1.0 91.880634 2.0 91.683766 3.0 91.178829 4.0 90.618688 5.0 89.995165 6.0 89.305362 7.0 88.593386 8.0 87.867711 9.0 87.135971 10.0 86.431358 11.0 85.936695 12.0 85.438114 13.0 84.939664 14.0 84.444670 15.0 83.955204 16.0 83.472718 17.0 82.997711 18.0 82.530237 19.0 82.069704 20.0 81.611419 21.0 81.127600 22.0 80.649253 23.0 80.175186 24.0 79.704467 25.0 79.236565 26.0 78.771426 27.0 78.309772 28.0 77.853017 29.0 77.403714 30.0 76.965323
2.277322  0.0 88.551995 1.0 89.061570 2.0 88.867280 3.0 88.374934 4.0 87.829374 5.0 87.222829 6.0 86.552243 7.0 85.860418 8.0 85.155595 9.0 84.445026 10.0 83.760896 11.0 83.280355 12.0 82.796067 13.0 82.312006 14.0 81.831357 15.0 81.356102 16.0 80.887694 17.0 80.426530 18.0 79.972763 19.0 79.525700 20.0 79.080917 21.0 78.611363 22.0 78.147224 23.0 77.687200 24.0 77.230530 25.0 76.776561 26.0 76.325372 27.0 75.877529 28.0 75.434524 29.0 74.998698 30.0 74.573516
2.353539  0.0 85.842925 1.0 86.333137 2.0 86.141431 3.0 85.661209 4.0 85.129838 5.0 84.539687 6.0 83.887714 7.0 83.215441 8.0 82.530800 9.0 81.840708 10.0 81.176409 11.0 80.709564 12.0 80.239096 13.0 79.769007 14.0 79.302208 15.0 78.840769 16.0 78.385936 17.0 77.938239 18.0 77.497677 19.0 77.063722 20.0 76.631943 21.0 76.176261 22.0 75.725813 23.0 75.279421 24.0 74.836314 25.0 74.395846 26.0 73.958146 27.0 73.523672 28.0 73.093977 29.0 72.671194 30.0 72.258798
2.432307  0.0 83.220892 1.0 83.692355 2.0 83.503203 3.0 83.034717 4.0 82.517148 5.0 81.942837 6.0 81.308893 7.0 80.655616 8.0 79.990462 9.0 79.320198 10.0 78.675123 11.0 78.221522 12.0 77.764438 13.0 77.307877 14.0 76.854487 15.0 76.406427 16.0 75.964735 17.0 75.530080 18.0 75.102301 19.0 74.681038 20.0 74.261847 21.0 73.819604 22.0 73.382401 23.0 72.949237 24.0 72.519227 25.0 72.091880 26.0 71.667187 27.0 71.245710 28.0 70.828841 29.0 70.418725 30.0 70.018665
2.513711  0.0 80.683096 1.0 81.136371 2.0 80.949720 3.0 80.492668 4.0 79.988433 5.0 79.429470 6.0 78.813089 7.0 78.178115 8.0 77.531834 9.0 76.880769 10.0 76.254378 11.0 75.813536 12.0 75.369495 13.0 74.925953 14.0 74.485607 15.0 74.050441 16.0 73.621513 17.0 73.199445 18.0 72.784073 19.0 72.375068 20.0 71.968090 21.0 71.538832 22.0 71.114451 23.0 70.694094 24.0 70.276762 25.0 69.862118 26.0 69.450014 27.0 69.041125 28.0 68.636665 29.0 68.238832 30.0 67.850690
2.597839  0.0 78.226716 1.0 78.662440 2.0 78.478225 3.0 78.032326 4.0 77.540959 5.0 76.996925 6.0 76.397506 7.0 75.780259 8.0 75.152254 9.0 74.519867 10.0 73.911488 11.0 73.483002 12.0 73.051593 13.0 72.620657 14.0 72.192964 15.0 71.770262 16.0 71.353733 17.0 70.943813 18.0 70.540499 19.0 70.143318 20.0 69.748212 21.0 69.331478 22.0 68.919580 23.0 68.511551 24.0 68.106538 25.0 67.704146 26.0 67.304250 27.0 66.907526 28.0 66.515078 29.0 66.129134 30.0 65.752528
2.684783  0.0 75.849099 1.0 76.267974 2.0 76.086071 3.0 75.650971 4.0 75.172079 5.0 74.642563 6.0 74.059531 7.0 73.459455 8.0 72.849223 9.0 72.234862 10.0 71.643919 11.0 71.227459 12.0 70.808226 13.0 70.389529 14.0 69.974058 15.0 69.563432 16.0 69.158901 17.0 68.760744 18.0 68.369107 19.0 67.983372 20.0 67.599763 21.0 67.195153 22.0 66.795342 23.0 66.399247 24.0 66.006184 25.0 65.615629 26.0 65.227597 27.0 64.842603 28.0 64.461847 29.0 64.087348 30.0 63.721964
2.774637  0.0 73.547685 1.0 73.950284 2.0 73.770740 3.0 73.346029 4.0 72.879328 5.0 72.363792 6.0 71.796636 7.0 71.213250 8.0 70.620203 9.0 70.023277 10.0 69.449218 11.0 69.044437 12.0 68.636967 13.0 68.230176 14.0 67.826487 15.0 67.427631 16.0 67.034644 17.0 66.647949 18.0 66.267548 19.0 65.892959 20.0 65.520418 21.0 65.127591 22.0 64.739439 23.0 64.354915 24.0 63.973404 25.0 63.594306 26.0 63.217761 27.0 62.844122 28.0 62.474685 29.0 62.111264 30.0 61.756754
2.867499  0.0 71.320104 1.0 71.706866 2.0 71.529640 3.0 71.115010 4.0 70.660149 5.0 70.158148 6.0 69.606412 7.0 69.039204 8.0 68.462760 9.0 67.882719 10.0 67.325053 11.0 66.931547 12.0 66.535483 13.0 66.140210 14.0 65.747931 15.0 65.360473 16.0 64.978664 17.0 64.603078 18.0 64.233547 19.0 63.869766 20.0 63.507928 21.0 63.126541 22.0 62.749646 23.0 62.376379 24.0 62.005998 25.0 61.638059 26.0 61.272569 27.0 60.909963 28.0 60.551443 29.0 60.198769 30.0 59.854761
2.963468  0.0 69.163830 1.0 69.535299 2.0 69.360350 3.0 68.955620 4.0 68.512131 5.0 68.023258 6.0 67.486525 7.0 66.934924 8.0 66.374563 9.0 65.810898 10.0 65.269142 11.0 64.886504 12.0 64.501563 13.0 64.117371 14.0 63.736215 15.0 63.359724 16.0 62.988790 17.0 62.623912 18.0 62.264942 19.0 61.911593 20.0 61.560144 21.0 61.189808 22.0 60.823812 23.0 60.461446 24.0 60.101839 25.0 59.744709 26.0 59.389915 27.0 59.038019 28.0 58.690040 29.0 58.347814 30.0 58.013930
3.062648  0.0 67.076537 1.0 67.433360 2.0 67.260532 3.0 66.865413 4.0 66.432953 5.0 65.956909 6.0 65.434616 7.0 64.898136 8.0 64.353375 9.0 63.805628 10.0 63.279209 11.0 62.907102 12.0 62.532933 13.0 62.159473 14.0 61.789105 15.0 61.423220 16.0 61.062853 17.0 60.708310 18.0 60.359615 19.0 60.016322 20.0 59.674986 21.0 59.315298 22.0 58.959929 23.0 58.608044 24.0 58.258915 25.0 57.912204 26.0 57.567788 27.0 57.226239 28.0 56.888463 29.0 56.556352 30.0 56.232268
3.165149  0.0 65.055985 1.0 65.398668 2.0 65.228038 3.0 64.842132 4.0 64.420437 5.0 63.956768 6.0 63.448469 7.0 62.926658 8.0 62.397073 9.0 61.864666 10.0 61.353105 11.0 60.991290 12.0 60.627466 13.0 60.264468 14.0 59.904482 15.0 59.548907 16.0 59.198737 17.0 58.854221 18.0 58.515459 19.0 58.181910 20.0 57.850362 21.0 57.500985 22.0 57.155909 23.0 56.814169 24.0 56.475214 25.0 56.138563 26.0 55.804243 27.0 55.472662 28.0 55.144835 29.0 54.822448 30.0 54.507906
3.271080  0.0 63.100107 1.0 63.429021 2.0 63.260553 3.0 62.883593 4.0 62.472394 5.0 62.020675 6.0 61.525951 7.0 61.018431 8.0 60.503465 9.0 59.985917 10.0 59.488750 11.0 59.136906 12.0 58.783103 13.0 58.430264 14.0 58.080311 15.0 57.734772 16.0 57.394428 17.0 57.059690 18.0 56.730483 19.0 56.406445 20.0 56.084301 21.0 55.744973 22.0 55.409800 23.0 55.077919 24.0 54.748779 25.0 54.421878 26.0 54.097325 27.0 53.775393 28.0 53.457199 29.0 53.144224 30.0 52.838936
3.380556  0.0 61.206673 1.0 61.522305 2.0 61.355957 3.0 60.987796 4.0 60.586673 5.0 60.146542 6.0 59.665076 7.0 59.171309 8.0 58.670505 9.0 58.167352 10.0 57.684227 11.0 57.341948 12.0 56.997924 13.0 56.654856 14.0 56.314657 15.0 55.978805 16.0 55.647988 17.0 55.322712 18.0 55.002756 19.0 54.687932 20.0 54.374893 21.0 54.045313 22.0 53.719714 23.0 53.397422 24.0 53.077745 25.0 52.760350 26.0 52.445189 27.0 52.132659 28.0 51.823732 29.0 51.519910 30.0 51.223540
3.493696  0.0 59.373644 1.0 59.676580 2.0 59.512217 3.0 59.152595 4.0 58.761239 5.0 58.332459 6.0 57.863735 7.0 57.383296 8.0 56.896221 9.0 56.407109 10.0 55.937491 11.0 55.604479 12.0 55.269954 13.0 54.936328 14.0 54.605634 15.0 54.279109 16.0 53.957599 17.0 53.641409 18.0 53.330494 19.0 53.024515 20.0 52.720361 21.0 52.400155 22.0 52.083861 23.0 51.770821 24.0 51.460312 25.0 51.152116 26.0 50.846048 27.0 50.542637 28.0 50.242668 29.0 49.947740 30.0 49.659973
3.610622  0.0 57.599101 1.0 57.889735 2.0 57.727434 3.0 57.376002 4.0 56.994202 5.0 56.576361 6.0 56.119987 7.0 55.652480 8.0 55.178794 9.0 54.703190 10.0 54.246655 11.0 53.922705 12.0 53.597304 13.0 53.272871 14.0 52.951339 15.0 52.633865 16.0 52.321356 17.0 52.013967 18.0 51.711816 19.0 51.414397 20.0 51.118867 21.0 50.807720 22.0 50.500485 23.0 50.196359 24.0 49.894801 25.0 49.595441 26.0 49.298235 27.0 49.003596 28.0 48.712333 29.0 48.425984 30.0 48.146563
3.731462  0.0 55.881163 1.0 56.159845 2.0 55.999578 3.0 55.656121 4.0 55.283625 5.0 54.876352 6.0 54.431972 7.0 53.977075 8.0 53.516272 9.0 53.053755 10.0 52.609897 11.0 52.294748 12.0 51.978169 13.0 51.662693 14.0 51.349988 15.0 51.041359 16.0 50.737493 17.0 50.438711 18.0 50.144968 19.0 49.855905 20.0 49.568664 21.0 49.266332 22.0 48.967831 23.0 48.672346 24.0 48.379447 25.0 48.088642 26.0 47.800037 27.0 47.513872 28.0 47.231081 29.0 46.952997 30.0 46.681714
3.856346  0.0 54.217898 1.0 54.485114 2.0 54.326788 3.0 53.991191 4.0 53.627621 5.0 53.230621 6.0 52.797944 7.0 52.355179 8.0 51.906860 9.0 51.457031 10.0 51.025555 11.0 50.718832 12.0 50.410869 13.0 50.104007 14.0 49.799885 15.0 49.499796 16.0 49.204303 17.0 48.913866 18.0 48.628261 19.0 48.347314 20.0 48.068079 21.0 47.774330 22.0 47.484244 23.0 47.197199 24.0 46.912614 25.0 46.630157 26.0 46.349819 27.0 46.071895 28.0 45.797273 29.0 45.527205 30.0 45.263787
3.985410  0.0 52.607519 1.0 52.863749 2.0 52.707341 3.0 52.379310 4.0 52.024406 5.0 51.637473 6.0 51.216049 7.0 50.785044 8.0 50.348851 9.0 49.911394 10.0 49.491817 11.0 49.193261 12.0 48.893681 13.0 48.595132 14.0 48.299392 15.0 48.007512 16.0 47.720223 17.0 47.437780 18.0 47.160129 19.0 46.886975 20.0 46.615550 21.0 46.330059 22.0 46.048144 23.0 45.769253 24.0 45.492719 25.0 45.218364 26.0 44.946015 27.0 44.676113 28.0 44.409359 29.0 44.147115 30.0 43.891253
4.118793  0.0 51.048437 1.0 51.293935 2.0 51.139477 3.0 50.818744 4.0 50.472381 5.0 50.095095 6.0 49.684584 7.0 49.265027 8.0 48.840627 9.0 48.415076 10.0 48.007032 11.0 47.716487 12.0 47.424936 13.0 47.134500 14.0 46.846826 15.0 46.562921 16.0 46.283560 17.0 46.008862 18.0 45.738935 19.0 45.473311 20.0 45.209485 21.0 44.931961 22.0 44.658024 23.0 44.386968 24.0 44.118307 25.0 43.851724 26.0 43.587156 27.0 43.324978 28.0 43.065864 29.0 42.811176 30.0 42.562633
4.256640  0.0 49.538839 1.0 49.774000 2.0 49.621453 3.0 49.307901 4.0 48.969752 5.0 48.601827 6.0 48.201966 7.0 47.793514 8.0 47.380478 9.0 46.966465 10.0 46.569627 11.0 46.286829 12.0 46.003052 13.0 45.720521 14.0 45.440621 15.0 45.164519 16.0 44.892766 17.0 44.625660 18.0 44.363130 19.0 44.104870 20.0 43.848336 21.0 43.578572 22.0 43.312321 23.0 43.048864 24.0 42.787826 25.0 42.528762 26.0 42.271765 27.0 42.017033 28.0 41.765374 29.0 41.517947 30.0 41.276564
4.399100  0.0 48.077103 1.0 48.302423 2.0 48.151668 3.0 47.845119 4.0 47.514903 5.0 47.156145 6.0 46.766589 7.0 46.368851 8.0 45.966832 9.0 45.564049 10.0 45.178107 11.0 44.902740 12.0 44.626594 13.0 44.351632 14.0 44.079318 15.0 43.810724 16.0 43.546364 17.0 43.286599 18.0 43.031230 19.0 42.780127 20.0 42.530637 21.0 42.268436 22.0 42.009586 23.0 41.753563 24.0 41.499835 25.0 41.248118 26.0 40.998390 27.0 40.750904 28.0 40.506430 29.0 40.266047 30.0 40.031585
4.546329  0.0 46.661775 1.0 46.877500 2.0 46.728623 3.0 46.428779 4.0 46.106347 5.0 45.756457 6.0 45.376854 7.0 44.989507 8.0 44.598247 9.0 44.206339 10.0 43.830895 11.0 43.562767 12.0 43.293993 13.0 43.026356 14.0 42.761443 15.0 42.500080 16.0 42.242958 17.0 41.990232 18.0 41.741894 19.0 41.497635 20.0 41.255042 21.0 41.000095 22.0 40.748450 23.0 40.499594 24.0 40.252950 25.0 40.008364 26.0 39.765658 27.0 39.525235 28.0 39.287675 29.0 39.054178 30.0 38.826355
4.698485  0.0 45.291260 1.0 45.497702 2.0 45.350684 3.0 45.057412 4.0 44.742549 5.0 44.401215 6.0 44.031292 7.0 43.654113 8.0 43.273212 9.0 42.891809 10.0 42.526542 11.0 42.265505 12.0 42.003806 13.0 41.743368 14.0 41.485531 15.0 41.231233 16.0 40.981071 17.0 40.735192 18.0 40.493642 19.0 40.256019 20.0 40.020121 21.0 39.772184 22.0 39.527571 23.0 39.285607 24.0 39.045906 25.0 38.808147 26.0 38.572301 27.0 38.338660 28.0 38.107828 29.0 37.880970 30.0 37.659589
4.855733  0.0 43.964054 1.0 44.161691 2.0 44.016382 3.0 43.729583 4.0 43.421993 5.0 43.089012 6.0 42.728537 7.0 42.361128 8.0 41.990265 9.0 41.619049 10.0 41.263735 11.0 41.009488 12.0 40.754692 13.0 40.501196 14.0 40.250214 15.0 40.002803 16.0 39.759343 17.0 39.520170 18.0 39.285131 19.0 39.054024 20.0 38.824527 21.0 38.583453 22.0 38.345583 23.0 38.110331 24.0 37.877321 25.0 37.646179 26.0 37.416997 27.0 37.189902 28.0 36.965635 29.0 36.745158 30.0 36.530081
5.018244  0.0 42.678853 1.0 42.867903 2.0 42.724410 3.0 42.443783 4.0 42.143314 5.0 41.818476 6.0 41.467089 7.0 41.109158 8.0 40.748072 9.0 40.386803 10.0 40.041052 11.0 39.793366 12.0 39.545326 13.0 39.298497 14.0 39.054260 15.0 38.813427 16.0 38.576532 17.0 38.343791 18.0 38.115101 19.0 37.890270 20.0 37.666997 21.0 37.432572 22.0 37.201214 23.0 36.972517 24.0 36.745937 25.0 36.521286 26.0 36.298480 27.0 36.077785 28.0 35.859818 29.0 35.645556 30.0 35.436550
5.186194  0.0 41.434206 1.0 41.614947 2.0 41.473254 3.0 41.198674 4.0 40.905171 5.0 40.588163 6.0 40.245596 7.0 39.896944 8.0 39.545333 9.0 39.193635 10.0 38.857157 11.0 38.615939 12.0 38.374346 13.0 38.134041 14.0 37.896285 15.0 37.661845 16.0 37.431327 17.0 37.204789 18.0 36.982309 19.0 36.763505 20.0 36.546336 21.0 36.318282 22.0 36.093310 23.0 35.870889 24.0 35.650581 25.0 35.432177 26.0 35.215557 27.0 35.001074 28.0 34.789186 29.0 34.580991 30.0 34.377820
5.359765  0.0 40.228746 1.0 40.401630 2.0 40.261589 3.0 39.992983 4.0 39.706156 5.0 39.396789 6.0 39.062876 7.0 38.723140 8.0 38.380683 9.0 38.038266 10.0 37.710842 11.0 37.475843 12.0 37.240513 13.0 37.006564 14.0 36.775046 15.0 36.546889 16.0 36.322469 17.0 36.102029 18.0 35.885483 19.0 35.672582 20.0 35.461268 21.0 35.239418 22.0 35.020619 23.0 34.804264 24.0 34.590078 25.0 34.377681 26.0 34.167129 27.0 33.958590 28.0 33.752657 29.0 33.550271 30.0 33.352800
5.539145  0.0 39.061322 1.0 39.226512 2.0 39.088236 3.0 38.825321 4.0 38.545041 5.0 38.243141 6.0 37.917535 7.0 37.586451 8.0 37.252902 9.0 36.919555 10.0 36.600870 11.0 36.371851 12.0 36.142688 13.0 35.914811 14.0 35.689419 15.0 35.467275 16.0 35.248806 17.0 35.034252 18.0 34.823457 19.0 34.616301 20.0 34.410627 21.0 34.194852 22.0 33.981974 23.0 33.771583 24.0 33.563244 25.0 33.356718 26.0 33.151993 27.0 32.949234 28.0 32.749065 29.0 32.552290 30.0 32.360374
5.724528  0.0 37.930568 1.0 38.088363 2.0 37.951811 3.0 37.694494 4.0 37.420613 5.0 37.125889 6.0 36.808348 7.0 36.485740 8.0 36.160846 9.0 35.836226 10.0 35.525997 11.0 35.302869 12.0 35.079600 13.0 34.857653 14.0 34.638187 15.0 34.421847 16.0 34.209211 17.0 34.000301 18.0 33.795168 19.0 33.593495 20.0 33.393373 21.0 33.183402 22.0 32.976306 23.0 32.771653 24.0 32.568987 25.0 32.368175 26.0 32.169059 27.0 31.971963 28.0 31.777315 29.0 31.586057 30.0 31.399442
5.916116  0.0 36.835291 1.0 36.986065 2.0 36.851143 3.0 36.599329 4.0 36.331589 5.0 36.043883 6.0 35.734258 7.0 35.419795 8.0 35.103256 9.0 34.787100 10.0 34.485130 11.0 34.267686 12.0 34.050119 13.0 33.833983 14.0 33.620197 15.0 33.409589 16.0 33.202506 17.0 32.999136 18.0 32.799425 19.0 32.603107 20.0 32.408339 21.0 32.203991 22.0 32.002537 23.0 31.803399 24.0 31.606308 25.0 31.410955 26.0 31.217343 27.0 31.025666 28.0 30.836405 29.0 30.650455 30.0 30.468992
6.114115  0.0 35.774421 1.0 35.918320 2.0 35.785121 3.0 35.538568 4.0 35.276879 5.0 34.996011 6.0 34.693987 7.0 34.387432 8.0 34.079035 9.0 33.771155 10.0 33.477160 11.0 33.265172 12.0 33.053240 13.0 32.842637 14.0 32.634432 15.0 32.429313 16.0 32.227643 17.0 32.029650 18.0 31.835162 19.0 31.644095 20.0 31.454458 21.0 31.255647 22.0 31.059577 23.0 30.865849 24.0 30.674096 25.0 30.484063 26.0 30.295773 27.0 30.109328 28.0 29.925332 29.0 29.744479 30.0 29.568072
6.318742  0.0 34.746703 1.0 34.884066 2.0 34.752504 3.0 34.511169 4.0 34.255348 5.0 33.981065 6.0 33.686449 7.0 33.387641 8.0 33.087141 9.0 32.787224 10.0 32.500949 11.0 32.294348 12.0 32.087792 13.0 31.882599 14.0 31.679802 15.0 31.479970 16.0 31.283624 17.0 31.090771 18.0 30.901448 19.0 30.715372 20.0 30.530784 21.0 30.337267 22.0 30.146449 23.0 29.957958 24.0 29.771352 25.0 29.586534 26.0 29.403342 27.0 29.222053 28.0 29.043073 29.0 28.867219 30.0 28.695650
6.530216  0.0 33.751132 1.0 33.882200 2.0 33.752281 3.0 33.516004 4.0 33.265843 5.0 32.998042 6.0 32.710653 7.0 32.419295 8.0 32.126428 9.0 31.834239 10.0 31.555523 11.0 31.354105 12.0 31.152762 13.0 30.952868 14.0 30.755249 15.0 30.560650 16.0 30.369364 17.0 30.181561 18.0 29.997183 19.0 29.815984 20.0 29.636278 21.0 29.447874 22.0 29.262204 23.0 29.078729 24.0 28.897201 25.0 28.717347 26.0 28.539152 27.0 28.362803 28.0 28.188710 29.0 28.017698 30.0 27.850797
6.748769  0.0 32.786621 1.0 32.911580 2.0 32.783354 3.0 32.551957 4.0 32.307425 5.0 32.045872 6.0 31.765450 7.0 31.481329 8.0 31.195932 9.0 30.911301 10.0 30.639853 11.0 30.443417 12.0 30.247228 13.0 30.052382 14.0 29.859867 15.0 29.670267 16.0 29.483924 17.0 29.301020 18.0 29.121405 19.0 28.944993 20.0 28.769960 21.0 28.586605 22.0 28.405834 23.0 28.227282 24.0 28.050618 25.0 27.875600 26.0 27.702255 27.0 27.530660 28.0 27.361363 29.0 27.194983 30.0 27.032685
6.974636  0.0 31.852096 1.0 31.971315 2.0 31.844644 3.0 31.618141 4.0 31.378981 5.0 31.123485 6.0 30.849897 7.0 30.572869 8.0 30.294664 9.0 30.017307 10.0 29.752913 11.0 29.561428 12.0 29.370129 13.0 29.180242 14.0 28.992648 15.0 28.807884 16.0 28.626390 17.0 28.448171 18.0 28.273272 19.0 28.101406 20.0 27.930982 21.0 27.752446 22.0 27.576461 23.0 27.402678 24.0 27.230697 25.0 27.060431 26.0 26.891721 27.0 26.724819 28.0 26.560085 29.0 26.398250 30.0 26.240357
7.208062  0.0 30.946680 1.0 31.060269 2.0 30.935279 3.0 30.713426 4.0 30.479534 5.0 30.230023 6.0 29.963024 7.0 29.692820 8.0 29.421598 9.0 29.151339 10.0 28.893858 11.0 28.707084 12.0 28.520576 13.0 28.335507 14.0 28.152638 15.0 27.972659 16.0 27.795777 17.0 27.622183 18.0 27.451781 19.0 27.284374 20.0 27.118392 21.0 26.944523 22.0 26.773222 23.0 26.604004 24.0 26.436655 25.0 26.270903 26.0 26.106746 27.0 25.944338 28.0 25.784051 29.0 25.626621 30.0 25.472974
7.449300  0.0 30.069270 1.0 30.177538 2.0 30.054152 3.0 29.836910 4.0 29.608194 5.0 29.364418 6.0 29.103818 7.0 28.840295 8.0 28.575911 9.0 28.312526 10.0 28.061691 11.0 27.879508 12.0 27.697685 13.0 27.517226 14.0 27.339048 15.0 27.163609 16.0 26.991262 17.0 26.822119 18.0 26.656080 19.0 26.493025 20.0 26.331300 21.0 26.162040 22.0 25.995200 23.0 25.830481 24.0 25.667551 25.0 25.506212 26.0 25.346463 27.0 25.188384 28.0 25.032461 29.0 24.879243 30.0 24.729789
7.698612  0.0 29.219038 1.0 29.322178 2.0 29.200414 3.0 28.987670 4.0 28.763930 5.0 28.525796 6.0 28.271482 7.0 28.014415 8.0 27.756617 9.0 27.499888 10.0 27.255534 11.0 27.077867 12.0 26.900513 13.0 26.724623 14.0 26.550910 15.0 26.379917 16.0 26.211972 17.0 26.047109 18.0 25.885375 19.0 25.726464 20.0 25.568968 21.0 25.404081 22.0 25.241621 23.0 25.081233 24.0 24.922582 25.0 24.765559 26.0 24.610029 27.0 24.456231 28.0 24.304454 29.0 24.155383 30.0 24.009929
7.956268  0.0 28.395002 1.0 28.493222 2.0 28.373118 3.0 28.164732 4.0 27.945949 5.0 27.713285 6.0 27.465024 7.0 27.214222 8.0 26.962860 9.0 26.712646 10.0 26.474595 11.0 26.301224 12.0 26.128297 13.0 25.956776 14.0 25.787415 15.0 25.620765 16.0 25.457031 17.0 25.296419 18.0 25.138766 19.0 24.983954 20.0 24.830485 21.0 24.669878 22.0 24.511669 23.0 24.355440 24.0 24.201014 25.0 24.048101 26.0 23.896735 27.0 23.747012 28.0 23.599300 29.0 23.454226 30.0 23.312648
8.222548  0.0 27.596302 1.0 27.689884 2.0 27.571364 3.0 27.367340 4.0 27.153301 5.0 26.925942 6.0 26.683631 7.0 26.438975 8.0 26.193846 9.0 25.949910 10.0 25.717950 11.0 25.548837 12.0 25.380155 13.0 25.212880 14.0 25.047789 15.0 24.885284 16.0 24.725734 17.0 24.569152 18.0 24.415519 19.0 24.264650 20.0 24.115095 21.0 23.958667 22.0 23.804523 23.0 23.652422 24.0 23.502001 25.0 23.353133 26.0 23.205761 27.0 23.060001 28.0 22.916245 29.0 22.775002 30.0 22.637247
8.497739  0.0 26.822086 1.0 26.911175 2.0 26.794355 3.0 26.594510 4.0 26.385166 5.0 26.163056 6.0 25.926481 7.0 25.687752 8.0 25.448669 9.0 25.210863 10.0 24.984877 11.0 24.819852 12.0 24.655292 13.0 24.492195 14.0 24.331172 15.0 24.172779 16.0 24.017212 17.0 23.864582 18.0 23.714846 19.0 23.567777 20.0 23.422074 21.0 23.269633 22.0 23.119519 23.0 22.971337 24.0 22.824847 25.0 22.679886 26.0 22.536369 27.0 22.394501 28.0 22.254519 29.0 22.117076 30.0 21.982942
8.782140  0.0 26.071466 1.0 26.156374 2.0 26.041153 3.0 25.845511 4.0 25.640741 5.0 25.423681 6.0 25.192706 7.0 24.959794 8.0 24.726637 9.0 24.494777 10.0 24.274544 11.0 24.113492 12.0 23.952992 13.0 23.793871 14.0 23.636886 15.0 23.482420 16.0 23.330744 17.0 23.181967 18.0 23.035963 19.0 22.892663 20.0 22.750616 21.0 22.602121 22.0 22.455851 23.0 22.311498 24.0 22.168830 25.0 22.027616 26.0 21.887912 27.0 21.749741 28.0 21.613489 29.0 21.479661 30.0 21.349083
9.076059  0.0 25.343689 1.0 25.424555 2.0 25.311074 3.0 25.119471 4.0 24.919167 5.0 24.707109 6.0 24.481625 7.0 24.254329 8.0 24.026892 9.0 23.800799 10.0 23.586195 11.0 23.429057 12.0 23.272421 13.0 23.117253 14.0 22.964127 15.0 22.813493 16.0 22.665623 17.0 22.520524 18.0 22.378242 19.0 22.238506 20.0 22.100080 21.0 21.955362 22.0 21.812833 23.0 21.672221 24.0 21.533206 25.0 21.395715 26.0 21.259621 27.0 21.125094 28.0 20.992418 29.0 20.862110 30.0 20.734988
9.379816  0.0 24.637855 1.0 24.714986 2.0 24.603189 3.0 24.415632 4.0 24.219758 5.0 24.012524 6.0 23.792357 7.0 23.570555 8.0 23.348729 9.0 23.128285 10.0 22.919139 11.0 22.765730 12.0 22.612947 13.0 22.461553 14.0 22.312196 15.0 22.165314 16.0 22.021075 17.0 21.879649 18.0 21.740883 19.0 21.604673 20.0 21.469725 21.0 21.328676 22.0 21.189815 23.0 21.052771 24.0 20.917384 25.0 20.783421 26.0 20.650880 27.0 20.519866 28.0 20.390649 29.0 20.263789 30.0 20.139965
9.693738  0.0 23.968640 1.0 24.026828 2.0 23.916821 3.0 23.733223 4.0 23.541642 5.0 23.339185 6.0 23.124256 7.0 22.907815 8.0 22.691414 9.0 22.476429 10.0 22.272580 11.0 22.122904 12.0 21.973788 13.0 21.826094 14.0 21.680423 15.0 21.537123 16.0 21.396510 17.0 21.258560 18.0 21.123268 19.0 20.990458 20.0 20.858882 21.0 20.721436 22.0 20.586068 23.0 20.452569 24.0 20.320629 25.0 20.190128 26.0 20.061027 27.0 19.933398 28.0 19.807588 29.0 19.684008 30.0 19.563462
10.018167  0.0 23.320196 1.0 23.382129 2.0 23.251126 3.0 23.071469 4.0 22.884185 5.0 22.686374 6.0 22.476523 7.0 22.265293 8.0 22.054209 9.0 21.844578 10.0 21.645934 11.0 21.499796 12.0 21.354297 13.0 21.210209 14.0 21.068069 15.0 20.928348 16.0 20.791168 17.0 20.656650 18.0 20.524716 19.0 20.395197 20.0 20.266939 21.0 20.132926 22.0 20.001031 23.0 19.870903 24.0 19.742343 25.0 19.615203 26.0 19.489406 27.0 19.365124 28.0 19.242549 29.0 19.122219 30.0 19.004787
10.353453  0.0 22.672704 1.0 22.741829 2.0 22.625005 3.0 22.429665 4.0 22.246560 5.0 22.053332 6.0 21.848493 7.0 21.642391 8.0 21.436476 9.0 21.232028 10.0 21.038413 11.0 20.895791 12.0 20.753801 13.0 20.613189 14.0 20.474570 15.0 20.338238 16.0 20.204456 17.0 20.073256 18.0 19.944572 19.0 19.818297 20.0 19.693197 21.0 19.562599 22.0 19.434009 23.0 19.307187 24.0 19.181911 25.0 19.057997 26.0 18.935476 27.0 18.814367 28.0 18.694992 29.0 18.577768 30.0 18.463383
10.699961  0.0 22.046786 1.0 22.110712 2.0 22.007484 3.0 21.838403 4.0 21.628124 5.0 21.439408 6.0 21.239446 7.0 21.038329 8.0 20.837463 9.0 20.638104 10.0 20.449434 11.0 20.310205 12.0 20.171627 13.0 20.034462 14.0 19.899187 15.0 19.766222 16.0 19.635718 17.0 19.507737 18.0 19.382258 19.0 19.259071 20.0 19.137125 21.0 19.009773 22.0 18.884428 23.0 18.760820 24.0 18.638697 25.0 18.517985 26.0 18.398568 27.0 18.280598 28.0 18.164290 29.0 18.050092 30.0 17.938673
11.058066  0.0 21.441238 1.0 21.500589 2.0 21.397395 3.0 21.229944 4.0 21.056777 5.0 20.869487 6.0 20.648705 7.0 20.452503 8.0 20.256593 9.0 20.062175 10.0 19.878296 11.0 19.742401 12.0 19.607184 13.0 19.473311 14.0 19.341372 15.0 19.211642 16.0 19.084335 17.0 18.959523 18.0 18.837099 19.0 18.717001 20.0 18.598045 21.0 18.473893 22.0 18.351698 23.0 18.231182 24.0 18.112188 25.0 17.994509 26.0 17.878166 27.0 17.763208 28.0 17.649886 29.0 17.538643 30.0 17.430064
11.428156  0.0 20.854817 1.0 20.910251 2.0 20.807445 3.0 20.642214 4.0 20.471479 5.0 20.292407 6.0 20.103459 7.0 19.914060 8.0 19.693865 9.0 19.503558 10.0 19.324397 11.0 19.191762 12.0 19.059786 13.0 18.929205 14.0 18.800455 15.0 18.673905 16.0 18.549732 17.0 18.427955 18.0 18.308588 19.0 18.191417 20.0 18.075425 21.0 17.954368 22.0 17.835217 23.0 17.717761 24.0 17.601737 25.0 17.487069 26.0 17.373673 27.0 17.261649 28.0 17.151246 29.0 17.042829 30.0 16.937072
11.810632  0.0 20.286733 1.0 20.338555 2.0 20.236567 3.0 20.073831 4.0 19.905749 5.0 19.729666 6.0 19.544031 7.0 19.357994 8.0 19.172730 9.0 18.989287 10.0 18.793092 11.0 18.657644 12.0 18.528894 13.0 18.401461 14.0 18.275874 15.0 18.152422 16.0 18.031275 17.0 17.912526 18.0 17.796061 19.0 17.681802 20.0 17.568667 21.0 17.450621 22.0 17.334471 23.0 17.219930 24.0 17.106859 25.0 16.995072 26.0 16.884556 27.0 16.775398 28.0 16.667789 29.0 16.562182 30.0 16.459097
12.205908  0.0 19.736110 1.0 19.784704 2.0 19.683633 3.0 19.523617 4.0 19.358510 5.0 19.185619 6.0 19.003465 7.0 18.820973 8.0 18.639297 9.0 18.459472 10.0 18.290044 11.0 18.164639 12.0 18.037194 13.0 17.904381 14.0 17.772939 15.0 17.646589 16.0 17.528442 17.0 17.412582 18.0 17.299014 19.0 17.187557 20.0 17.077220 21.0 16.962126 22.0 16.848847 23.0 16.737212 24.0 16.626961 25.0 16.518002 26.0 16.410292 27.0 16.303887 28.0 16.199052 29.0 16.096110 30.0 15.995676
12.614414  0.0 19.202323 1.0 19.247856 2.0 19.147939 3.0 18.990697 4.0 18.828583 5.0 18.659034 6.0 18.480553 7.0 18.301812 8.0 18.123901 9.0 17.947794 10.0 17.781939 11.0 17.658812 12.0 17.536580 13.0 17.415756 14.0 17.296958 15.0 17.180308 16.0 17.062545 17.0 16.940714 18.0 16.820736 19.0 16.708146 20.0 16.600543 21.0 16.488299 22.0 16.377881 23.0 16.269013 24.0 16.161544 25.0 16.055332 26.0 15.950332 27.0 15.846653 28.0 15.744456 29.0 15.644158 30.0 15.546264
13.036591  0.0 18.684710 1.0 18.727439 2.0 18.628638 3.0 18.474268 4.0 18.315271 5.0 18.149085 6.0 17.974275 7.0 17.799288 8.0 17.625183 9.0 17.452916 10.0 17.290796 11.0 17.170062 12.0 17.050172 13.0 16.931802 14.0 16.815242 15.0 16.700855 16.0 16.588778 17.0 16.478961 18.0 16.371541 19.0 16.266178 20.0 16.156015 21.0 16.038513 22.0 15.922575 23.0 15.814850 24.0 15.710074 25.0 15.606531 26.0 15.504204 27.0 15.403126 28.0 15.303551 29.0 15.205786 30.0 15.110385
13.472898  0.0 18.182701 1.0 18.222736 2.0 18.125228 3.0 17.973663 4.0 17.817721 5.0 17.654938 6.0 17.483841 7.0 17.312650 8.0 17.142376 9.0 16.973916 10.0 16.815490 11.0 16.697220 12.0 16.579839 13.0 16.463840 14.0 16.349726 15.0 16.237680 16.0 16.127843 17.0 16.020335 18.0 15.914975 19.0 15.811757 20.0 15.709656 21.0 15.603253 22.0 15.498705 23.0 15.395656 24.0 15.294076 25.0 15.193712 26.0 15.091312 27.0 14.984426 28.0 14.878972 29.0 14.780527 30.0 14.687546
13.923807  0.0 17.695782 1.0 17.733308 2.0 17.637001 3.0 17.488288 4.0 17.335438 5.0 17.175980 6.0 17.008522 7.0 16.841058 8.0 16.674574 9.0 16.509926 10.0 16.355223 11.0 16.239430 12.0 16.124496 13.0 16.011022 14.0 15.899301 15.0 15.789640 16.0 15.682176 17.0 15.576874 18.0 15.473796 19.0 15.372705 20.0 15.272741 21.0 15.168626 22.0 15.066214 23.0 14.965428 24.0 14.865950 25.0 14.767724 26.0 14.670716 27.0 14.574900 28.0 14.480630 29.0 14.388058 30.0 14.297815
14.389807  0.0 17.223384 1.0 17.258522 2.0 17.163515 3.0 17.017558 4.0 16.867728 5.0 16.711595 6.0 16.547755 7.0 16.383991 8.0 16.221235 9.0 16.060313 10.0 15.909240 11.0 15.795923 12.0 15.683495 13.0 15.572428 14.0 15.463171 15.0 15.355899 16.0 15.250740 17.0 15.147786 18.0 15.046893 19.0 14.948015 20.0 14.850220 21.0 14.748351 22.0 14.648255 23.0 14.549624 24.0 14.452363 25.0 14.356318 26.0 14.261421 27.0 14.167822 28.0 14.075582 29.0 13.985122 30.0 13.896851
14.871403  0.0 16.765117 1.0 16.797952 2.0 16.704199 3.0 16.561016 4.0 16.414160 5.0 16.261250 6.0 16.100930 7.0 15.940778 8.0 15.781693 9.0 15.624453 10.0 15.476987 11.0 15.366094 12.0 15.256088 13.0 15.147496 14.0 15.040609 15.0 14.935706 16.0 14.832899 17.0 14.732168 18.0 14.633548 19.0 14.536834 20.0 14.441198 21.0 14.341644 22.0 14.243739 23.0 14.147369 24.0 14.052288 25.0 13.958406 26.0 13.865714 27.0 13.774197 28.0 13.684121 29.0 13.595704 30.0 13.509447
15.369118  0.0 16.320419 1.0 16.351094 2.0 16.258607 3.0 16.118099 4.0 15.974183 5.0 15.824471 6.0 15.667624 7.0 15.511013 8.0 15.355495 9.0 15.201832 10.0 15.057861 11.0 14.949383 12.0 14.841793 13.0 14.735547 14.0 14.631062 15.0 14.528483 16.0 14.427941 17.0 14.329499 18.0 14.233037 19.0 14.138501 20.0 14.045011 21.0 13.947683 22.0 13.852047 23.0 13.757837 24.0 13.664942 25.0 13.573233 26.0 13.482642 27.0 13.393299 28.0 13.305279 29.0 13.218935 30.0 13.134680
15.883489  0.0 15.888912 1.0 15.917487 2.0 15.826289 3.0 15.688446 4.0 15.547364 5.0 15.400745 6.0 15.247277 7.0 15.094132 8.0 14.942120 9.0 14.791972 10.0 14.651451 11.0 14.545288 12.0 14.440046 13.0 14.336176 14.0 14.233967 15.0 14.133683 16.0 14.035402 17.0 13.939122 18.0 13.844860 19.0 13.752427 20.0 13.661042 21.0 13.565955 22.0 13.472463 23.0 13.380446 24.0 13.289683 25.0 13.200084 26.0 13.111637 27.0 13.024338 28.0 12.938412 29.0 12.854081 30.0 12.771790
16.415075  0.0 15.470141 1.0 15.496750 2.0 15.406762 3.0 15.271532 4.0 15.133267 5.0 14.989705 6.0 14.839537 7.0 14.689753 8.0 14.541140 9.0 14.394398 10.0 14.257221 11.0 14.153378 12.0 14.050428 13.0 13.948821 14.0 13.848908 15.0 13.750837 16.0 13.654743 17.0 13.560649 18.0 13.468461 19.0 13.378130 20.0 13.288803 21.0 13.195868 22.0 13.104552 23.0 13.014620 24.0 12.925964 25.0 12.838456 26.0 12.752043 27.0 12.666828 28.0 12.582894 29.0 12.500557 30.0 12.420205
16.964453  0.0 15.063671 1.0 15.088393 2.0 14.999694 3.0 14.866985 4.0 14.731435 5.0 14.590850 6.0 14.443912 7.0 14.297424 8.0 14.152141 9.0 14.008737 10.0 13.874835 11.0 13.773186 12.0 13.672494 13.0 13.573131 14.0 13.475388 15.0 13.379521 16.0 13.285568 17.0 13.193554 18.0 13.103463 19.0 13.015132 20.0 12.927830 21.0 12.837026 22.0 12.747765 23.0 12.659931 24.0 12.573310 25.0 12.487828 26.0 12.403457 27.0 12.320202 28.0 12.238268 29.0 12.157860 30.0 12.079392
17.532217  0.0 14.669175 1.0 14.692081 2.0 14.604596 3.0 14.474396 4.0 14.341540 5.0 14.203845 6.0 14.060036 7.0 13.916743 8.0 13.774689 9.0 13.634524 10.0 13.503822 11.0 13.404377 12.0 13.305840 13.0 13.208649 14.0 13.113085 15.0 13.019305 16.0 12.927447 17.0 12.837496 18.0 12.749383 19.0 12.663061 20.0 12.577707 21.0 12.488963 22.0 12.401767 23.0 12.315913 24.0 12.231304 25.0 12.147804 26.0 12.065377 27.0 11.984099 28.0 11.904061 29.0 11.825553 30.0 11.748928
18.118983  0.0 14.286194 1.0 14.307388 2.0 14.221125 3.0 14.093340 4.0 13.963115 5.0 13.828263 6.0 13.687523 7.0 13.547359 8.0 13.408464 9.0 13.271455 10.0 13.143845 11.0 13.046498 12.0 12.950112 13.0 12.855027 14.0 12.761540 15.0 12.669851 16.0 12.580005 17.0 12.492046 18.0 12.405917 19.0 12.321484 20.0 12.238064 21.0 12.151327 22.0 12.066095 23.0 11.982229 24.0 11.899542 25.0 11.817972 26.0 11.737471 27.0 11.658056 28.0 11.579916 29.0 11.503232 30.0 11.428400
18.725386  0.0 13.914391 1.0 13.933925 2.0 13.848905 3.0 13.723523 4.0 13.595836 5.0 13.463733 6.0 13.325968 7.0 13.188848 8.0 13.053029 9.0 12.919098 10.0 12.794526 11.0 12.699251 12.0 12.604898 13.0 12.511896 14.0 12.420452 15.0 12.330742 16.0 12.242897 17.0 12.156871 18.0 12.072635 19.0 11.990102 20.0 11.908513 21.0 11.823741 22.0 11.740449 23.0 11.658460 24.0 11.577687 25.0 11.497982 26.0 11.419331 27.0 11.341782 28.0 11.265430 29.0 11.190550 30.0 11.117456
19.352085  0.0 13.553423 1.0 13.571398 2.0 13.487536 3.0 13.364507 4.0 13.239332 5.0 13.109936 6.0 12.975087 7.0 12.840924 8.0 12.708084 9.0 12.577135 10.0 12.455499 11.0 12.362243 12.0 12.269925 13.0 12.178890 14.0 12.089438 15.0 12.001700 16.0 11.915742 17.0 11.831622 18.0 11.749242 19.0 11.668510 20.0 11.588755 21.0 11.505866 22.0 11.424446 23.0 11.344331 24.0 11.265364 25.0 11.187494 26.0 11.110651 27.0 11.034874 28.0 10.960311 29.0 10.887147 30.0 10.815753
19.999758  0.0 13.202900 1.0 13.219389 2.0 13.136733 3.0 13.015971 4.0 12.893227 5.0 12.766471 6.0 12.634463 7.0 12.503190 8.0 12.373265 9.0 12.245230 10.0 12.126477 11.0 12.035152 12.0 11.944788 13.0 11.855723 14.0 11.768177 15.0 11.682336 16.0 11.598268 17.0 11.515955 18.0 11.435386 19.0 11.356436 20.0 11.278411 21.0 11.197390 22.0 11.117785 23.0 11.039459 24.0 10.962297 25.0 10.886175 26.0 10.811090 27.0 10.737061 28.0 10.664189 29.0 10.592732 30.0 10.522969
20.669107  0.0 12.862529 1.0 12.877579 2.0 12.796111 3.0 12.677602 4.0 12.557251 5.0 12.433050 6.0 12.303798 7.0 12.175329 8.0 12.048230 9.0 11.923023 10.0 11.807079 11.0 11.717675 12.0 11.629206 13.0 11.542020 14.0 11.456368 15.0 11.372364 16.0 11.290100 17.0 11.209591 18.0 11.130755 19.0 11.053528 20.0 10.977228 21.0 10.897971 22.0 10.820151 23.0 10.743578 24.0 10.668127 25.0 10.593743 26.0 10.520350 27.0 10.448003 28.0 10.376814 29.0 10.306966 30.0 10.238816
21.360857  0.0 12.531979 1.0 12.545678 2.0 12.465334 3.0 12.349028 4.0 12.231021 5.0 12.109334 6.0 11.982780 7.0 11.857052 8.0 11.732714 9.0 11.610263 10.0 11.497036 11.0 11.409460 12.0 11.322862 13.0 11.237519 14.0 11.153664 15.0 11.071475 16.0 10.990976 17.0 10.912181 18.0 10.835066 19.0 10.759500 20.0 10.684856 21.0 10.607360 22.0 10.531235 23.0 10.456366 24.0 10.382609 25.0 10.309865 26.0 10.238143 27.0 10.167430 28.0 10.097847 29.0 10.029606 30.0 9.962982
22.075760  0.0 12.210911 1.0 12.223321 2.0 12.144152 3.0 12.029974 4.0 11.914232 5.0 11.794990 6.0 11.671064 7.0 11.548006 8.0 11.426356 9.0 11.306589 10.0 11.196029 11.0 11.110259 12.0 11.025432 13.0 10.941897 14.0 10.859825 15.0 10.779350 16.0 10.700582 17.0 10.623479 18.0 10.547993 19.0 10.474071 20.0 10.401033 21.0 10.325219 22.0 10.250780 23.0 10.177546 24.0 10.105419 25.0 10.034312 26.0 9.964169 27.0 9.895055 28.0 9.827043 29.0 9.760328 30.0 9.695224
22.814588  0.0 11.899054 1.0 11.910221 2.0 11.832197 3.0 11.720130 4.0 11.606626 5.0 11.489768 6.0 11.368395 7.0 11.247930 8.0 11.128888 9.0 11.011725 10.0 10.903748 11.0 10.819745 12.0 10.736685 13.0 10.654861 14.0 10.574518 15.0 10.495756 16.0 10.418627 17.0 10.343170 18.0 10.269303 19.0 10.196932 20.0 10.125479 21.0 10.051308 22.0 9.978471 23.0 9.906855 24.0 9.836306 25.0 9.766761 26.0 9.698192 27.0 9.630601 28.0 9.564116 29.0 9.498903 30.0 9.435239
23.578144  0.0 11.596116 1.0 11.606115 2.0 11.529179 3.0 11.419178 4.0 11.307859 5.0 11.193337 6.0 11.074461 7.0 10.956528 8.0 10.840033 9.0 10.725412 10.0 10.619966 11.0 10.537635 12.0 10.456287 13.0 10.376171 14.0 10.297480 15.0 10.220367 16.0 10.144875 17.0 10.070986 18.0 9.998685 19.0 9.927863 20.0 9.857903 21.0 9.785341 22.0 9.714085 23.0 9.643999 24.0 9.575004 25.0 9.506983 26.0 9.439912 27.0 9.373832 28.0 9.308811 29.0 9.245048 30.0 9.182808
24.367254  0.0 11.301788 1.0 11.310674 2.0 11.234868 3.0 11.126864 4.0 11.017662 5.0 10.905409 6.0 10.788967 7.0 10.673501 8.0 10.559484 9.0 10.447337 10.0 10.344360 11.0 10.263701 12.0 10.183986 13.0 10.105516 14.0 10.028466 15.0 9.952941 16.0 9.879017 17.0 9.806690 18.0 9.735889 19.0 9.666557 20.0 9.598091 21.0 9.527055 22.0 9.457332 23.0 9.388768 24.0 9.321243 25.0 9.254712 26.0 9.189111 27.0 9.124465 28.0 9.060890 29.0 8.998527 30.0 8.937655
25.182773  0.0 11.015812 1.0 11.023629 2.0 10.948936 3.0 10.842910 4.0 10.735796 5.0 10.625763 6.0 10.511686 7.0 10.398618 8.0 10.287009 9.0 10.177262 10.0 10.076677 11.0 9.997634 12.0 9.919544 13.0 9.842660 14.0 9.767183 15.0 9.693229 16.0 9.620828 17.0 9.549991 18.0 9.480678 19.0 9.412782 20.0 9.345748 21.0 9.276230 22.0 9.207974 23.0 9.140874 24.0 9.074812 25.0 9.009697 26.0 8.945524 27.0 8.882294 28.0 8.820089 29.0 8.759103 30.0 8.699558
26.025587  0.0 10.737950 1.0 10.744761 2.0 10.671120 3.0 10.567029 4.0 10.461955 5.0 10.354092 6.0 10.242327 7.0 10.131598 8.0 10.022340 9.0 9.914935 10.0 9.816697 11.0 9.739201 12.0 9.662675 13.0 9.587358 14.0 9.513412 15.0 9.440958 16.0 9.370055 17.0 9.300674 18.0 9.232779 19.0 9.166303 20.0 9.100654 21.0 9.032590 22.0 8.965786 23.0 8.900098 24.0 8.835437 25.0 8.771728 26.0 8.708921 27.0 8.647058 28.0 8.586211 29.0 8.526529 30.0 8.468284
26.896608  0.0 10.467911 1.0 10.473765 2.0 10.401197 3.0 10.298983 4.0 10.195886 5.0 10.090141 6.0 9.980629 7.0 9.872180 8.0 9.765209 9.0 9.660084 10.0 9.564135 11.0 9.488174 12.0 9.413158 13.0 9.339344 14.0 9.266903 15.0 9.195918 16.0 9.126442 17.0 9.058491 18.0 8.991987 19.0 8.926861 20.0 8.862579 21.0 8.795928 22.0 8.730509 23.0 8.666213 24.0 8.602912 25.0 8.540546 26.0 8.479089 27.0 8.418541 28.0 8.358999 29.0 8.300612 30.0 8.243601
27.796780  0.0 10.205451 1.0 10.210396 2.0 10.138899 3.0 10.038538 4.0 9.937390 5.0 9.833701 6.0 9.726383 7.0 9.620151 8.0 9.515404 9.0 9.412494 10.0 9.318763 11.0 9.244287 12.0 9.170762 13.0 9.098412 14.0 9.027408 15.0 8.957862 16.0 8.889793 17.0 8.823198 18.0 8.758056 19.0 8.694258 20.0 8.631275 21.0 8.566011 22.0 8.501949 23.0 8.438977 24.0 8.377011 25.0 8.315955 26.0 8.255786 27.0 8.196533 28.0 8.138252 29.0 8.081105 30.0 8.025318
28.727078  0.0 9.950362 1.0 9.954437 2.0 9.883973 3.0 9.785427 4.0 9.686182 5.0 9.584510 6.0 9.479333 7.0 9.375264 8.0 9.272685 9.0 9.171933 10.0 9.080380 11.0 9.007328 12.0 8.935239 13.0 8.864326 14.0 8.794731 15.0 8.726556 16.0 8.659860 17.0 8.594608 18.0 8.530757 19.0 8.468258 20.0 8.406554 21.0 8.342609 22.0 8.279873 23.0 8.218204 24.0 8.157505 25.0 8.097732 26.0 8.038824 27.0 7.980804 28.0 7.923762 29.0 7.867818 30.0 7.813201
29.688512  0.0 9.702397 1.0 9.705653 2.0 9.636199 3.0 9.539420 4.0 9.442035 5.0 9.342331 6.0 9.239240 7.0 9.137278 8.0 9.036811 9.0 8.938160 10.0 8.848730 11.0 8.777088 12.0 8.706387 13.0 8.636854 14.0 8.568639 15.0 8.501815 16.0 8.436423 17.0 8.372479 18.0 8.309909 19.0 8.248639 20.0 8.188184 21.0 8.125542 22.0 8.064064 23.0 8.003664 24.0 7.944219 25.0 7.885662 26.0 7.827983 27.0 7.771175 28.0 7.715310 29.0 7.660545 30.0 7.607067
30.682123  0.0 9.461324 1.0 9.463802 2.0 9.395375 3.0 9.300328 4.0 9.204750 5.0 9.106961 6.0 9.005903 7.0 8.905993 8.0 8.807580 9.0 8.710972 10.0 8.623603 11.0 8.553331 12.0 8.483998 13.0 8.415807 14.0 8.348911 15.0 8.283405 16.0 8.219305 17.0 8.156601 18.0 8.095277 19.0 8.035229 20.0 7.975957 21.0 7.914581 22.0 7.854351 23.0 7.795156 24.0 7.736925 25.0 7.679572 26.0 7.623063 27.0 7.567431 28.0 7.512727 29.0 7.459081 30.0 7.406716
31.708988  0.0 9.226929 1.0 9.228669 2.0 9.161254 3.0 9.067907 4.0 8.974104 5.0 8.878190 6.0 8.779114 7.0 8.681203 8.0 8.584791 9.0 8.490172 10.0 8.404826 11.0 8.335857 12.0 8.267848 13.0 8.200975 14.0 8.135370 15.0 8.071122 16.0 8.008278 17.0 7.946806 18.0 7.886662 19.0 7.827801 20.0 7.769704 21.0 7.709531 22.0 7.650508 23.0 7.592507 24.0 7.535436 25.0 7.479245 26.0 7.423892 27.0 7.369384 28.0 7.315802 29.0 7.263261 30.0 7.211954
32.770220  0.0 8.999031 1.0 9.000069 2.0 8.933627 3.0 8.841943 4.0 8.749877 5.0 8.655791 6.0 8.558648 7.0 8.462684 8.0 8.368220 9.0 8.275538 10.0 8.192164 11.0 8.124490 12.0 8.057749 13.0 7.992147 14.0 7.927805 15.0 7.864794 16.0 7.803146 17.0 7.742870 18.0 7.683900 19.0 7.626164 20.0 7.569207 21.0 7.510225 22.0 7.452354 23.0 7.395506 24.0 7.339578 25.0 7.284503 26.0 7.230262 27.0 7.176862 28.0 7.124356 29.0 7.072881 30.0 7.022618
33.866969  0.0 8.777410 1.0 8.777785 2.0 8.712305 3.0 8.622240 4.0 8.531867 5.0 8.439567 6.0 8.344306 7.0 8.250239 8.0 8.157672 9.0 8.066875 10.0 7.985427 11.0 7.919010 12.0 7.853523 13.0 7.789146 14.0 7.726020 15.0 7.664214 16.0 7.603746 17.0 7.544608 18.0 7.486776 19.0 7.430157 20.0 7.374283 21.0 7.316455 22.0 7.259722 23.0 7.203979 24.0 7.149153 25.0 7.095175 26.0 7.042007 27.0 6.989670 28.0 6.938222 29.0 6.887772 30.0 6.838515
35.000424  0.0 8.561865 1.0 8.561614 2.0 8.497101 3.0 8.408628 4.0 8.319908 5.0 8.229347 6.0 8.135924 7.0 8.043706 8.0 7.952986 9.0 7.864023 10.0 7.784445 11.0 7.719233 12.0 7.654964 13.0 7.591794 14.0 7.529844 15.0 7.469196 16.0 7.409877 17.0 7.351863 18.0 7.295112 19.0 7.239578 20.0 7.184777 21.0 7.128050 22.0 7.072415 23.0 7.017759 24.0 6.963996 25.0 6.911071 26.0 6.858955 27.0 6.807648 28.0 6.757214 29.0 6.707770 30.0 6.659482
36.171814  0.0 8.352211 1.0 8.351366 2.0 8.287806 3.0 8.200891 4.0 8.113790 5.0 8.024928 6.0 7.933294 7.0 7.842875 8.0 7.753953 9.0 7.666775 10.0 7.589032 11.0 7.525000 12.0 7.461893 13.0 7.399895 14.0 7.339101 15.0 7.279578 16.0 7.221360 17.0 7.164439 18.0 7.108759 19.0 7.054253 20.0 7.000493 21.0 6.944851 22.0 6.890270 23.0 6.836663 24.0 6.783940 25.0 6.732036 26.0 6.680928 27.0 6.630627 28.0 6.581179 29.0 6.532697 30.0 6.485357
37.382407  0.0 8.148276 1.0 8.146871 2.0 8.084237 3.0 7.998846 4.0 7.913328 5.0 7.826125 6.0 7.736233 7.0 7.647568 8.0 7.560396 9.0 7.474954 10.0 7.399003 11.0 7.336123 12.0 7.274162 13.0 7.213279 14.0 7.153606 15.0 7.095186 16.0 7.038041 17.0 6.982165 18.0 6.927524 19.0 6.874037 20.0 6.821266 21.0 6.766677 22.0 6.713131 23.0 6.660533 24.0 6.608812 25.0 6.557905 26.0 6.507777 27.0 6.458440 28.0 6.409951 29.0 6.362407 30.0 6.315975
38.633516  0.0 7.949890 1.0 7.947955 2.0 7.886221 3.0 7.802320 4.0 7.718347 5.0 7.632762 6.0 7.544570 7.0 7.457613 8.0 7.372147 9.0 7.288398 10.0 7.214189 11.0 7.152429 12.0 7.091582 13.0 7.031803 14.0 6.973198 15.0 6.915845 16.0 6.859749 17.0 6.804895 18.0 6.751246 19.0 6.698748 20.0 6.646954 21.0 6.593369 22.0 6.540824 23.0 6.489215 24.0 6.438462 25.0 6.388513 26.0 6.339339 27.0 6.290941 28.0 6.243372 29.0 6.196738 30.0 6.151191
39.926497  0.0 7.756869 1.0 7.754433 2.0 7.693608 3.0 7.611162 4.0 7.528696 5.0 7.444690 6.0 7.358157 7.0 7.272865 8.0 7.189057 9.0 7.106952 10.0 7.034451 11.0 6.973758 12.0 6.913991 13.0 6.855282 14.0 6.797733 15.0 6.741400 16.0 6.686317 17.0 6.632460 18.0 6.579784 19.0 6.528229 20.0 6.477383 21.0 6.424786 22.0 6.373200 23.0 6.322545 24.0 6.272738 25.0 6.223718 26.0 6.175460 27.0 6.127974 28.0 6.081301 29.0 6.035540 30.0 5.990851
41.262751  0.0 7.569048 1.0 7.566140 2.0 7.506210 3.0 7.425190 4.0 7.344199 5.0 7.261734 6.0 7.176814 7.0 7.093140 8.0 7.010947 9.0 6.930441 10.0 6.859609 11.0 6.799970 12.0 6.741237 13.0 6.683563 14.0 6.627037 15.0 6.571710 16.0 6.517600 17.0 6.464704 18.0 6.412974 19.0 6.362344 20.0 6.312403 21.0 6.260762 22.0 6.210117 23.0 6.160381 24.0 6.111484 25.0 6.063368 26.0 6.016001 27.0 5.969389 28.0 5.923585 29.0 5.878676 30.0 5.834809
42.643727  0.0 7.386271 1.0 7.382917 2.0 7.323866 3.0 7.244241 4.0 7.164692 5.0 7.083729 6.0 7.000381 7.0 6.918283 8.0 6.837661 9.0 6.758712 10.0 6.689510 11.0 6.630895 12.0 6.573180 13.0 6.516501 14.0 6.460961 15.0 6.406609 16.0 6.353455 17.0 6.301485 18.0 6.250666 19.0 6.200935 20.0 6.151880 21.0 6.101154 22.0 6.051420 23.0 6.002582 24.0 5.954564 25.0 5.907318 26.0 5.860815 27.0 5.815056 28.0 5.770085 29.0 5.725999 30.0 5.682935
44.070922  0.0 7.208391 1.0 7.204621 2.0 7.146424 3.0 7.068163 4.0 6.990021 5.0 6.910525 6.0 6.828708 7.0 6.748145 8.0 6.669054 9.0 6.591623 10.0 6.524008 11.0 6.466386 12.0 6.409658 13.0 6.353957 14.0 6.299370 15.0 6.245955 16.0 6.193727 17.0 6.142663 18.0 6.092724 19.0 6.043858 20.0 5.995665 21.0 5.945835 22.0 5.896973 23.0 5.849000 24.0 5.801840 25.0 5.755436 26.0 5.709764 27.0 5.664829 28.0 5.620671 29.0 5.577375 30.0 5.535086
45.545881  0.0 7.035264 1.0 7.031099 2.0 6.973737 3.0 6.896810 4.0 6.820042 5.0 6.741979 6.0 6.661659 7.0 6.582596 8.0 6.504995 9.0 6.429037 10.0 6.362978 11.0 6.306304 12.0 6.250531 13.0 6.195777 14.0 6.142123 15.0 6.089617 16.0 6.038277 17.0 5.988092 18.0 5.939013 19.0 5.890983 20.0 5.843618 21.0 5.794655 22.0 5.746646 23.0 5.699507 24.0 5.653172 25.0 5.607586 26.0 5.562720 27.0 5.518578 28.0 5.475204 29.0 5.432678 30.0 5.391134
47.070204  0.0 6.866735 1.0 6.862198 2.0 6.805673 3.0 6.730050 4.0 6.654625 5.0 6.577956 6.0 6.499089 7.0 6.421480 8.0 6.345327 9.0 6.270801 10.0 6.206263 11.0 6.150523 12.0 6.095668 13.0 6.041826 14.0 5.989076 15.0 5.937457 16.0 5.886983 17.0 5.837639 18.0 5.789392 19.0 5.742178 20.0 5.695614 21.0 5.647485 22.0 5.600300 23.0 5.553973 24.0 5.508435 25.0 5.463637 26.0 5.419552 27.0 5.376180 28.0 5.333560 29.0 5.291776 30.0 5.250955
48.645543  0.0 6.702665 1.0 6.697779 2.0 6.642076 3.0 6.567728 4.0 6.493614 5.0 6.418305 6.0 6.340853 7.0 6.264661 8.0 6.189916 9.0 6.116783 10.0 6.053732 11.0 5.998897 12.0 5.944941 13.0 5.891982 14.0 5.840099 15.0 5.789339 16.0 5.739706 17.0 5.691183 18.0 5.643733 19.0 5.597308 20.0 5.551524 21.0 5.504205 22.0 5.457811 23.0 5.412269 24.0 5.367504 25.0 5.323468 26.0 5.280134 27.0 5.237506 28.0 5.195618 29.0 5.154549 30.0 5.114424
50.273606  0.0 6.542922 1.0 6.537707 2.0 6.482812 3.0 6.409709 4.0 6.336875 5.0 6.262893 6.0 6.186819 7.0 6.112005 8.0 6.038631 9.0 5.966853 10.0 5.905255 11.0 5.851297 12.0 5.798213 13.0 5.746114 14.0 5.695075 15.0 5.645138 16.0 5.596318 17.0 5.548592 18.0 5.501921 19.0 5.456251 20.0 5.411221 21.0 5.364686 22.0 5.319062 23.0 5.274273 24.0 5.230255 25.0 5.186957 26.0 5.144350 27.0 5.102437 28.0 5.061255 29.0 5.020877 30.0 4.981426
51.956156  0.0 6.387374 1.0 6.381852 2.0 6.327750 3.0 6.255865 4.0 6.184281 5.0 6.111592 6.0 6.036860 7.0 5.963390 8.0 5.891354 9.0 5.820898 10.0 5.760717 11.0 5.707600 12.0 5.655359 13.0 5.604094 14.0 5.553874 15.0 5.504740 16.0 5.456700 17.0 5.409744 18.0 5.363826 19.0 5.318894 20.0 5.274586 21.0 5.228808 22.0 5.183928 23.0 5.139871 24.0 5.096572 25.0 5.053984 26.0 5.012080 27.0 4.970859 28.0 4.930358 29.0 4.890647 30.0 4.851843
53.695017  0.0 6.235901 1.0 6.230097 2.0 6.176763 3.0 6.106069 4.0 6.035705 5.0 5.964279 6.0 5.890861 7.0 5.818699 8.0 5.747959 9.0 5.678784 10.0 5.619991 11.0 5.567696 12.0 5.516263 13.0 5.465803 14.0 5.416376 15.0 5.368020 16.0 5.320741 17.0 5.274522 18.0 5.229332 19.0 5.185113 20.0 5.141509 21.0 5.096459 22.0 5.052296 23.0 5.008945 24.0 4.966342 25.0 4.924440 26.0 4.883212 27.0 4.842659 28.0 4.802813 29.0 4.763745 30.0 4.725568
55.492074  0.0 6.088384 1.0 6.082311 2.0 6.029735 3.0 5.960206 4.0 5.891035 5.0 5.820841 6.0 5.748694 7.0 5.677802 8.0 5.608322 9.0 5.540392 10.0 5.482958 11.0 5.431459 12.0 5.380816 13.0 5.331129 14.0 5.282467 15.0 5.234862 16.0 5.188319 17.0 5.142820 18.0 5.098328 19.0 5.054795 20.0 5.011871 21.0 4.967527 22.0 4.924055 23.0 4.881385 24.0 4.839453 25.0 4.798212 26.0 4.757637 27.0 4.717728 28.0 4.678514 29.0 4.640065 30.0 4.602489
57.349275  0.0 5.944698 1.0 5.938373 2.0 5.886548 3.0 5.818156 4.0 5.750147 5.0 5.681150 6.0 5.610241 7.0 5.540584 8.0 5.472330 9.0 5.405610 10.0 5.349504 11.0 5.298775 12.0 5.248896 13.0 5.199964 14.0 5.152039 15.0 5.105156 16.0 5.059324 17.0 5.014519 18.0 4.970707 19.0 4.927836 20.0 4.885565 21.0 4.841902 22.0 4.799099 23.0 4.757085 24.0 4.715799 25.0 4.675196 26.0 4.635250 27.0 4.595959 28.0 4.557356 29.0 4.519503 30.0 4.482505
59.268633  0.0 5.804730 1.0 5.798169 2.0 5.747081 3.0 5.679799 4.0 5.612923 5.0 5.545094 6.0 5.475389 7.0 5.406933 8.0 5.339871 9.0 5.274329 10.0 5.219521 11.0 5.169536 12.0 5.120396 13.0 5.072192 14.0 5.024983 15.0 4.978801 16.0 4.933650 17.0 4.889516 18.0 4.846359 19.0 4.804129 20.0 4.762489 21.0 4.719481 22.0 4.677322 23.0 4.635940 24.0 4.595277 25.0 4.555288 26.0 4.515948 27.0 4.477253 28.0 4.439234 29.0 4.401955 30.0 4.365518
61.252227  0.0 5.668368 1.0 5.661587 2.0 5.611223 3.0 5.545024 4.0 5.479255 5.0 5.412563 6.0 5.344030 7.0 5.276743 8.0 5.210844 9.0 5.146447 10.0 5.092910 11.0 5.043640 12.0 4.995211 13.0 4.947710 14.0 4.901193 15.0 4.855688 16.0 4.811199 17.0 4.767708 18.0 4.725182 19.0 4.683569 20.0 4.642539 21.0 4.600163 22.0 4.558623 23.0 4.517851 24.0 4.477787 25.0 4.438388 26.0 4.399630 27.0 4.361511 28.0 4.324055 29.0 4.287324 30.0 4.251420
63.302208  0.0 5.535506 1.0 5.528522 2.0 5.478867 3.0 5.413726 4.0 5.349036 5.0 5.283452 6.0 5.216061 7.0 5.149916 8.0 5.085142 9.0 5.021853 10.0 4.969562 11.0 4.920986 12.0 4.873243 13.0 4.826418 14.0 4.780568 15.0 4.735716 16.0 4.691865 17.0 4.648997 18.0 4.607079 19.0 4.566060 20.0 4.525616 21.0 4.483849 22.0 4.442904 23.0 4.402718 24.0 4.363233 25.0 4.324401 26.0 4.286201 27.0 4.248631 28.0 4.211718 29.0 4.175520 30.0 4.140126
65.420798  0.0 5.406042 1.0 5.398868 2.0 5.349908 3.0 5.285801 4.0 5.222163 5.0 5.157661 6.0 5.091384 7.0 5.026342 8.0 4.962661 9.0 4.900450 10.0 4.849376 11.0 4.801471 12.0 4.754393 13.0 4.708222 14.0 4.663012 15.0 4.618788 16.0 4.575552 17.0 4.533285 18.0 4.491952 19.0 4.451506 20.0 4.411626 21.0 4.370444 22.0 4.330073 23.0 4.290449 24.0 4.251516 25.0 4.213232 26.0 4.175571 27.0 4.138528 28.0 4.102131 29.0 4.066438 30.0 4.031542
67.610292  0.0 5.279875 1.0 5.272529 2.0 5.224247 3.0 5.161148 4.0 5.098541 5.0 5.035092 6.0 4.969893 7.0 4.905923 8.0 4.843304 9.0 4.782138 10.0 4.732257 11.0 4.684999 12.0 4.638562 13.0 4.593022 14.0 4.548431 15.0 4.504812 16.0 4.462167 17.0 4.420477 18.0 4.379708 19.0 4.339812 20.0 4.300475 21.0 4.259855 22.0 4.220036 23.0 4.180953 24.0 4.142550 25.0 4.104788 26.0 4.067641 27.0 4.031108 28.0 3.995211 29.0 3.960000 30.0 3.925572
69.873063  0.0 5.156912 1.0 5.149406 2.0 5.101787 3.0 5.039678 4.0 4.978070 5.0 4.915645 6.0 4.851493 7.0 4.788565 8.0 4.726977 9.0 4.666827 10.0 4.618112 11.0 4.571478 12.0 4.525658 13.0 4.480727 14.0 4.436732 15.0 4.393696 16.0 4.351620 17.0 4.310485 18.0 4.270258 19.0 4.230891 20.0 4.192074 21.0 4.151993 22.0 4.112702 23.0 4.074138 24.0 4.036248 25.0 3.998986 26.0 3.962331 27.0 3.926281 28.0 3.890858 29.0 3.856117 30.0 3.822140
72.211565  0.0 5.037058 1.0 5.029402 2.0 4.982437 3.0 4.921288 4.0 4.860656 5.0 4.799226 6.0 4.736092 7.0 4.674176 8.0 4.613589 9.0 4.554429 10.0 4.506855 11.0 4.460819 12.0 4.415593 13.0 4.371247 14.0 4.327825 15.0 4.285350 16.0 4.243821 17.0 4.203220 18.0 4.163513 19.0 4.124655 20.0 4.086338 21.0 4.046774 22.0 4.007988 23.0 3.969919 24.0 3.932516 25.0 3.895736 26.0 3.859557 27.0 3.823969 28.0 3.788998 29.0 3.754696 30.0 3.721150
74.628332  0.0 4.920218 1.0 4.912424 2.0 4.866101 3.0 4.805888 4.0 4.746206 5.0 4.685745 6.0 4.623600 7.0 4.562668 8.0 4.503056 9.0 4.444850 10.0 4.398396 11.0 4.352938 12.0 4.308282 13.0 4.264497 14.0 4.221626 15.0 4.179690 16.0 4.138686 17.0 4.098596 18.0 4.059388 19.0 4.021016 20.0 3.983179 21.0 3.944112 22.0 3.905812 23.0 3.868217 24.0 3.831278 25.0 3.794955 26.0 3.759223 27.0 3.724081 28.0 3.689548 29.0 3.655669 30.0 3.622528
77.125983  0.0 4.806306 1.0 4.798384 2.0 4.752689 3.0 4.693390 4.0 4.634633 5.0 4.575115 6.0 4.513931 7.0 4.453957 8.0 4.395286 9.0 4.338007 10.0 4.292649 11.0 4.247746 12.0 4.203639 13.0 4.160394 14.0 4.118052 15.0 4.076632 16.0 4.036132 17.0 3.996534 18.0 3.957803 19.0 3.919896 20.0 3.882516 21.0 3.843922 22.0 3.806084 23.0 3.768946 24.0 3.732455 25.0 3.696568 26.0 3.661264 27.0 3.626540 28.0 3.592417 29.0 3.558942 30.0 3.526195
79.707224  0.0 4.695236 1.0 4.687197 2.0 4.642117 3.0 4.583709 4.0 4.525853 5.0 4.467252 6.0 4.407005 7.0 4.347955 8.0 4.290198 9.0 4.233817 10.0 4.189533 11.0 4.145163 12.0 4.101583 13.0 4.058856 14.0 4.017021 15.0 3.976095 16.0 3.936078 17.0 3.896949 18.0 3.858677 19.0 3.821216 20.0 3.784274 21.0 3.746130 22.0 3.708734 23.0 3.672026 24.0 3.635957 25.0 3.600488 26.0 3.565597 27.0 3.531277 28.0 3.497543 29.0 3.464445 30.0 3.432063
82.374854  0.0 4.586925 1.0 4.578780 2.0 4.534301 3.0 4.476761 4.0 4.419783 5.0 4.362075 6.0 4.302735 7.0 4.244582 8.0 4.187711 9.0 4.132199 10.0 4.088968 11.0 4.045110 12.0 4.002036 13.0 3.959805 14.0 3.918455 15.0 3.878003 16.0 3.838446 17.0 3.799766 18.0 3.761930 19.0 3.724895 20.0 3.688372 21.0 3.650662 22.0 3.613685 23.0 3.577388 24.0 3.541720 25.0 3.506644 26.0 3.472138 27.0 3.438196 28.0 3.404837 29.0 3.372106 30.0 3.340076
85.131765  0.0 4.481293 1.0 4.473051 2.0 4.429160 3.0 4.372466 4.0 4.316343 5.0 4.259506 6.0 4.201043 7.0 4.143760 8.0 4.087747 9.0 4.033079 10.0 3.990878 11.0 3.947511 12.0 3.904920 13.0 3.863164 14.0 3.822279 15.0 3.782280 16.0 3.743163 17.0 3.704911 18.0 3.667490 19.0 3.630860 20.0 3.594733 21.0 3.557431 22.0 3.520855 23.0 3.484950 24.0 3.449668 25.0 3.414970 26.0 3.380828 27.0 3.347243 28.0 3.314231 29.0 3.281837 30.0 3.250133
87.980943  0.0 4.378263 1.0 4.369933 2.0 4.326618 3.0 4.270748 4.0 4.215460 5.0 4.159464 6.0 4.101852 7.0 4.045412 8.0 3.990231 9.0 3.936380 10.0 3.895190 11.0 3.852291 12.0 3.810162 13.0 3.768860 14.0 3.728418 15.0 3.688851 16.0 3.650156 17.0 3.612311 18.0 3.575287 19.0 3.539040 20.0 3.503290 21.0 3.466376 22.0 3.430177 23.0 3.394641 24.0 3.359718 25.0 3.325372 26.0 3.291580 27.0 3.258337 28.0 3.225659 29.0 3.193589 30.0 3.162190
90.925476  0.0 4.277760 1.0 4.269351 2.0 4.226597 3.0 4.171532 4.0 4.117054 5.0 4.061875 6.0 4.005088 7.0 3.949466 8.0 3.895090 9.0 3.842028 10.0 3.801830 11.0 3.759378 12.0 3.717690 13.0 3.676820 14.0 3.636800 15.0 3.597644 16.0 3.559347 17.0 3.521891 18.0 3.485243 19.0 3.449364 20.0 3.413974 21.0 3.377428 22.0 3.341587 23.0 3.306398 24.0 3.271815 25.0 3.237801 26.0 3.204333 27.0 3.171405 28.0 3.139035 29.0 3.107261 30.0 3.076154
93.968558  0.0 4.179709 1.0 4.171232 2.0 4.129025 3.0 4.074744 4.0 4.021053 5.0 3.966668 6.0 3.910680 7.0 3.855850 8.0 3.802253 9.0 3.749954 10.0 3.710727 11.0 3.668702 12.0 3.627435 13.0 3.586976 14.0 3.547358 15.0 3.508592 16.0 3.470674 17.0 3.433585 18.0 3.397293 19.0 3.361758 20.0 3.326704 21.0 3.290504 22.0 3.255001 23.0 3.220142 24.0 3.185881 25.0 3.152181 26.0 3.119021 27.0 3.086394 28.0 3.054315 29.0 3.022818 30.0 2.991976
97.113484  0.0 4.084042 1.0 4.075504 2.0 4.033833 3.0 3.980313 4.0 3.927386 5.0 3.873772 6.0 3.818558 7.0 3.764494 8.0 3.711649 9.0 3.660088 10.0 3.621815 11.0 3.580196 12.0 3.539329 13.0 3.499262 14.0 3.460025 15.0 3.421629 16.0 3.384070 17.0 3.347328 18.0 3.311372 19.0 3.276162 20.0 3.241426 21.0 3.205552 22.0 3.170365 23.0 3.135813 24.0 3.101850 25.0 3.068441 26.0 3.035563 27.0 3.003211 28.0 2.971399 29.0 2.940164 30.0 2.909572
100.363665  0.0 3.990690 1.0 3.982097 2.0 3.940950 3.0 3.888170 4.0 3.835986 5.0 3.783119 6.0 3.728656 7.0 3.675331 8.0 3.623214 9.0 3.572365 10.0 3.535027 11.0 3.493795 12.0 3.453307 13.0 3.413610 14.0 3.374734 15.0 3.336689 16.0 3.299469 17.0 3.263054 18.0 3.227416 19.0 3.192514 20.0 3.158077 21.0 3.122509 22.0 3.087618 23.0 3.053353 24.0 3.019670 25.0 2.986533 26.0 2.953919 27.0 2.921823 28.0 2.890258 29.0 2.859260 30.0 2.828894
103.722622  0.0 3.899586 1.0 3.890944 2.0 3.850309 3.0 3.798247 4.0 3.746786 5.0 3.694643 6.0 3.640906 7.0 3.588295 8.0 3.536881 9.0 3.486719 10.0 3.450300 11.0 3.409432 12.0 3.369302 13.0 3.329955 14.0 3.291419 15.0 3.253703 16.0 3.216801 17.0 3.180694 18.0 3.145352 19.0 3.110735 20.0 3.076576 21.0 3.041292 22.0 3.006675 23.0 2.972676 24.0 2.939250 25.0 2.906363 26.0 2.873992 27.0 2.842132 28.0 2.810794 29.0 2.780016 30.0 2.749857
107.193996  0.0 3.810664 1.0 3.801980 2.0 3.761844 3.0 3.710482 4.0 3.659721 5.0 3.608281 6.0 3.555244 7.0 3.503324 8.0 3.452588 9.0 3.403088 10.0 3.367570 11.0 3.327047 12.0 3.287255 13.0 3.248239 14.0 3.210023 15.0 3.172617 16.0 3.136014 17.0 3.100195 18.0 3.065129 19.0 3.030780 20.0 2.996880 21.0 2.961860 22.0 2.927499 23.0 2.893746 24.0 2.860559 25.0 2.827903 26.0 2.795755 27.0 2.764110 28.0 2.732979 29.0 2.702398 30.0 2.672424
110.781550  0.0 3.723863 1.0 3.715143 2.0 3.675493 3.0 3.624810 4.0 3.574730 5.0 3.523971 6.0 3.471610 7.0 3.420357 8.0 3.370273 9.0 3.321412 10.0 3.286779 11.0 3.246581 12.0 3.207107 13.0 3.168401 14.0 3.130486 15.0 3.093371 16.0 3.057047 17.0 3.021497 18.0 2.986691 19.0 2.952588 20.0 2.918927 21.0 2.884148 22.0 2.850017 23.0 2.816487 24.0 2.783514 25.0 2.751065 26.0 2.719116 27.0 2.687663 28.0 2.656716 29.0 2.626308 30.0 2.596499
114.489171  0.0 3.639121 1.0 3.630371 2.0 3.591196 3.0 3.541172 4.0 3.491752 5.0 3.441652 6.0 3.389943 7.0 3.339333 8.0 3.289878 9.0 3.241631 10.0 3.207867 11.0 3.167974 12.0 3.128800 13.0 3.090385 14.0 3.052750 15.0 3.015902 16.0 2.979835 17.0 2.944531 18.0 2.909960 19.0 2.876084 20.0 2.842643 21.0 2.808086 22.0 2.774170 23.0 2.740845 24.0 2.708070 25.0 2.675810 26.0 2.644045 27.0 2.612766 28.0 2.581982 29.0 2.551726 30.0 2.522057
118.320879  0.0 3.556379 1.0 3.547604 2.0 3.508891 3.0 3.459509 4.0 3.410729 5.0 3.361265 6.0 3.310186 7.0 3.260193 8.0 3.211345 9.0 3.163690 10.0 3.130779 11.0 3.091172 12.0 3.052276 13.0 3.014127 14.0 2.976750 15.0 2.940152 16.0 2.904325 17.0 2.869250 18.0 2.834898 19.0 2.801231 20.0 2.767991 21.0 2.733638 22.0 2.699914 23.0 2.666767 24.0 2.634162 25.0 2.602064 26.0 2.570452 27.0 2.539320 28.0 2.508677 29.0 2.478555 30.0 2.449010
122.280825  0.0 3.475580 1.0 3.466786 2.0 3.428523 3.0 3.379762 4.0 3.331603 5.0 3.282754 6.0 3.232281 7.0 3.182883 8.0 3.134617 9.0 3.087531 10.0 3.055459 11.0 3.016116 12.0 2.977475 13.0 2.939577 14.0 2.902441 15.0 2.866074 16.0 2.830467 17.0 2.795603 18.0 2.761450 19.0 2.727968 20.0 2.694903 21.0 2.660724 22.0 2.627166 23.0 2.594183 24.0 2.561734 25.0 2.529785 26.0 2.498316 27.0 2.467307 28.0 2.436777 29.0 2.406760 30.0 2.377308
126.373303  0.0 3.396669 1.0 3.387861 2.0 3.350035 3.0 3.301877 4.0 3.254318 5.0 3.206063 6.0 3.156174 7.0 3.107348 8.0 3.059642 9.0 3.013098 10.0 2.981851 11.0 2.942752 12.0 2.904351 13.0 2.866683 14.0 2.829768 15.0 2.793613 16.0 2.758202 17.0 2.723521 18.0 2.689541 19.0 2.656228 20.0 2.623325 21.0 2.589308 22.0 2.555905 23.0 2.523058 24.0 2.490732 25.0 2.458898 26.0 2.427535 27.0 2.396636 28.0 2.366211 29.0 2.336288 30.0 2.306905
130.602747  0.0 3.319590 1.0 3.310773 2.0 3.273374 3.0 3.225799 4.0 3.178821 5.0 3.131140 6.0 3.081811 7.0 3.033535 8.0 2.986367 9.0 2.940341 10.0 2.909904 11.0 2.871032 12.0 2.832849 13.0 2.795393 14.0 2.758676 15.0 2.722704 16.0 2.687472 17.0 2.652961 18.0 2.619142 19.0 2.585980 20.0 2.553217 21.0 2.519327 22.0 2.486041 23.0 2.453312 24.0 2.421101 25.0 2.389375 26.0 2.358096 27.0 2.327271 28.0 2.296910 29.0 2.267043 30.0 2.237721
134.973741  0.0 3.244292 1.0 3.235471 2.0 3.198485 3.0 3.151476 4.0 3.105059 5.0 3.057932 6.0 3.009141 7.0 2.961392 8.0 2.914735 9.0 2.869209 10.0 2.839570 11.0 2.800904 12.0 2.762922 13.0 2.725649 14.0 2.689110 15.0 2.653309 16.0 2.618238 17.0 2.583879 18.0 2.550192 19.0 2.517149 20.0 2.484500 21.0 2.450730 22.0 2.417556 23.0 2.384917 24.0 2.352781 25.0 2.321121 26.0 2.289918 27.0 2.259164 28.0 2.228841 29.0 2.199003 30.0 2.169699
139.491024  0.0 3.170724 1.0 3.161903 2.0 3.125319 3.0 3.078857 4.0 3.032983 5.0 2.986389 6.0 2.938112 7.0 2.890870 8.0 2.844701 9.0 2.799654 10.0 2.770798 11.0 2.732320 12.0 2.694510 13.0 2.657406 14.0 2.621028 15.0 2.585380 16.0 2.550443 17.0 2.516202 18.0 2.482632 19.0 2.449701 20.0 2.417155 21.0 2.383469 22.0 2.350363 23.0 2.317799 24.0 2.285736 25.0 2.254122 26.0 2.222950 27.0 2.192219 28.0 2.161937 29.0 2.132107 30.0 2.102794
144.159490  0.0 3.098836 1.0 3.090019 2.0 3.053825 3.0 3.007892 4.0 2.962542 5.0 2.916460 6.0 2.868678 7.0 2.821917 8.0 2.776217 9.0 2.731626 10.0 2.703541 11.0 2.665224 12.0 2.627572 13.0 2.590620 14.0 2.554385 15.0 2.518854 16.0 2.484033 17.0 2.449902 18.0 2.416435 19.0 2.383579 20.0 2.351098 21.0 2.317485 22.0 2.284449 23.0 2.251918 24.0 2.219880 25.0 2.188304 26.0 2.157153 27.0 2.126417 28.0 2.096121 29.0 2.066293 30.0 2.036943
148.984199  0.0 3.028580 1.0 3.019770 2.0 2.983956 3.0 2.938533 4.0 2.893688 5.0 2.848098 6.0 2.800789 7.0 2.754487 8.0 2.709235 9.0 2.665071 10.0 2.637749 11.0 2.599576 12.0 2.562064 13.0 2.525243 14.0 2.489113 15.0 2.453694 16.0 2.418974 17.0 2.384925 18.0 2.351519 19.0 2.318732 20.0 2.286313 21.0 2.252735 22.0 2.219718 23.0 2.187225 24.0 2.155195 25.0 2.123607 26.0 2.092452 27.0 2.061699 28.0 2.031361 29.0 2.001481 30.0 1.972083
153.970382  0.0 2.959909 1.0 2.951110 2.0 2.915663 3.0 2.870733 4.0 2.826376 5.0 2.781257 6.0 2.734401 7.0 2.688534 8.0 2.643709 9.0 2.599951 10.0 2.573377 11.0 2.535331 12.0 2.497940 13.0 2.461215 14.0 2.425187 15.0 2.389859 16.0 2.355203 17.0 2.321214 18.0 2.287869 19.0 2.255120 20.0 2.222717 21.0 2.189168 22.0 2.156160 23.0 2.123648 24.0 2.091615 25.0 2.059997 26.0 2.028793 27.0 1.998006 28.0 1.967596 29.0 1.937635 30.0 1.908152
159.123441  0.0 2.892777 1.0 2.883993 2.0 2.848901 3.0 2.804447 4.0 2.760558 5.0 2.715892 6.0 2.669465 7.0 2.624014 8.0 2.579591 9.0 2.536220 10.0 2.510383 11.0 2.472446 12.0 2.435141 13.0 2.398506 14.0 2.362561 15.0 2.327282 16.0 2.292683 17.0 2.258745 18.0 2.225413 19.0 2.192681 20.0 2.160299 21.0 2.126725 22.0 2.093702 23.0 2.061163 24.0 2.029073 25.0 1.997418 26.0 1.966135 27.0 1.935260 28.0 1.904765 29.0 1.874692 30.0 1.845087
164.448962  0.0 2.827140 1.0 2.818374 2.0 2.783625 3.0 2.739631 4.0 2.696191 5.0 2.651959 6.0 2.605938 7.0 2.560883 8.0 2.516837 9.0 2.473836 10.0 2.448725 11.0 2.410868 12.0 2.373638 13.0 2.337075 14.0 2.301168 15.0 2.265939 16.0 2.231373 17.0 2.197437 18.0 2.164124 19.0 2.131383 20.0 2.098967 21.0 2.065382 22.0 2.032295 23.0 1.999708 24.0 1.967539 25.0 1.935792 26.0 1.904418 27.0 1.873425 28.0 1.842807 29.0 1.812591 30.0 1.782823
169.952717  0.0 2.762954 1.0 2.754209 2.0 2.719793 3.0 2.676240 4.0 2.633231 5.0 2.589415 6.0 2.543778 7.0 2.499100 8.0 2.455408 9.0 2.412751 10.0 2.388360 11.0 2.350559 12.0 2.313390 13.0 2.276859 14.0 2.240990 15.0 2.205781 16.0 2.171211 17.0 2.137284 18.0 2.103937 19.0 2.071169 20.0 2.038713 21.0 2.005053 22.0 1.971906 23.0 1.939215 24.0 1.906956 25.0 1.875082 26.0 1.843584 27.0 1.812441 28.0 1.781661 29.0 1.751270 30.0 1.721298
175.640671  0.0 2.700178 1.0 2.691457 2.0 2.657363 3.0 2.614234 4.0 2.571638 5.0 2.528218 6.0 2.482944 7.0 2.438616 8.0 2.395264 9.0 2.352922 10.0 2.329238 11.0 2.291484 12.0 2.254343 13.0 2.217833 14.0 2.181976 15.0 2.146753 16.0 2.112181 17.0 2.078203 18.0 2.044830 19.0 2.011993 20.0 1.979471 21.0 1.945717 22.0 1.912471 23.0 1.879653 24.0 1.847269 25.0 1.815235 26.0 1.783575 27.0 1.752248 28.0 1.721265 29.0 1.690667 30.0 1.660446
181.518988  0.0 2.638770 1.0 2.630076 2.0 2.596292 3.0 2.553570 4.0 2.511370 5.0 2.468326 6.0 2.423396 7.0 2.379394 8.0 2.336363 9.0 2.294314 10.0 2.271327 11.0 2.233601 12.0 2.196460 13.0 2.159958 14.0 2.124072 15.0 2.088836 16.0 2.054202 17.0 2.020189 18.0 1.986726 19.0 1.953826 20.0 1.921187 21.0 1.887327 22.0 1.853929 23.0 1.820969 24.0 1.788412 25.0 1.756193 26.0 1.724329 27.0 1.692786 28.0 1.661557 29.0 1.630689 30.0 1.600207
187.594040  0.0 2.578690 1.0 2.570026 2.0 2.536541 3.0 2.494208 4.0 2.452387 5.0 2.409698 6.0 2.365094 7.0 2.321397 8.0 2.278654 9.0 2.236890 10.0 2.214591 11.0 2.176854 12.0 2.139711 13.0 2.103169 14.0 2.067261 15.0 2.031954 16.0 1.997272 17.0 1.963156 18.0 1.929615 19.0 1.896585 20.0 1.863833 21.0 1.829817 22.0 1.796247 23.0 1.763105 24.0 1.730338 25.0 1.697898 26.0 1.665787 27.0 1.633991 28.0 1.602475 29.0 1.571288 30.0 1.540471
193.872411  0.0 2.519900 1.0 2.511268 2.0 2.478071 3.0 2.436110 4.0 2.394652 5.0 2.352298 6.0 2.307997 7.0 2.264587 8.0 2.222110 9.0 2.180600 10.0 2.158987 11.0 2.121222 12.0 2.084040 13.0 2.047455 14.0 2.011471 15.0 1.976104 16.0 1.941308 17.0 1.907098 18.0 1.873423 19.0 1.840255 20.0 1.807357 21.0 1.773139 22.0 1.739370 23.0 1.706007 24.0 1.672995 25.0 1.640291 26.0 1.607889 27.0 1.575774 28.0 1.543943 29.0 1.512406 30.0 1.481192
200.360906  0.0 2.462361 1.0 2.453765 2.0 2.420845 3.0 2.379238 4.0 2.338126 5.0 2.296088 6.0 2.252064 7.0 2.208924 8.0 2.166693 9.0 2.125409 10.0 2.104468 11.0 2.066668 12.0 2.029416 13.0 1.992758 14.0 1.956691 15.0 1.921203 16.0 1.886303 17.0 1.851949 18.0 1.818117 19.0 1.784790 20.0 1.751684 21.0 1.717252 22.0 1.683244 23.0 1.649616 24.0 1.616325 25.0 1.583313 26.0 1.550574 27.0 1.518094 28.0 1.485867 29.0 1.453910 30.0 1.422256
207.066557  0.0 2.406037 1.0 2.397479 2.0 2.364825 3.0 2.323555 4.0 2.282770 5.0 2.241031 6.0 2.197263 7.0 2.154362 8.0 2.112366 9.0 2.071287 10.0 2.051010 11.0 2.013132 12.0 1.975812 13.0 1.939044 14.0 1.902857 15.0 1.867252 16.0 1.832191 17.0 1.797668 18.0 1.763661 19.0 1.730126 20.0 1.696791 21.0 1.662103 22.0 1.627814 23.0 1.593877 24.0 1.560248 25.0 1.526891 26.0 1.493776 27.0 1.460883 28.0 1.428210 29.0 1.395769 30.0 1.363595
213.996632  0.0 2.350890 1.0 2.342373 2.0 2.309974 3.0 2.269025 4.0 2.228546 5.0 2.187092 6.0 2.143558 7.0 2.100875 8.0 2.059077 9.0 2.018191 10.0 1.998579 11.0 1.960600 12.0 1.923160 13.0 1.886279 14.0 1.849953 15.0 1.814172 16.0 1.778937 17.0 1.744225 18.0 1.710001 19.0 1.676215 20.0 1.642625 21.0 1.607638 22.0 1.573022 23.0 1.538730 24.0 1.504718 25.0 1.470946 26.0 1.437386 27.0 1.404018 28.0 1.370837 29.0 1.337858 30.0 1.305088
221.158641  0.0 2.296887 1.0 2.288413 2.0 2.256255 3.0 2.215614 4.0 2.175423 5.0 2.134231 6.0 2.090916 7.0 2.048428 8.0 2.006806 9.0 1.966078 10.0 1.947118 11.0 1.909031 12.0 1.871456 13.0 1.834412 14.0 1.797911 15.0 1.761949 16.0 1.726511 17.0 1.691563 18.0 1.657075 19.0 1.623020 20.0 1.589133 21.0 1.553802 22.0 1.518813 23.0 1.484120 24.0 1.449675 25.0 1.415442 26.0 1.381380 27.0 1.347455 28.0 1.313680 29.0 1.280068 30.0 1.246612
228.560347  0.0 2.243993 1.0 2.235564 2.0 2.203635 3.0 2.163286 4.0 2.123366 5.0 2.082412 6.0 2.039291 7.0 1.996984 8.0 1.955521 9.0 1.914927 10.0 1.896612 11.0 1.858373 12.0 1.820637 13.0 1.783420 14.0 1.746725 15.0 1.710538 16.0 1.674845 17.0 1.639629 18.0 1.604856 19.0 1.570489 20.0 1.536261 21.0 1.500540 22.0 1.465132 23.0 1.429988 24.0 1.395038 25.0 1.360257 26.0 1.325620 27.0 1.291088 28.0 1.256631 29.0 1.222297 30.0 1.188043
236.209773  0.0 2.192174 1.0 2.183791 2.0 2.152081 3.0 2.112006 4.0 2.072341 5.0 2.031607 6.0 1.988654 7.0 1.946497 8.0 1.905167 9.0 1.864691 10.0 1.847026 11.0 1.808616 12.0 1.770685 13.0 1.733252 14.0 1.696318 15.0 1.659876 16.0 1.623909 17.0 1.588392 18.0 1.553292 19.0 1.518570 20.0 1.483956 21.0 1.447797 22.0 1.411906 23.0 1.376223 24.0 1.340724 25.0 1.305348 26.0 1.270039 27.0 1.234800 28.0 1.199573 29.0 1.164380 30.0 1.129242
244.115209  0.0 2.141396 1.0 2.133059 2.0 2.101559 3.0 2.061738 4.0 2.022317 5.0 1.981783 6.0 1.938978 7.0 1.896948 8.0 1.855725 9.0 1.815335 10.0 1.798304 11.0 1.759695 12.0 1.721548 13.0 1.683876 14.0 1.646678 15.0 1.609947 16.0 1.573664 17.0 1.537804 18.0 1.502332 19.0 1.467210 20.0 1.432163 21.0 1.395496 22.0 1.359053 23.0 1.322808 24.0 1.286653 25.0 1.250598 26.0 1.214531 27.0 1.178468 28.0 1.142372 29.0 1.106216 30.0 1.070009
252.285223  0.0 2.091629 1.0 2.083339 2.0 2.052039 3.0 2.012454 4.0 1.973253 5.0 1.932907 6.0 1.890229 7.0 1.848305 8.0 1.807168 9.0 1.766840 10.0 1.750439 11.0 1.711603 12.0 1.673207 13.0 1.635263 14.0 1.597767 15.0 1.560705 16.0 1.524063 17.0 1.487815 18.0 1.451925 19.0 1.416357 20.0 1.380815 21.0 1.343573 22.0 1.306540 23.0 1.269602 24.0 1.232743 25.0 1.195898 26.0 1.158980 27.0 1.121975 28.0 1.084844 29.0 1.047565 30.0 1.010125
260.728669  0.0 2.042839 1.0 2.034599 2.0 2.003487 3.0 1.964122 4.0 1.925121 5.0 1.884935 6.0 1.842358 7.0 1.800513 8.0 1.759433 9.0 1.719141 10.0 1.703377 11.0 1.664281 12.0 1.625601 13.0 1.587345 14.0 1.549515 15.0 1.512099 16.0 1.475057 17.0 1.438374 18.0 1.402020 19.0 1.365946 20.0 1.329837 21.0 1.291984 22.0 1.254237 23.0 1.216557 24.0 1.178878 25.0 1.141127 26.0 1.103237 27.0 1.065152 28.0 1.026831 29.0 0.988244 30.0 0.949332
269.454700  0.0 1.994992 1.0 1.986808 2.0 1.955875 3.0 1.916712 4.0 1.877892 5.0 1.837847 6.0 1.795349 7.0 1.753562 8.0 1.712517 9.0 1.672240 10.0 1.657096 11.0 1.617717 12.0 1.578721 13.0 1.540114 14.0 1.501903 15.0 1.464077 16.0 1.426596 17.0 1.389430 18.0 1.352563 19.0 1.315900 20.0 1.279197 21.0 1.240607 22.0 1.202088 23.0 1.163560 24.0 1.124944 25.0 1.086165 26.0 1.047155 27.0 1.007815 28.0 0.968114 29.0 0.927954 30.0 0.887316
278.472772  0.0 1.948061 1.0 1.939936 2.0 1.909166 3.0 1.870193 4.0 1.831537 5.0 1.791613 6.0 1.749173 7.0 1.707415 8.0 1.666370 9.0 1.626066 10.0 1.611557 11.0 1.571849 12.0 1.532505 13.0 1.493526 14.0 1.454889 15.0 1.416607 16.0 1.378630 17.0 1.340932 18.0 1.303468 19.0 1.266190 20.0 1.228769 21.0 1.189387 22.0 1.149991 23.0 1.110497 24.0 1.070826 25.0 1.030859 26.0 0.990535 27.0 0.949733 28.0 0.908381 29.0 0.866387 30.0 0.823636
287.792660  0.0 1.902018 1.0 1.893953 2.0 1.863330 3.0 1.824528 4.0 1.786024 5.0 1.746200 6.0 1.703781 7.0 1.662025 8.0 1.620965 9.0 1.580624 10.0 1.566729 11.0 1.526670 12.0 1.486926 13.0 1.447524 14.0 1.408427 15.0 1.369640 16.0 1.331110 17.0 1.292830 18.0 1.254700 19.0 1.216705 20.0 1.178515 21.0 1.138227 22.0 1.097835 23.0 1.057253 24.0 1.016331 25.0 0.975011 26.0 0.933154 27.0 0.890629 28.0 0.847324 29.0 0.803068 30.0 nan
297.424464  0.0 1.856832 1.0 1.848830 2.0 1.818343 3.0 1.779690 4.0 1.741312 5.0 1.701565 6.0 1.659156 7.0 1.617386 8.0 1.576267 9.0 1.535836 10.0 1.522574 11.0 1.482120 12.0 1.441953 13.0 1.402074 14.0 1.362470 15.0 1.323128 16.0 1.283984 17.0 1.245024 18.0 1.206186 19.0 1.167401 20.0 1.128330 21.0 1.087014 22.0 1.045503 23.0 1.003629 24.0 0.961309 25.0 0.918395 26.0 0.874747 27.0 0.830148 28.0 nan 29.0 nan 30.0 nan
307.378625  0.0 1.812476 1.0 1.804531 2.0 1.774175 3.0 1.735656 4.0 1.697385 5.0 1.657697 6.0 1.615270 7.0 1.573435 8.0 1.532244 9.0 1.491707 10.0 1.479071 11.0 1.438173 12.0 1.397545 13.0 1.357138 14.0 1.316970 15.0 1.277010 16.0 1.237203 17.0 1.197499 18.0 1.157846 19.0 1.118174 20.0 1.078101 21.0 1.035638 22.0 0.992806 23.0 0.949491 24.0 0.905536 25.0 0.860733 26.0 0.814912 27.0 nan 28.0 nan 29.0 nan 30.0 nan
317.665930  0.0 1.768921 1.0 1.761033 2.0 1.730800 3.0 1.692396 4.0 1.654215 5.0 1.614559 6.0 1.572071 7.0 1.530170 8.0 1.488858 9.0 1.448180 10.0 1.436159 11.0 1.394800 12.0 1.353645 13.0 1.312673 14.0 1.271881 15.0 1.231229 16.0 1.190670 17.0 1.150144 18.0 1.109585 19.0 1.068915 20.0 1.027721 21.0 0.983928 22.0 0.939613 23.0 0.894621 24.0 0.848703 25.0 0.801674 26.0 nan 27.0 nan 28.0 nan 29.0 nan 30.0 nan
328.297529  0.0 1.726134 1.0 1.718310 2.0 1.688182 3.0 1.649874 4.0 1.611757 5.0 1.572109 6.0 1.529558 7.0 1.487531 8.0 1.446091 9.0 1.405218 10.0 1.393832 11.0 1.351960 12.0 1.310224 13.0 1.268631 14.0 1.227152 15.0 1.185747 16.0 1.144363 17.0 1.102910 18.0 1.061327 19.0 1.019513 20.0 0.977069 21.0 0.931747 22.0 0.885710 23.0 0.838705 24.0 nan 25.0 nan 26.0 nan 27.0 nan 28.0 nan 29.0 nan 30.0 nan
339.284944  0.0 1.684088 1.0 1.676335 2.0 1.646292 3.0 1.608061 4.0 1.569994 5.0 1.530340 6.0 1.487667 7.0 1.445518 8.0 1.403878 9.0 1.362800 10.0 1.352050 11.0 1.309595 12.0 1.267241 13.0 1.224966 14.0 1.182738 15.0 1.140484 16.0 1.098162 17.0 1.055695 18.0 1.012968 19.0 0.969863 20.0 0.925958 21.0 0.878878 22.0 0.830804 23.0 nan 24.0 nan 25.0 nan 26.0 nan 27.0 nan 28.0 nan 29.0 nan 30.0 nan
350.640085  0.0 1.642760 1.0 1.635082 2.0 1.605112 3.0 1.566941 4.0 1.528905 5.0 1.489198 6.0 1.446402 7.0 1.404056 8.0 1.362213 9.0 1.320885 10.0 1.310752 11.0 1.267684 12.0 1.224652 13.0 1.181625 14.0 1.138543 15.0 1.095377 16.0 1.052018 17.0 1.008392 18.0 0.964367 19.0 0.919796 20.0 0.874215 21.0 0.825082 22.0 nan 23.0 nan 24.0 nan 25.0 nan 26.0 nan 27.0 nan 28.0 nan 29.0 nan 30.0 nan
362.375259  0.0 1.602126 1.0 1.594510 2.0 1.564615 3.0 1.526478 4.0 1.488434 5.0 1.448673 6.0 1.405695 7.0 1.363150 8.0 1.321058 9.0 1.279423 10.0 1.269924 11.0 1.226184 12.0 1.182412 13.0 1.138536 14.0 1.094551 15.0 1.050337 16.0 1.005828 17.0 0.960897 18.0 0.915406 19.0 0.869139 20.0 0.821584 21.0 nan 22.0 nan 23.0 nan 24.0 nan 25.0 nan 26.0 nan 27.0 nan 28.0 nan 29.0 nan 30.0 nan
374.503183  0.0 1.562156 1.0 1.554604 2.0 1.524759 3.0 1.486636 4.0 1.448581 5.0 1.408722 6.0 1.365550 7.0 1.322756 8.0 1.280359 9.0 1.238377 10.0 1.229526 11.0 1.185050 12.0 1.140446 13.0 1.095673 14.0 1.050649 15.0 1.005295 16.0 0.959490 17.0 0.913086 18.0 0.865894 19.0 0.817682 20.0 nan 21.0 nan 22.0 nan 23.0 nan 24.0 nan 25.0 nan 26.0 nan 27.0 nan 28.0 nan 29.0 nan 30.0 nan
387.037004  0.0 1.522811 1.0 1.515341 2.0 1.485527 3.0 1.447407 4.0 1.409300 5.0 1.369326 6.0 1.325906 7.0 1.282820 8.0 1.240087 9.0 1.197714 10.0 1.189514 11.0 1.144240 12.0 1.098727 13.0 1.052943 14.0 1.006789 15.0 0.960149 16.0 0.912880 17.0 0.864793 18.0 0.815627 19.0 nan 20.0 nan 21.0 nan 22.0 nan 23.0 nan 24.0 nan 25.0 nan 26.0 nan 27.0 nan 28.0 nan 29.0 nan 30.0 nan
399.990304  0.0 1.484082 1.0 1.476689 2.0 1.446901 3.0 1.408742 4.0 1.370571 5.0 1.330438 6.0 1.286744 7.0 1.243328 8.0 1.200207 9.0 1.157389 10.0 1.149847 11.0 1.103690 12.0 1.057207 13.0 1.010304 14.0 0.962873 15.0 0.914800 16.0 0.865853 17.0 0.815808 18.0 nan 19.0 nan 20.0 nan 21.0 nan 22.0 nan 23.0 nan 24.0 nan 25.0 nan 26.0 nan 27.0 nan 28.0 nan 29.0 nan 30.0 nan
413.377123  0.0 1.445944 1.0 1.438612 2.0 1.408831 3.0 1.370627 4.0 1.332358 5.0 1.292053 6.0 1.248037 7.0 1.204240 8.0 1.160677 9.0 1.117351 10.0 1.110482 11.0 1.063356 12.0 1.015778 13.0 0.967653 14.0 0.918801 15.0 0.869076 16.0 0.818237 17.0 nan 18.0 nan 19.0 nan 20.0 nan 21.0 nan 22.0 nan 23.0 nan 24.0 nan 25.0 nan 26.0 nan 27.0 nan 28.0 nan 29.0 nan 30.0 nan
427.211971  0.0 1.408346 1.0 1.401102 2.0 1.371310 3.0 1.333028 4.0 1.294641 5.0 1.254107 6.0 1.209741 7.0 1.165514 8.0 1.121455 9.0 1.077544 10.0 1.071376 11.0 1.023201 12.0 0.974410 13.0 0.924908 14.0 0.874472 15.0 0.822867 16.0 nan 17.0 nan 18.0 nan 19.0 nan 20.0 nan 21.0 nan 22.0 nan 23.0 nan 24.0 nan 25.0 nan 26.0 nan 27.0 nan 28.0 nan 29.0 nan 30.0 nan
441.509842  0.0 1.371287 1.0 1.364120 2.0 1.334304 3.0 1.295918 4.0 1.257371 5.0 1.216588 6.0 1.171811 7.0 1.127109 8.0 1.082498 9.0 1.037934 10.0 1.032468 11.0 0.983121 12.0 0.933014 13.0 0.881953 14.0 0.829711 15.0 nan 16.0 nan 17.0 nan 18.0 nan 19.0 nan 20.0 nan 21.0 nan 22.0 nan 23.0 nan 24.0 nan 25.0 nan 26.0 nan 27.0 nan 28.0 nan 29.0 nan 30.0 nan
456.286231  0.0 1.334734 1.0 1.327640 2.0 1.297780 3.0 1.259264 4.0 1.220541 5.0 1.179465 6.0 1.134224 7.0 1.088983 8.0 1.043742 9.0 0.998459 10.0 0.993702 11.0 0.943088 12.0 0.891492 13.0 0.838697 14.0 nan 15.0 nan 16.0 nan 17.0 nan 18.0 nan 19.0 nan 20.0 nan 21.0 nan 22.0 nan 23.0 nan 24.0 nan 25.0 nan 26.0 nan 27.0 nan 28.0 nan 29.0 nan 30.0 nan
471.557155  0.0 1.298649 1.0 1.291648 2.0 1.261722 3.0 1.223053 4.0 1.184103 5.0 1.142699 6.0 1.096938 7.0 1.051093 8.0 1.005142 9.0 0.959043 10.0 0.955039 11.0 0.903008 12.0 0.849749 13.0 nan 14.0 nan 15.0 nan 16.0 nan 17.0 nan 18.0 nan 19.0 nan 20.0 nan 21.0 nan 22.0 nan 23.0 nan 24.0 nan 25.0 nan 26.0 nan 27.0 nan 28.0 nan 29.0 nan 30.0 nan
487.339164  0.0 1.263026 1.0 1.256092 2.0 1.226089 3.0 1.187221 4.0 1.148022 5.0 1.106247 6.0 1.059913 7.0 1.013396 8.0 0.966662 9.0 0.919624 10.0 0.916391 11.0 0.862788 12.0 0.807674 13.0 nan 14.0 nan 15.0 nan 16.0 nan 17.0 nan 18.0 nan 19.0 nan 20.0 nan 21.0 nan 22.0 nan 23.0 nan 24.0 nan 25.0 nan 26.0 nan 27.0 nan 28.0 nan 29.0 nan 30.0 nan
503.649363  0.0 1.227811 1.0 1.220972 2.0 1.190857 3.0 1.151768 4.0 1.112276 5.0 1.070074 6.0 1.023107 7.0 0.975828 8.0 0.928197 9.0 0.880127 10.0 0.877690 11.0 0.822333 12.0 nan 13.0 nan 14.0 nan 15.0 nan 16.0 nan 17.0 nan 18.0 nan 19.0 nan 20.0 nan 21.0 nan 22.0 nan 23.0 nan 24.0 nan 25.0 nan 26.0 nan 27.0 nan 28.0 nan 29.0 nan 30.0 nan
520.505430  0.0 1.193000 1.0 1.186237 2.0 1.156010 3.0 1.116657 4.0 1.076825 5.0 1.034145 6.0 0.986453 7.0 0.938335 8.0 0.889707 9.0 0.840460 10.0 0.838861 11.0 nan 12.0 nan 13.0 nan 14.0 nan 15.0 nan 16.0 nan 17.0 nan 18.0 nan 19.0 nan 20.0 nan 21.0 nan 22.0 nan 23.0 nan 24.0 nan 25.0 nan 26.0 nan 27.0 nan 28.0 nan 29.0 nan 30.0 nan
537.925633  0.0 1.158552 1.0 1.151872 2.0 1.121486 3.0 1.081846 4.0 1.041631 5.0 0.998404 6.0 0.949920 7.0 0.900858 8.0 0.851107 9.0 0.800528 10.0 nan 11.0 nan 12.0 nan 13.0 nan 14.0 nan 15.0 nan 16.0 nan 17.0 nan 18.0 nan 19.0 nan 20.0 nan 21.0 nan 22.0 nan 23.0 nan 24.0 nan 25.0 nan 26.0 nan 27.0 nan 28.0 nan 29.0 nan 30.0 nan
555.928853  0.0 1.124434 1.0 1.117853 2.0 1.087278 3.0 1.047296 4.0 1.006654 5.0 0.962816 6.0 0.913458 7.0 0.863331 8.0 0.812304 9.0 nan 10.0 nan 11.0 nan 12.0 nan 13.0 nan 14.0 nan 15.0 nan 16.0 nan 17.0 nan 18.0 nan 19.0 nan 20.0 nan 21.0 nan 22.0 nan 23.0 nan 24.0 nan 25.0 nan 26.0 nan 27.0 nan 28.0 nan 29.0 nan 30.0 nan
574.534602  0.0 1.090631 1.0 1.084125 2.0 1.053350 3.0 1.012980 4.0 0.971852 5.0 0.927339 6.0 0.876981 7.0 0.825664 8.0 nan 9.0 nan 10.0 nan 11.0 nan 12.0 nan 13.0 nan 14.0 nan 15.0 nan 16.0 nan 17.0 nan 18.0 nan 19.0 nan 20.0 nan 21.0 nan 22.0 nan 23.0 nan 24.0 nan 25.0 nan 26.0 nan 27.0 nan 28.0 nan 29.0 nan 30.0 nan
593.763046  0.0 1.057106 1.0 1.050674 2.0 1.019666 3.0 0.978858 4.0 0.937186 5.0 0.891906 6.0 0.840433 7.0 nan 8.0 nan 9.0 nan 10.0 nan 11.0 nan 12.0 nan 13.0 nan 14.0 nan 15.0 nan 16.0 nan 17.0 nan 18.0 nan 19.0 nan 20.0 nan 21.0 nan 22.0 nan 23.0 nan 24.0 nan 25.0 nan 26.0 nan 27.0 nan 28.0 nan 29.0 nan 30.0 nan
613.635024  0.0 1.023813 1.0 1.017468 2.0 0.986187 3.0 0.944884 4.0 0.902595 5.0 0.856467 6.0 0.803738 7.0 nan 8.0 nan 9.0 nan 10.0 nan 11.0 nan 12.0 nan 13.0 nan 14.0 nan 15.0 nan 16.0 nan 17.0 nan 18.0 nan 19.0 nan 20.0 nan 21.0 nan 22.0 nan 23.0 nan 24.0 nan 25.0 nan 26.0 nan 27.0 nan 28.0 nan 29.0 nan 30.0 nan
634.172075  0.0 0.990728 1.0 0.984469 2.0 0.952873 3.0 0.911006 4.0 0.868029 5.0 0.820935 6.0 nan 7.0 nan 8.0 nan 9.0 nan 10.0 nan 11.0 nan 12.0 nan 13.0 nan 14.0 nan 15.0 nan 16.0 nan 17.0 nan 18.0 nan 19.0 nan 20.0 nan 21.0 nan 22.0 nan 23.0 nan 24.0 nan 25.0 nan 26.0 nan 27.0 nan 28.0 nan 29.0 nan 30.0 nan
655.396458  0.0 0.957818 1.0 0.951640 2.0 0.919686 3.0 0.877195 4.0 0.833432 5.0 nan 6.0 nan 7.0 nan 8.0 nan 9.0 nan 10.0 nan 11.0 nan 12.0 nan 13.0 nan 14.0 nan 15.0 nan 16.0 nan 17.0 nan 18.0 nan 19.0 nan 20.0 nan 21.0 nan 22.0 nan 23.0 nan 24.0 nan 25.0 nan 26.0 nan 27.0 nan 28.0 nan 29.0 nan 30.0 nan
677.331175  0.0 0.925044 1.0 0.918941 2.0 0.886587 3.0 0.843383 4.0 nan 5.0 nan 6.0 nan 7.0 nan 8.0 nan 9.0 nan 10.0 nan 11.0 nan 12.0 nan 13.0 nan 14.0 nan 15.0 nan 16.0 nan 17.0 nan 18.0 nan 19.0 nan 20.0 nan 21.0 nan 22.0 nan 23.0 nan 24.0 nan 25.0 nan 26.0 nan 27.0 nan 28.0 nan 29.0 nan 30.0 nan
700.000000  0.0 0.892349 1.0 0.886336 2.0 0.853516 3.0 0.809520 4.0 nan 5.0 nan 6.0 nan 7.0 nan 8.0 nan 9.0 nan 10.0 nan 11.0 nan 12.0 nan 13.0 nan 14.0 nan 15.0 nan 16.0 nan 17.0 nan 18.0 nan 19.0 nan 20.0 nan 21.0 nan 22.0 nan 23.0 nan 24.0 nan 25.0 nan 26.0 nan 27.0 nan 28.0 nan 29.0 nan 30.0 nan
