0.010000  0.0 0.141123 1.0 0.160659 2.0 0.178262 3.0 0.194162 4.0 0.208561 5.0 0.221638 6.0 0.233554 7.0 0.244446 8.0 0.254434 9.0 0.263621 10.0 0.272101 11.0 0.279950 12.0 0.287236 13.0 0.294013 14.0 0.300328 15.0 0.306223 16.0 0.311729 17.0 0.316873 18.0 0.321674 19.0 0.326152 20.0 0.330321 21.0 0.334194 22.0 0.337780 23.0 0.341090 24.0 0.344133 25.0 0.346923 26.0 0.349469 27.0 0.351789 28.0 0.353900 29.0 0.355825 30.0 0.357590
0.010577  0.0 0.141744 1.0 0.161364 2.0 0.179041 3.0 0.195008 4.0 0.209468 5.0 0.222602 6.0 0.234567 7.0 0.245504 8.0 0.255532 9.0 0.264760 10.0 0.273275 11.0 0.281156 12.0 0.288472 13.0 0.295277 14.0 0.301619 15.0 0.307538 16.0 0.313067 17.0 0.318229 18.0 0.323052 19.0 0.327549 20.0 0.331735 21.0 0.335622 22.0 0.339222 23.0 0.342546 24.0 0.345601 25.0 0.348401 26.0 0.350958 27.0 0.353287 28.0 0.355406 29.0 0.357338 30.0 0.359112
0.011187  0.0 0.142370 1.0 0.162074 2.0 0.179828 3.0 0.195862 4.0 0.210383 5.0 0.223572 6.0 0.235589 7.0 0.246571 8.0 0.256642 9.0 0.265908 10.0 0.274458 11.0 0.282373 12.0 0.289719 13.0 0.296552 14.0 0.302921 15.0 0.308864 16.0 0.314415 17.0 0.319600 18.0 0.324440 19.0 0.328956 20.0 0.333159 21.0 0.337062 22.0 0.340678 23.0 0.344014 24.0 0.347083 25.0 0.349893 26.0 0.352460 27.0 0.354797 28.0 0.356926 29.0 0.358867 30.0 0.360647
0.011832  0.0 0.143001 1.0 0.162790 2.0 0.180620 3.0 0.196724 4.0 0.211307 5.0 0.224551 6.0 0.236618 7.0 0.247647 8.0 0.257762 9.0 0.267065 10.0 0.275652 11.0 0.283600 12.0 0.290976 13.0 0.297838 14.0 0.304233 15.0 0.310201 16.0 0.315775 17.0 0.320982 18.0 0.325843 19.0 0.330375 20.0 0.334596 21.0 0.338516 22.0 0.342145 23.0 0.345495 24.0 0.348575 25.0 0.351399 26.0 0.353976 27.0 0.356323 28.0 0.358459 29.0 0.360407 30.0 0.362193
0.012514  0.0 0.143638 1.0 0.163513 2.0 0.181420 3.0 0.197592 4.0 0.212238 5.0 0.225540 6.0 0.237658 7.0 0.248733 8.0 0.258889 9.0 0.268234 10.0 0.276857 11.0 0.284837 12.0 0.292245 13.0 0.299136 14.0 0.305558 15.0 0.311550 16.0 0.317148 17.0 0.322374 18.0 0.327257 19.0 0.331809 20.0 0.336046 21.0 0.339982 22.0 0.343625 23.0 0.346990 24.0 0.350082 25.0 0.352915 26.0 0.355504 27.0 0.357860 28.0 0.360005 29.0 0.361959 30.0 0.363755
0.013235  0.0 0.144281 1.0 0.164243 2.0 0.182227 3.0 0.198469 4.0 0.213177 5.0 0.226536 6.0 0.238706 7.0 0.249830 8.0 0.260029 9.0 0.269412 10.0 0.278071 11.0 0.286087 12.0 0.293526 13.0 0.300444 14.0 0.306894 15.0 0.312912 16.0 0.318531 17.0 0.323781 18.0 0.328682 19.0 0.333253 20.0 0.337508 21.0 0.341459 22.0 0.345120 23.0 0.348496 24.0 0.351603 25.0 0.354447 26.0 0.357045 27.0 0.359411 28.0 0.361565 29.0 0.363529 30.0 0.365330
0.013999  0.0 0.144929 1.0 0.164979 2.0 0.183041 3.0 0.199354 4.0 0.214126 5.0 0.227541 6.0 0.239764 7.0 0.250935 8.0 0.261178 9.0 0.270601 10.0 0.279297 11.0 0.287346 12.0 0.294816 13.0 0.301765 14.0 0.308240 15.0 0.314284 16.0 0.319928 17.0 0.325200 18.0 0.330122 19.0 0.334711 20.0 0.338983 21.0 0.342952 22.0 0.346626 23.0 0.350017 24.0 0.353135 25.0 0.355993 26.0 0.358601 27.0 0.360977 28.0 0.363139 29.0 0.365110 30.0 0.366917
0.014806  0.0 0.145583 1.0 0.165721 2.0 0.183862 3.0 0.200246 4.0 0.215082 5.0 0.228556 6.0 0.240831 7.0 0.252050 8.0 0.262337 9.0 0.271801 10.0 0.280534 11.0 0.288617 12.0 0.296119 13.0 0.303098 14.0 0.309601 15.0 0.315669 16.0 0.321337 17.0 0.326630 18.0 0.331574 19.0 0.336182 20.0 0.340473 21.0 0.344457 22.0 0.348145 23.0 0.351552 24.0 0.354682 25.0 0.357550 26.0 0.360170 27.0 0.362556 28.0 0.364726 29.0 0.366704 30.0 0.368521
0.015659  0.0 0.146244 1.0 0.166471 2.0 0.184692 3.0 0.201146 4.0 0.216047 5.0 0.229580 6.0 0.241908 7.0 0.253176 8.0 0.263507 9.0 0.273011 10.0 0.281781 11.0 0.289900 12.0 0.297434 13.0 0.304441 14.0 0.310973 15.0 0.317067 16.0 0.322759 17.0 0.328075 18.0 0.333037 19.0 0.337666 20.0 0.341974 21.0 0.345974 22.0 0.349680 23.0 0.353099 24.0 0.356244 25.0 0.359123 26.0 0.361752 27.0 0.364147 28.0 0.366328 29.0 0.368315 30.0 0.370138
0.016562  0.0 0.146910 1.0 0.167227 2.0 0.185528 3.0 0.202056 4.0 0.217021 5.0 0.230612 6.0 0.242994 7.0 0.254311 8.0 0.264687 9.0 0.274231 10.0 0.283040 11.0 0.291194 12.0 0.298760 13.0 0.305797 14.0 0.312356 15.0 0.318477 16.0 0.324192 17.0 0.329532 18.0 0.334515 19.0 0.339162 20.0 0.343489 21.0 0.347507 22.0 0.351228 23.0 0.354660 24.0 0.357818 25.0 0.360710 26.0 0.363351 27.0 0.365756 28.0 0.367945 29.0 0.369940 30.0 0.371769
0.017518  0.0 0.147582 1.0 0.167989 2.0 0.186372 3.0 0.202973 4.0 0.218004 5.0 0.231655 6.0 0.244090 7.0 0.255455 8.0 0.265878 9.0 0.275465 10.0 0.284311 11.0 0.292498 12.0 0.300097 13.0 0.307167 14.0 0.313753 15.0 0.319900 16.0 0.325640 17.0 0.331001 18.0 0.336007 19.0 0.340674 20.0 0.345019 21.0 0.349053 22.0 0.352788 23.0 0.356237 24.0 0.359406 25.0 0.362310 26.0 0.364963 27.0 0.367378 28.0 0.369575 29.0 0.371577 30.0 0.373415
0.018528  0.0 0.148261 1.0 0.168759 2.0 0.187224 3.0 0.203897 4.0 0.218995 5.0 0.232707 6.0 0.245198 7.0 0.256613 8.0 0.267079 9.0 0.276708 10.0 0.285593 11.0 0.293817 12.0 0.301449 13.0 0.308547 14.0 0.315163 15.0 0.321336 16.0 0.327101 17.0 0.332484 18.0 0.337511 19.0 0.342198 20.0 0.346561 21.0 0.350612 22.0 0.354364 23.0 0.357826 24.0 0.361010 25.0 0.363926 26.0 0.366587 27.0 0.369012 28.0 0.371219 29.0 0.373232 30.0 0.375077
0.019596  0.0 0.148946 1.0 0.169537 2.0 0.188084 3.0 0.204832 4.0 0.219996 5.0 0.233768 6.0 0.246314 7.0 0.257779 8.0 0.268292 9.0 0.277962 10.0 0.286885 11.0 0.295146 12.0 0.302811 13.0 0.309940 14.0 0.316585 15.0 0.322785 16.0 0.328573 17.0 0.333982 18.0 0.339029 19.0 0.343735 20.0 0.348117 21.0 0.352187 22.0 0.355955 23.0 0.359430 24.0 0.362628 25.0 0.365557 26.0 0.368230 27.0 0.370665 28.0 0.372881 29.0 0.374901 30.0 0.376753
0.020726  0.0 0.149637 1.0 0.170320 2.0 0.188951 3.0 0.205775 4.0 0.221007 5.0 0.234839 6.0 0.247440 7.0 0.258956 8.0 0.269516 9.0 0.279229 10.0 0.288192 11.0 0.296487 12.0 0.304185 13.0 0.311347 14.0 0.318019 15.0 0.324246 16.0 0.330061 17.0 0.335492 18.0 0.340562 19.0 0.345289 20.0 0.349689 21.0 0.353776 22.0 0.357558 23.0 0.361050 24.0 0.364259 25.0 0.367201 26.0 0.369886 27.0 0.372332 28.0 0.374557 29.0 0.376584 30.0 0.378443
0.021921  0.0 0.150335 1.0 0.171112 2.0 0.189826 3.0 0.206725 4.0 0.222026 5.0 0.235921 6.0 0.248578 7.0 0.260145 8.0 0.270750 9.0 0.280507 10.0 0.289509 11.0 0.297842 12.0 0.305574 13.0 0.312767 14.0 0.319469 15.0 0.325722 16.0 0.331562 17.0 0.337015 18.0 0.342108 19.0 0.346856 20.0 0.351275 21.0 0.355378 22.0 0.359178 23.0 0.362684 24.0 0.365908 25.0 0.368860 26.0 0.371557 27.0 0.374012 28.0 0.376246 29.0 0.378283 30.0 0.380152
0.023185  0.0 0.151039 1.0 0.171911 2.0 0.190711 3.0 0.207685 4.0 0.223054 5.0 0.237012 6.0 0.249726 7.0 0.261345 8.0 0.271997 9.0 0.281797 10.0 0.290838 11.0 0.299209 12.0 0.306975 13.0 0.314198 14.0 0.320931 15.0 0.327212 16.0 0.333076 17.0 0.338555 18.0 0.343667 19.0 0.348436 20.0 0.352874 21.0 0.356996 22.0 0.360813 23.0 0.364332 24.0 0.367571 25.0 0.370537 26.0 0.373244 27.0 0.375710 28.0 0.377954 29.0 0.380000 30.0 0.381875
0.024522  0.0 0.151750 1.0 0.172718 2.0 0.191603 3.0 0.208655 4.0 0.224094 5.0 0.238113 6.0 0.250884 7.0 0.262555 8.0 0.273256 9.0 0.283098 10.0 0.292181 11.0 0.300587 12.0 0.308388 13.0 0.315644 14.0 0.322405 15.0 0.328714 16.0 0.334605 17.0 0.340108 18.0 0.345244 19.0 0.350032 20.0 0.354490 21.0 0.358629 22.0 0.362461 23.0 0.365998 24.0 0.369249 25.0 0.372228 26.0 0.374948 27.0 0.377424 28.0 0.379677 29.0 0.381730 30.0 0.383612
0.025936  0.0 0.152467 1.0 0.173531 2.0 0.192503 3.0 0.209633 4.0 0.225142 5.0 0.239225 6.0 0.252053 7.0 0.263776 8.0 0.274525 9.0 0.284413 10.0 0.293536 11.0 0.301979 12.0 0.309815 13.0 0.317104 14.0 0.323895 15.0 0.330231 16.0 0.336149 17.0 0.341674 18.0 0.346834 19.0 0.351644 20.0 0.356121 21.0 0.360277 22.0 0.364125 23.0 0.367678 24.0 0.370943 25.0 0.373934 26.0 0.376665 27.0 0.379152 28.0 0.381415 29.0 0.383476 30.0 0.385369
0.027432  0.0 0.153192 1.0 0.174353 2.0 0.193412 3.0 0.210620 4.0 0.226200 5.0 0.240347 6.0 0.253234 7.0 0.265010 8.0 0.275807 9.0 0.285739 10.0 0.294903 11.0 0.303385 12.0 0.311256 13.0 0.318576 14.0 0.325399 15.0 0.331763 16.0 0.337706 17.0 0.343257 18.0 0.348438 19.0 0.353269 20.0 0.357765 21.0 0.361940 22.0 0.365807 23.0 0.369373 24.0 0.372654 25.0 0.375658 26.0 0.378400 27.0 0.380897 28.0 0.383170 29.0 0.385242 30.0 0.387141
0.029013  0.0 0.153923 1.0 0.175183 2.0 0.194330 3.0 0.211617 4.0 0.227268 5.0 0.241480 6.0 0.254425 7.0 0.266255 8.0 0.277102 9.0 0.287077 10.0 0.296282 11.0 0.304804 12.0 0.312710 13.0 0.320063 14.0 0.326915 15.0 0.333309 16.0 0.339278 17.0 0.344854 18.0 0.350058 19.0 0.354909 20.0 0.359426 21.0 0.363621 22.0 0.367503 23.0 0.371085 24.0 0.374380 25.0 0.377397 26.0 0.380152 27.0 0.382660 28.0 0.384943 29.0 0.387022 30.0 0.388929
0.030686  0.0 0.154661 1.0 0.176021 2.0 0.195257 3.0 0.212624 4.0 0.228347 5.0 0.242622 6.0 0.255627 7.0 0.267511 8.0 0.278408 9.0 0.288430 10.0 0.297677 11.0 0.306235 12.0 0.314177 13.0 0.321565 14.0 0.328446 15.0 0.334869 16.0 0.340866 17.0 0.346466 18.0 0.351694 19.0 0.356568 20.0 0.361104 21.0 0.365316 22.0 0.369215 23.0 0.372814 24.0 0.376121 25.0 0.379153 26.0 0.381920 27.0 0.384439 28.0 0.386731 29.0 0.388819 30.0 0.390734
0.032456  0.0 0.155407 1.0 0.176866 2.0 0.196191 3.0 0.213640 4.0 0.229435 5.0 0.243778 6.0 0.256842 7.0 0.268780 8.0 0.279726 9.0 0.289795 10.0 0.299084 11.0 0.307681 12.0 0.315659 13.0 0.323080 14.0 0.329994 15.0 0.336445 16.0 0.342469 17.0 0.348093 18.0 0.353345 19.0 0.358241 20.0 0.362797 21.0 0.367027 22.0 0.370944 23.0 0.374559 24.0 0.377882 25.0 0.380924 26.0 0.383703 27.0 0.386233 28.0 0.388535 29.0 0.390634 30.0 0.392558
0.034327  0.0 0.156160 1.0 0.177720 2.0 0.197136 3.0 0.214665 4.0 0.230534 5.0 0.244944 6.0 0.258069 7.0 0.270062 8.0 0.281058 9.0 0.291172 10.0 0.300503 11.0 0.309141 12.0 0.317156 13.0 0.324609 14.0 0.331556 15.0 0.338036 16.0 0.344086 17.0 0.349737 18.0 0.355010 19.0 0.359929 20.0 0.364505 21.0 0.368755 22.0 0.372691 23.0 0.376319 24.0 0.379658 25.0 0.382715 26.0 0.385506 27.0 0.388047 28.0 0.390360 29.0 0.392467 30.0 0.394398
0.036307  0.0 0.156920 1.0 0.178583 2.0 0.198090 3.0 0.215701 4.0 0.231644 5.0 0.246121 6.0 0.259306 7.0 0.271356 8.0 0.282403 9.0 0.292562 10.0 0.301937 11.0 0.310615 12.0 0.318666 13.0 0.326154 14.0 0.333131 15.0 0.339641 16.0 0.345719 17.0 0.351397 18.0 0.356695 19.0 0.361634 20.0 0.366231 21.0 0.370501 22.0 0.374453 23.0 0.378099 24.0 0.381451 25.0 0.384523 26.0 0.387326 27.0 0.389879 28.0 0.392201 29.0 0.394317 30.0 0.396255
0.038400  0.0 0.157687 1.0 0.179453 2.0 0.199053 3.0 0.216747 4.0 0.232765 5.0 0.247308 6.0 0.260555 7.0 0.272661 8.0 0.283760 9.0 0.293968 10.0 0.303386 11.0 0.312102 12.0 0.320190 13.0 0.327715 14.0 0.334723 15.0 0.341263 16.0 0.347370 17.0 0.353071 18.0 0.358395 19.0 0.363357 20.0 0.367975 21.0 0.372263 22.0 0.376231 23.0 0.379896 24.0 0.383262 25.0 0.386346 26.0 0.389163 27.0 0.391727 28.0 0.394059 29.0 0.396183 30.0 0.398133
0.040614  0.0 0.158462 1.0 0.180331 2.0 0.200025 3.0 0.217803 4.0 0.233897 5.0 0.248509 6.0 0.261818 7.0 0.273980 8.0 0.285129 9.0 0.295387 10.0 0.304848 11.0 0.313605 12.0 0.321732 13.0 0.329290 14.0 0.336331 15.0 0.342901 16.0 0.349036 17.0 0.354763 18.0 0.360110 19.0 0.365095 20.0 0.369734 21.0 0.374041 22.0 0.378029 23.0 0.381709 24.0 0.385092 25.0 0.388189 26.0 0.391016 27.0 0.393592 28.0 0.395935 29.0 0.398071 30.0 0.400029
0.042956  0.0 0.159245 1.0 0.181220 2.0 0.201007 3.0 0.218869 4.0 0.235039 5.0 0.249721 6.0 0.263093 7.0 0.275312 8.0 0.286514 9.0 0.296819 10.0 0.306324 11.0 0.315123 12.0 0.323287 13.0 0.330879 14.0 0.337955 15.0 0.344555 16.0 0.350717 17.0 0.356472 18.0 0.361842 19.0 0.366850 20.0 0.371510 21.0 0.375838 22.0 0.379845 23.0 0.383539 24.0 0.386938 25.0 0.390051 26.0 0.392891 27.0 0.395478 28.0 0.397832 29.0 0.399977 30.0 0.401942
0.045433  0.0 0.160036 1.0 0.182117 2.0 0.201999 3.0 0.219947 4.0 0.236193 5.0 0.250945 6.0 0.264380 7.0 0.276657 8.0 0.287913 9.0 0.298264 10.0 0.307815 11.0 0.316655 12.0 0.324858 13.0 0.332486 14.0 0.339593 15.0 0.346224 16.0 0.352415 17.0 0.358198 18.0 0.363593 19.0 0.368624 20.0 0.373305 21.0 0.377653 22.0 0.381677 23.0 0.385390 24.0 0.388802 25.0 0.391930 26.0 0.394784 27.0 0.397383 28.0 0.399746 29.0 0.401900 30.0 0.403873
0.048053  0.0 0.160834 1.0 0.183022 2.0 0.203001 3.0 0.221035 4.0 0.237360 5.0 0.252180 6.0 0.265679 7.0 0.278015 8.0 0.289324 9.0 0.299726 10.0 0.309322 11.0 0.318202 12.0 0.326443 13.0 0.334109 14.0 0.341249 15.0 0.347911 16.0 0.354132 17.0 0.359939 18.0 0.365361 19.0 0.370415 20.0 0.375119 21.0 0.379486 22.0 0.383527 23.0 0.387258 24.0 0.390686 25.0 0.393827 26.0 0.396694 27.0 0.399305 28.0 0.401679 29.0 0.403842 30.0 0.405827
0.050824  0.0 0.161640 1.0 0.183936 2.0 0.204012 3.0 0.222133 4.0 0.238537 5.0 0.253429 6.0 0.266993 7.0 0.279387 8.0 0.290749 9.0 0.301202 10.0 0.310843 11.0 0.319766 12.0 0.328046 13.0 0.335747 14.0 0.342922 15.0 0.349615 16.0 0.355865 17.0 0.361699 18.0 0.367146 19.0 0.372224 20.0 0.376949 21.0 0.381335 22.0 0.385398 23.0 0.389145 24.0 0.392590 25.0 0.395744 26.0 0.398623 27.0 0.401246 28.0 0.403632 29.0 0.405806 30.0 0.407799
0.053755  0.0 0.162455 1.0 0.184860 2.0 0.205033 3.0 0.223243 4.0 0.239725 5.0 0.254690 6.0 0.268320 7.0 0.280773 8.0 0.292190 9.0 0.302692 10.0 0.312378 11.0 0.321345 12.0 0.329665 13.0 0.337401 14.0 0.344611 15.0 0.351336 16.0 0.357614 17.0 0.363478 18.0 0.368948 19.0 0.374050 20.0 0.378797 21.0 0.383205 22.0 0.387287 23.0 0.391049 24.0 0.394512 25.0 0.397682 26.0 0.400575 27.0 0.403209 28.0 0.405606 29.0 0.407790 30.0 0.409790
0.056854  0.0 0.163278 1.0 0.185794 2.0 0.206066 3.0 0.224364 4.0 0.240926 5.0 0.255964 6.0 0.269659 7.0 0.282173 8.0 0.293645 9.0 0.304196 10.0 0.313929 11.0 0.322940 12.0 0.331299 13.0 0.339073 14.0 0.346316 15.0 0.353073 16.0 0.359382 17.0 0.365274 18.0 0.370771 19.0 0.375896 20.0 0.380666 21.0 0.385095 22.0 0.389194 23.0 0.392976 24.0 0.396452 25.0 0.399638 26.0 0.402545 27.0 0.405192 28.0 0.407599 29.0 0.409792 30.0 0.411801
0.060133  0.0 0.164109 1.0 0.186737 2.0 0.207109 3.0 0.225497 4.0 0.242140 5.0 0.257250 6.0 0.271012 7.0 0.283586 8.0 0.295115 9.0 0.305717 10.0 0.315498 11.0 0.324550 12.0 0.332949 13.0 0.340762 14.0 0.348039 15.0 0.354829 16.0 0.361169 17.0 0.367087 18.0 0.372612 19.0 0.377762 20.0 0.382554 21.0 0.387003 22.0 0.391120 23.0 0.394922 24.0 0.398414 25.0 0.401613 26.0 0.404534 27.0 0.407193 28.0 0.409612 29.0 0.411814 30.0 0.413835
0.063600  0.0 0.164949 1.0 0.187689 2.0 0.208162 3.0 0.226641 4.0 0.243366 5.0 0.258550 6.0 0.272378 7.0 0.285014 8.0 0.296599 9.0 0.307254 10.0 0.317082 11.0 0.326178 12.0 0.334618 13.0 0.342468 14.0 0.349781 15.0 0.356604 16.0 0.362973 17.0 0.368919 18.0 0.374471 19.0 0.379645 20.0 0.384460 21.0 0.388930 22.0 0.393069 23.0 0.396887 24.0 0.400397 25.0 0.403610 26.0 0.406543 27.0 0.409215 28.0 0.411645 29.0 0.413860 30.0 0.415890
0.067268  0.0 0.165797 1.0 0.188651 2.0 0.209225 3.0 0.227796 4.0 0.244604 5.0 0.259863 6.0 0.273760 7.0 0.286458 8.0 0.298098 9.0 0.308806 10.0 0.318681 11.0 0.327823 12.0 0.336305 13.0 0.344192 14.0 0.351541 15.0 0.358396 16.0 0.364796 17.0 0.370772 18.0 0.376348 19.0 0.381548 20.0 0.386386 21.0 0.390877 22.0 0.395037 23.0 0.398871 24.0 0.402399 25.0 0.405629 26.0 0.408576 27.0 0.411260 28.0 0.413702 29.0 0.415927 30.0 0.417965
0.071146  0.0 0.166655 1.0 0.189624 2.0 0.210301 3.0 0.228963 4.0 0.245854 5.0 0.261190 6.0 0.275156 7.0 0.287917 8.0 0.299614 9.0 0.310373 10.0 0.320297 11.0 0.329484 12.0 0.338007 13.0 0.345932 14.0 0.353318 15.0 0.360207 16.0 0.366637 17.0 0.372644 18.0 0.378247 19.0 0.383470 20.0 0.388332 21.0 0.392847 22.0 0.397025 23.0 0.400879 24.0 0.404422 25.0 0.407668 26.0 0.410630 27.0 0.413327 28.0 0.415780 29.0 0.418015 30.0 0.420061
0.075249  0.0 0.167521 1.0 0.190606 2.0 0.211388 3.0 0.230144 4.0 0.247119 5.0 0.262530 6.0 0.276566 7.0 0.289390 8.0 0.301146 9.0 0.311957 10.0 0.321931 11.0 0.331163 12.0 0.339728 13.0 0.347693 14.0 0.355113 15.0 0.362035 16.0 0.368499 17.0 0.374534 18.0 0.380166 19.0 0.385415 20.0 0.390300 21.0 0.394836 22.0 0.399033 23.0 0.402907 24.0 0.406465 25.0 0.409728 26.0 0.412704 27.0 0.415414 28.0 0.417879 29.0 0.420123 30.0 0.422181
0.079588  0.0 0.168397 1.0 0.191599 2.0 0.212486 3.0 0.231336 4.0 0.248397 5.0 0.263884 6.0 0.277990 7.0 0.290878 8.0 0.302693 9.0 0.313559 10.0 0.323582 11.0 0.332858 12.0 0.341465 13.0 0.349472 14.0 0.356928 15.0 0.363885 16.0 0.370381 17.0 0.376444 18.0 0.382104 19.0 0.387380 20.0 0.392288 21.0 0.396845 22.0 0.401063 23.0 0.404956 24.0 0.408533 25.0 0.411808 26.0 0.414800 27.0 0.417523 28.0 0.419999 29.0 0.422256 30.0 0.424324
0.084177  0.0 0.169281 1.0 0.192602 2.0 0.213595 3.0 0.232541 4.0 0.249688 5.0 0.265253 6.0 0.279429 7.0 0.292382 8.0 0.304256 9.0 0.315178 10.0 0.325250 11.0 0.334573 12.0 0.343224 13.0 0.351269 14.0 0.358763 15.0 0.365755 16.0 0.372282 17.0 0.378375 18.0 0.384062 19.0 0.389364 20.0 0.394297 21.0 0.398876 22.0 0.403116 23.0 0.407027 24.0 0.410623 25.0 0.413914 26.0 0.416919 27.0 0.419655 28.0 0.422144 29.0 0.424412 30.0 0.426490
0.089031  0.0 0.170174 1.0 0.193615 2.0 0.214715 3.0 0.233758 4.0 0.250992 5.0 0.266637 6.0 0.280885 7.0 0.293903 8.0 0.305836 9.0 0.316813 10.0 0.326935 11.0 0.336306 12.0 0.345000 13.0 0.353084 14.0 0.360617 15.0 0.367644 16.0 0.374202 17.0 0.380327 18.0 0.386041 19.0 0.391369 20.0 0.396326 21.0 0.400929 22.0 0.405191 23.0 0.409119 24.0 0.412734 25.0 0.416042 26.0 0.419062 27.0 0.421811 28.0 0.424313 29.0 0.426591 30.0 0.428678
0.094165  0.0 0.171078 1.0 0.194640 2.0 0.215848 3.0 0.234988 4.0 0.252310 5.0 0.268035 6.0 0.282356 7.0 0.295440 8.0 0.307434 9.0 0.318465 10.0 0.328638 11.0 0.338057 12.0 0.346795 13.0 0.354919 14.0 0.362491 15.0 0.369552 16.0 0.376144 17.0 0.382300 18.0 0.388044 19.0 0.393397 20.0 0.398379 21.0 0.403006 22.0 0.407287 23.0 0.411236 24.0 0.414867 25.0 0.418193 26.0 0.421228 27.0 0.423991 28.0 0.426504 29.0 0.428793 30.0 0.430889
0.099595  0.0 0.171992 1.0 0.195676 2.0 0.216994 3.0 0.236232 4.0 0.253642 5.0 0.269448 6.0 0.283842 7.0 0.296992 8.0 0.309048 9.0 0.320134 10.0 0.330360 11.0 0.339827 12.0 0.348609 13.0 0.356776 14.0 0.364384 15.0 0.371481 16.0 0.378108 17.0 0.384294 18.0 0.390067 19.0 0.395448 20.0 0.400455 21.0 0.405104 22.0 0.409406 23.0 0.413376 24.0 0.417023 25.0 0.420366 26.0 0.423417 27.0 0.426194 28.0 0.428719 29.0 0.431019 30.0 0.433127
0.105338  0.0 0.172915 1.0 0.196723 2.0 0.218151 3.0 0.237489 4.0 0.254990 5.0 0.270875 6.0 0.285343 7.0 0.298562 8.0 0.310679 9.0 0.321824 10.0 0.332102 11.0 0.341615 12.0 0.350442 13.0 0.358653 14.0 0.366299 15.0 0.373433 16.0 0.380093 17.0 0.386309 18.0 0.392113 19.0 0.397521 20.0 0.402553 21.0 0.407225 22.0 0.411548 23.0 0.415539 24.0 0.419206 25.0 0.422563 26.0 0.425629 27.0 0.428420 28.0 0.430957 29.0 0.433270 30.0 0.435390
0.111412  0.0 0.173848 1.0 0.197780 2.0 0.219321 3.0 0.238760 4.0 0.256352 5.0 0.272319 6.0 0.286861 7.0 0.300148 8.0 0.312328 9.0 0.323531 10.0 0.333862 11.0 0.343424 12.0 0.352297 13.0 0.360549 14.0 0.368235 15.0 0.375406 16.0 0.382099 17.0 0.388347 18.0 0.394180 19.0 0.399616 20.0 0.404674 21.0 0.409369 22.0 0.413716 23.0 0.417726 24.0 0.421412 25.0 0.424786 26.0 0.427866 27.0 0.430671 28.0 0.433223 29.0 0.435548 30.0 0.437677
0.117836  0.0 0.174791 1.0 0.198850 2.0 0.220504 3.0 0.240044 4.0 0.257728 5.0 0.273779 6.0 0.288397 7.0 0.301753 8.0 0.313995 9.0 0.325257 10.0 0.335640 11.0 0.345254 12.0 0.354173 13.0 0.362466 14.0 0.370193 15.0 0.377400 16.0 0.384128 17.0 0.390409 18.0 0.396270 19.0 0.401734 20.0 0.406818 21.0 0.411537 22.0 0.415908 23.0 0.419936 24.0 0.423642 25.0 0.427035 26.0 0.430131 27.0 0.432950 28.0 0.435514 29.0 0.437851 30.0 0.439990
0.124631  0.0 0.175744 1.0 0.199930 2.0 0.221699 3.0 0.241343 4.0 0.259119 5.0 0.275255 6.0 0.289950 7.0 0.303375 8.0 0.315682 9.0 0.327001 10.0 0.337439 11.0 0.347103 12.0 0.356068 13.0 0.364404 14.0 0.372172 15.0 0.379416 16.0 0.386178 17.0 0.392494 18.0 0.398385 19.0 0.403876 20.0 0.408986 21.0 0.413732 22.0 0.418123 23.0 0.422173 24.0 0.425897 25.0 0.429308 26.0 0.432420 27.0 0.435254 28.0 0.437831 29.0 0.440179 30.0 0.442328
0.131817  0.0 0.176709 1.0 0.201024 2.0 0.222908 3.0 0.242655 4.0 0.260525 5.0 0.276747 6.0 0.291519 7.0 0.305015 8.0 0.317387 9.0 0.328765 10.0 0.339257 11.0 0.348972 12.0 0.357985 13.0 0.366364 14.0 0.374172 15.0 0.381455 16.0 0.388253 17.0 0.394601 18.0 0.400524 19.0 0.406044 20.0 0.411181 21.0 0.415950 22.0 0.420363 23.0 0.424436 24.0 0.428177 25.0 0.431606 26.0 0.434735 27.0 0.437584 28.0 0.440174 29.0 0.442533 30.0 0.444694
0.139418  0.0 0.177684 1.0 0.202130 2.0 0.224131 3.0 0.243983 4.0 0.261948 5.0 0.278255 6.0 0.293106 7.0 0.306673 8.0 0.319111 9.0 0.330548 10.0 0.341097 11.0 0.350862 12.0 0.359922 13.0 0.368348 14.0 0.376195 15.0 0.383516 16.0 0.390352 17.0 0.396732 18.0 0.402687 19.0 0.408236 20.0 0.413400 21.0 0.418193 22.0 0.422628 23.0 0.426724 24.0 0.430485 25.0 0.433931 26.0 0.437077 27.0 0.439940 28.0 0.442543 29.0 0.444914 30.0 0.447089
0.147457  0.0 0.178670 1.0 0.203248 2.0 0.225367 3.0 0.245326 4.0 0.263387 5.0 0.279780 6.0 0.294710 7.0 0.308350 8.0 0.320854 9.0 0.332353 10.0 0.342957 11.0 0.352773 12.0 0.361882 13.0 0.370353 14.0 0.378243 15.0 0.385603 16.0 0.392474 17.0 0.398887 18.0 0.404874 19.0 0.410453 20.0 0.415644 21.0 0.420462 22.0 0.424922 23.0 0.429038 24.0 0.432820 25.0 0.436282 26.0 0.439444 27.0 0.442323 28.0 0.444940 29.0 0.447326 30.0 0.449511
0.155960  0.0 0.179667 1.0 0.204378 2.0 0.226617 3.0 0.246684 4.0 0.264842 5.0 0.281323 6.0 0.296332 7.0 0.310045 8.0 0.322616 9.0 0.334179 10.0 0.344839 11.0 0.354708 12.0 0.363865 13.0 0.372381 14.0 0.380314 15.0 0.387713 16.0 0.394621 17.0 0.401068 18.0 0.407086 19.0 0.412695 20.0 0.417913 21.0 0.422757 22.0 0.427242 23.0 0.431379 24.0 0.435182 25.0 0.438664 26.0 0.441841 27.0 0.444735 28.0 0.447367 29.0 0.449765 30.0 0.451962
0.164953  0.0 0.180675 1.0 0.205521 2.0 0.227881 3.0 0.248056 4.0 0.266313 5.0 0.282883 6.0 0.297974 7.0 0.311761 8.0 0.324399 9.0 0.336024 10.0 0.346741 11.0 0.356665 12.0 0.365872 13.0 0.374433 14.0 0.382409 15.0 0.389848 16.0 0.396792 17.0 0.403275 18.0 0.409324 19.0 0.414963 20.0 0.420209 21.0 0.425080 22.0 0.429590 23.0 0.433747 24.0 0.437571 25.0 0.441072 26.0 0.444267 27.0 0.447177 28.0 0.449823 29.0 0.452233 30.0 0.454441
0.174465  0.0 0.181694 1.0 0.206677 2.0 0.229159 3.0 0.249445 4.0 0.267800 5.0 0.284462 6.0 0.299634 7.0 0.313496 8.0 0.326203 9.0 0.337891 10.0 0.348666 11.0 0.358644 12.0 0.367901 13.0 0.376507 14.0 0.384527 15.0 0.392007 16.0 0.398988 17.0 0.405508 18.0 0.411589 19.0 0.417258 20.0 0.422532 21.0 0.427431 22.0 0.431964 23.0 0.436144 24.0 0.439989 25.0 0.443509 26.0 0.446722 27.0 0.449647 28.0 0.452308 29.0 0.454731 30.0 0.456949
0.184525  0.0 0.182725 1.0 0.207845 2.0 0.230451 3.0 0.250849 4.0 0.269305 5.0 0.286058 6.0 0.301314 7.0 0.315252 8.0 0.328028 9.0 0.339779 10.0 0.350612 11.0 0.360646 12.0 0.369953 13.0 0.378606 14.0 0.386671 15.0 0.394191 16.0 0.401210 17.0 0.407766 18.0 0.413881 19.0 0.419581 20.0 0.424885 21.0 0.429810 22.0 0.434367 23.0 0.438571 24.0 0.442435 25.0 0.445975 26.0 0.449206 27.0 0.452147 28.0 0.454822 29.0 0.457258 30.0 0.459487
0.195165  0.0 0.183768 1.0 0.209029 2.0 0.231760 3.0 0.252269 4.0 0.270827 5.0 0.287673 6.0 0.303012 7.0 0.317027 8.0 0.329874 9.0 0.341689 10.0 0.352582 11.0 0.362671 12.0 0.372030 13.0 0.380732 14.0 0.388839 15.0 0.396401 16.0 0.403461 17.0 0.410052 18.0 0.416201 19.0 0.421932 20.0 0.427265 21.0 0.432217 22.0 0.436798 23.0 0.441027 24.0 0.444910 25.0 0.448471 26.0 0.451720 27.0 0.454677 28.0 0.457366 29.0 0.459815 30.0 0.462060
0.206419  0.0 0.184824 1.0 0.210225 2.0 0.233083 3.0 0.253706 4.0 0.272367 5.0 0.289306 6.0 0.304731 7.0 0.318823 8.0 0.331742 9.0 0.343622 10.0 0.354576 11.0 0.364720 12.0 0.374131 13.0 0.382883 14.0 0.391033 15.0 0.398638 16.0 0.405738 17.0 0.412365 18.0 0.418549 19.0 0.424312 20.0 0.429675 21.0 0.434653 22.0 0.439259 23.0 0.443512 24.0 0.447418 25.0 0.450997 26.0 0.454264 27.0 0.457238 28.0 0.459942 29.0 0.462405 30.0 0.464663
0.218322  0.0 0.185891 1.0 0.211436 2.0 0.234422 3.0 0.255161 4.0 0.273926 5.0 0.290958 6.0 0.306469 7.0 0.320641 8.0 0.333632 9.0 0.345579 10.0 0.356594 11.0 0.366793 12.0 0.376257 13.0 0.385059 14.0 0.393256 15.0 0.400903 16.0 0.408043 17.0 0.414705 18.0 0.420925 19.0 0.426721 20.0 0.432113 21.0 0.437119 22.0 0.441752 23.0 0.446028 24.0 0.449957 25.0 0.453554 26.0 0.456840 27.0 0.459830 28.0 0.462549 29.0 0.465028 30.0 0.467299
0.230911  0.0 0.186972 1.0 0.212661 2.0 0.235777 3.0 0.256632 4.0 0.275503 5.0 0.292630 6.0 0.308229 7.0 0.322480 8.0 0.335544 9.0 0.347560 10.0 0.358636 11.0 0.368892 12.0 0.378410 13.0 0.387262 14.0 0.395506 15.0 0.403196 16.0 0.410375 17.0 0.417074 18.0 0.423330 19.0 0.429158 20.0 0.434581 21.0 0.439615 22.0 0.444276 23.0 0.448575 24.0 0.452527 25.0 0.456145 26.0 0.459448 27.0 0.462455 28.0 0.465192 29.0 0.467685 30.0 0.469968
0.244226  0.0 0.188065 1.0 0.213900 2.0 0.237147 3.0 0.258121 4.0 0.277099 5.0 0.294323 6.0 0.310009 7.0 0.324340 8.0 0.337479 9.0 0.349564 10.0 0.360702 11.0 0.371018 12.0 0.380590 13.0 0.389491 14.0 0.397782 15.0 0.405517 16.0 0.412736 17.0 0.419475 18.0 0.425764 19.0 0.431627 20.0 0.437080 21.0 0.442142 22.0 0.446831 23.0 0.451154 24.0 0.455130 25.0 0.458769 26.0 0.462091 27.0 0.465116 28.0 0.467868 29.0 0.470375 30.0 0.472670
0.258309  0.0 0.189170 1.0 0.215154 2.0 0.238534 3.0 0.259628 4.0 0.278713 5.0 0.296036 6.0 0.311812 7.0 0.326225 8.0 0.339438 9.0 0.351592 10.0 0.362794 11.0 0.373169 12.0 0.382796 13.0 0.391748 14.0 0.400087 15.0 0.407866 16.0 0.415126 17.0 0.421905 18.0 0.428229 19.0 0.434125 20.0 0.439610 21.0 0.444703 22.0 0.449418 23.0 0.453765 24.0 0.457765 25.0 0.461426 26.0 0.464767 27.0 0.467810 28.0 0.470578 29.0 0.473099 30.0 0.475407
0.273204  0.0 0.190289 1.0 0.216423 2.0 0.239937 3.0 0.261152 4.0 0.280348 5.0 0.297770 6.0 0.313636 7.0 0.328133 8.0 0.341421 9.0 0.353646 10.0 0.364911 11.0 0.375347 12.0 0.385029 13.0 0.394032 14.0 0.402421 15.0 0.410245 16.0 0.417547 17.0 0.424366 18.0 0.430726 19.0 0.436656 20.0 0.442172 21.0 0.447296 22.0 0.452039 23.0 0.456411 24.0 0.460434 25.0 0.464117 26.0 0.467478 27.0 0.470539 28.0 0.473323 29.0 0.475858 30.0 0.478180
0.288957  0.0 0.191422 1.0 0.217707 2.0 0.241358 3.0 0.262695 4.0 0.282002 5.0 0.299525 6.0 0.315483 7.0 0.330064 8.0 0.343429 9.0 0.355724 10.0 0.367054 11.0 0.377552 12.0 0.387291 13.0 0.396345 14.0 0.404784 15.0 0.412653 16.0 0.419998 17.0 0.426858 18.0 0.433255 19.0 0.439219 20.0 0.444769 21.0 0.449923 22.0 0.454693 23.0 0.459092 24.0 0.463137 25.0 0.466842 26.0 0.470224 27.0 0.473303 28.0 0.476103 29.0 0.478654 30.0 0.480989
0.305619  0.0 0.192568 1.0 0.219007 2.0 0.242795 3.0 0.264257 4.0 0.283676 5.0 0.301302 6.0 0.317353 7.0 0.332018 8.0 0.345463 9.0 0.357829 10.0 0.369224 11.0 0.379784 12.0 0.389581 13.0 0.398688 14.0 0.407176 15.0 0.415093 16.0 0.422480 17.0 0.429381 18.0 0.435818 19.0 0.441817 20.0 0.447399 21.0 0.452584 22.0 0.457382 23.0 0.461808 24.0 0.465876 25.0 0.469604 26.0 0.473006 27.0 0.476104 28.0 0.478921 29.0 0.481487 30.0 0.483835
0.323242  0.0 0.193728 1.0 0.220322 2.0 0.244250 3.0 0.265838 4.0 0.285370 5.0 0.303100 6.0 0.319246 7.0 0.333998 8.0 0.347521 9.0 0.359960 10.0 0.371422 11.0 0.382045 12.0 0.391899 13.0 0.401062 14.0 0.409600 15.0 0.417563 16.0 0.424996 17.0 0.431938 18.0 0.438413 19.0 0.444448 20.0 0.450064 21.0 0.455280 22.0 0.460106 23.0 0.464559 24.0 0.468651 25.0 0.472402 26.0 0.475825 27.0 0.478942 28.0 0.481776 29.0 0.484357 30.0 0.486721
0.341881  0.0 0.194903 1.0 0.221654 2.0 0.245724 3.0 0.267439 4.0 0.287086 5.0 0.304921 6.0 0.321162 7.0 0.336002 8.0 0.349606 9.0 0.362118 10.0 0.373649 11.0 0.384335 12.0 0.394248 13.0 0.403467 14.0 0.412055 15.0 0.420066 16.0 0.427545 17.0 0.434528 18.0 0.441043 19.0 0.447115 20.0 0.452765 21.0 0.458012 22.0 0.462866 23.0 0.467348 24.0 0.471464 25.0 0.475238 26.0 0.478683 27.0 0.481818 28.0 0.484670 29.0 0.487267 30.0 0.489647
0.361595  0.0 0.196092 1.0 0.223003 2.0 0.247216 3.0 0.269060 4.0 0.288824 5.0 0.306765 6.0 0.323103 7.0 0.338031 8.0 0.351717 9.0 0.364304 10.0 0.375904 11.0 0.386654 12.0 0.396628 13.0 0.405903 14.0 0.414542 15.0 0.422602 16.0 0.430128 17.0 0.437152 18.0 0.443708 19.0 0.449816 20.0 0.455501 21.0 0.460780 22.0 0.465664 23.0 0.470174 24.0 0.474316 25.0 0.478113 26.0 0.481579 27.0 0.484734 28.0 0.487604 29.0 0.490217 30.0 0.492613
0.382446  0.0 0.197296 1.0 0.224369 2.0 0.248727 3.0 0.270701 4.0 0.290584 5.0 0.308632 6.0 0.325069 7.0 0.340087 8.0 0.353856 9.0 0.366519 10.0 0.378189 11.0 0.389004 12.0 0.399038 13.0 0.408371 14.0 0.417063 15.0 0.425173 16.0 0.432745 17.0 0.439812 18.0 0.446408 19.0 0.452555 20.0 0.458275 21.0 0.463586 22.0 0.468500 23.0 0.473039 24.0 0.477207 25.0 0.481027 26.0 0.484515 27.0 0.487691 28.0 0.490578 29.0 0.493209 30.0 0.495621
0.404499  0.0 0.198515 1.0 0.225751 2.0 0.250256 3.0 0.272364 4.0 0.292366 5.0 0.310523 6.0 0.327060 7.0 0.342169 8.0 0.356022 9.0 0.368763 10.0 0.380504 11.0 0.391385 12.0 0.401481 13.0 0.410872 14.0 0.419618 15.0 0.427778 16.0 0.435397 17.0 0.442508 18.0 0.449145 19.0 0.455331 20.0 0.461086 21.0 0.466431 22.0 0.471376 23.0 0.475943 24.0 0.480139 25.0 0.483982 26.0 0.487492 27.0 0.490688 28.0 0.493595 29.0 0.496243 30.0 0.498671
0.427823  0.0 0.199750 1.0 0.227152 2.0 0.251806 3.0 0.274047 4.0 0.294172 5.0 0.312439 6.0 0.329077 7.0 0.344279 8.0 0.358217 9.0 0.371037 10.0 0.382850 11.0 0.393797 12.0 0.403956 13.0 0.413406 14.0 0.422207 15.0 0.430419 16.0 0.438085 17.0 0.445240 18.0 0.451920 19.0 0.458145 20.0 0.463937 21.0 0.469315 22.0 0.474293 23.0 0.478889 24.0 0.483111 25.0 0.486978 26.0 0.490512 27.0 0.493729 28.0 0.496654 29.0 0.499321 30.0 0.501764
0.452493  0.0 0.201001 1.0 0.228570 2.0 0.253375 3.0 0.275753 4.0 0.296001 5.0 0.314380 6.0 0.331120 7.0 0.346416 8.0 0.360441 9.0 0.373341 10.0 0.385227 11.0 0.396242 12.0 0.406465 13.0 0.415976 14.0 0.424832 15.0 0.433096 16.0 0.440811 17.0 0.448011 18.0 0.454734 19.0 0.460998 20.0 0.466827 21.0 0.472240 22.0 0.477250 23.0 0.481876 24.0 0.486126 25.0 0.490019 26.0 0.493575 27.0 0.496813 28.0 0.499758 29.0 0.502443 30.0 0.504903
0.478584  0.0 0.202267 1.0 0.230006 2.0 0.254964 3.0 0.277481 4.0 0.297854 5.0 0.316346 6.0 0.333190 7.0 0.348582 8.0 0.362695 9.0 0.375676 10.0 0.387636 11.0 0.398721 12.0 0.409010 13.0 0.418580 14.0 0.427494 15.0 0.435810 16.0 0.443575 17.0 0.450821 18.0 0.457587 19.0 0.463892 20.0 0.469759 21.0 0.475207 22.0 0.480251 23.0 0.484906 24.0 0.489185 25.0 0.493103 26.0 0.496683 27.0 0.499943 28.0 0.502907 29.0 0.505611 30.0 0.508087
0.506181  0.0 0.203550 1.0 0.231462 2.0 0.256575 3.0 0.279231 4.0 0.299731 5.0 0.318339 6.0 0.335289 7.0 0.350777 8.0 0.364979 9.0 0.378044 10.0 0.390078 11.0 0.401234 12.0 0.411589 13.0 0.421221 14.0 0.430192 15.0 0.438563 16.0 0.446377 17.0 0.453670 18.0 0.460481 19.0 0.466827 20.0 0.472733 21.0 0.478217 22.0 0.483294 23.0 0.487980 24.0 0.492288 25.0 0.496233 26.0 0.499836 27.0 0.503118 28.0 0.506104 29.0 0.508826 30.0 0.511319
0.535369  0.0 0.204849 1.0 0.232936 2.0 0.258206 3.0 0.281005 4.0 0.301633 5.0 0.320358 6.0 0.337415 7.0 0.353002 8.0 0.367295 9.0 0.380443 10.0 0.392554 11.0 0.403782 12.0 0.414204 13.0 0.423899 14.0 0.432929 15.0 0.441354 16.0 0.449220 17.0 0.456561 18.0 0.463417 19.0 0.469806 20.0 0.475750 21.0 0.481271 22.0 0.486382 23.0 0.491100 24.0 0.495437 25.0 0.499409 26.0 0.503037 27.0 0.506342 28.0 0.509348 29.0 0.512090 30.0 0.514600
0.566240  0.0 0.206166 1.0 0.234429 2.0 0.259859 3.0 0.282802 4.0 0.303561 5.0 0.322405 6.0 0.339571 7.0 0.355258 8.0 0.369643 9.0 0.382876 10.0 0.395064 11.0 0.406366 12.0 0.416857 13.0 0.426615 14.0 0.435705 15.0 0.444186 16.0 0.452104 17.0 0.459494 18.0 0.466396 19.0 0.472827 20.0 0.478812 21.0 0.484370 22.0 0.489517 23.0 0.494267 24.0 0.498634 25.0 0.502633 26.0 0.506286 27.0 0.509614 28.0 0.512642 29.0 0.515403 30.0 0.517931
0.598891  0.0 0.207500 1.0 0.235943 2.0 0.261534 3.0 0.284623 4.0 0.305515 5.0 0.324480 6.0 0.341756 7.0 0.357545 8.0 0.372023 9.0 0.385344 10.0 0.397610 11.0 0.408987 12.0 0.419547 13.0 0.429370 14.0 0.438521 15.0 0.447059 16.0 0.455031 17.0 0.462471 18.0 0.469419 19.0 0.475894 20.0 0.481920 21.0 0.487516 22.0 0.492698 23.0 0.497481 24.0 0.501879 25.0 0.505906 26.0 0.509585 27.0 0.512937 28.0 0.515987 29.0 0.518768 30.0 0.521314
0.633424  0.0 0.208852 1.0 0.237477 2.0 0.263232 3.0 0.286469 4.0 0.307496 5.0 0.326583 6.0 0.343972 7.0 0.359864 8.0 0.374438 9.0 0.387846 10.0 0.400193 11.0 0.411645 12.0 0.422276 13.0 0.432166 14.0 0.441378 15.0 0.449974 16.0 0.458001 17.0 0.465491 18.0 0.472488 19.0 0.479007 20.0 0.485075 21.0 0.490710 22.0 0.495928 23.0 0.500745 24.0 0.505174 25.0 0.509230 26.0 0.512936 27.0 0.516312 28.0 0.519383 29.0 0.522185 30.0 0.524751
0.669949  0.0 0.210222 1.0 0.239031 2.0 0.264953 3.0 0.288341 4.0 0.309504 5.0 0.328716 6.0 0.346219 7.0 0.362216 8.0 0.376887 9.0 0.390384 10.0 0.402813 11.0 0.414342 12.0 0.425045 13.0 0.435003 14.0 0.444278 15.0 0.452933 16.0 0.461015 17.0 0.468558 18.0 0.475603 19.0 0.482168 20.0 0.488278 21.0 0.493953 22.0 0.499209 23.0 0.504060 24.0 0.508521 25.0 0.512606 26.0 0.516340 27.0 0.519741 28.0 0.522835 29.0 0.525657 30.0 0.528242
0.708581  0.0 0.211610 1.0 0.240607 2.0 0.266697 3.0 0.290238 4.0 0.311540 5.0 0.330879 6.0 0.348498 7.0 0.364602 8.0 0.379371 9.0 0.392959 10.0 0.405471 11.0 0.417079 12.0 0.427856 13.0 0.437882 14.0 0.447222 15.0 0.455937 16.0 0.464076 17.0 0.471672 18.0 0.478766 19.0 0.485378 20.0 0.491531 21.0 0.497248 22.0 0.502540 23.0 0.507428 24.0 0.511921 25.0 0.516036 26.0 0.519798 27.0 0.523225 28.0 0.526342 29.0 0.529185 30.0 0.531790
0.749439  0.0 0.213018 1.0 0.242204 2.0 0.268466 3.0 0.292162 4.0 0.313605 5.0 0.333073 6.0 0.350810 7.0 0.367022 8.0 0.381891 9.0 0.395572 10.0 0.408168 11.0 0.419857 12.0 0.430708 13.0 0.440805 14.0 0.450210 15.0 0.458987 16.0 0.467183 17.0 0.474834 18.0 0.481979 19.0 0.488638 20.0 0.494836 21.0 0.500594 22.0 0.505925 23.0 0.510849 24.0 0.515375 25.0 0.519522 26.0 0.523313 27.0 0.526766 28.0 0.529907 29.0 0.532771 30.0 0.535397
0.792654  0.0 0.214445 1.0 0.243823 2.0 0.270259 3.0 0.294113 4.0 0.315699 5.0 0.335298 6.0 0.353155 7.0 0.369478 8.0 0.384449 9.0 0.398224 10.0 0.410906 11.0 0.422677 12.0 0.433604 13.0 0.443772 14.0 0.453244 15.0 0.462084 16.0 0.470340 17.0 0.478046 18.0 0.485243 19.0 0.491950 20.0 0.498194 21.0 0.503995 22.0 0.509364 23.0 0.514327 24.0 0.518886 25.0 0.523065 26.0 0.526886 27.0 0.530365 28.0 0.533532 29.0 0.536417 30.0 0.539064
0.838361  0.0 0.215891 1.0 0.245465 2.0 0.272078 3.0 0.296092 4.0 0.317823 5.0 0.337556 6.0 0.355535 7.0 0.371970 8.0 0.387045 9.0 0.400916 10.0 0.413685 11.0 0.425540 12.0 0.436545 13.0 0.446786 14.0 0.456326 15.0 0.465230 16.0 0.473546 17.0 0.481310 18.0 0.488559 19.0 0.495316 20.0 0.501606 21.0 0.507451 22.0 0.512861 23.0 0.517861 24.0 0.522455 25.0 0.526668 26.0 0.530518 27.0 0.534026 28.0 0.537218 29.0 0.540126 30.0 0.542794
0.886703  0.0 0.217358 1.0 0.247130 2.0 0.273923 3.0 0.298099 4.0 0.319979 5.0 0.339847 6.0 0.357950 7.0 0.374500 8.0 0.389680 9.0 0.403649 10.0 0.416507 11.0 0.428448 12.0 0.439533 13.0 0.449847 14.0 0.459456 15.0 0.468426 16.0 0.476804 17.0 0.484626 18.0 0.491929 19.0 0.498736 20.0 0.505074 21.0 0.510965 22.0 0.516417 23.0 0.521455 24.0 0.526084 25.0 0.530333 26.0 0.534213 27.0 0.537749 28.0 0.540967 29.0 0.543900 30.0 0.546588
0.937833  0.0 0.218846 1.0 0.248819 2.0 0.275794 3.0 0.300135 4.0 0.322165 5.0 0.342171 6.0 0.360402 7.0 0.377067 8.0 0.392356 9.0 0.406424 10.0 0.419373 11.0 0.431401 12.0 0.442567 13.0 0.452956 14.0 0.462638 15.0 0.471674 16.0 0.480115 17.0 0.487997 18.0 0.495355 19.0 0.502214 20.0 0.508601 21.0 0.514537 22.0 0.520034 23.0 0.525110 24.0 0.529777 25.0 0.534060 26.0 0.537972 27.0 0.541536 28.0 0.544782 29.0 0.547740 30.0 0.550448
0.991911  0.0 0.220355 1.0 0.250532 2.0 0.277692 3.0 0.302202 4.0 0.324384 5.0 0.344531 6.0 0.362890 7.0 0.379675 8.0 0.395072 9.0 0.409243 10.0 0.422283 11.0 0.434401 12.0 0.445650 13.0 0.456116 14.0 0.465872 15.0 0.474977 16.0 0.483480 17.0 0.491424 18.0 0.498838 19.0 0.505750 20.0 0.512187 21.0 0.518171 22.0 0.523712 23.0 0.528828 24.0 0.533535 25.0 0.537852 26.0 0.541796 27.0 0.545391 28.0 0.548664 29.0 0.551648 30.0 0.554381
1.049107  0.0 0.221886 1.0 0.252270 2.0 0.279617 3.0 0.304299 4.0 0.326638 5.0 0.346926 6.0 0.365416 7.0 0.382322 8.0 0.397832 9.0 0.412107 10.0 0.425240 11.0 0.437450 12.0 0.448784 13.0 0.459328 14.0 0.469160 15.0 0.478335 16.0 0.486902 17.0 0.494909 18.0 0.502380 19.0 0.509346 20.0 0.515834 21.0 0.521868 22.0 0.527455 23.0 0.532611 24.0 0.537359 25.0 0.541712 26.0 0.545689 27.0 0.549315 28.0 0.552617 29.0 0.555628 30.0 0.558386
1.109601  0.0 0.223439 1.0 0.254034 2.0 0.281573 3.0 0.306428 4.0 0.328925 5.0 0.349358 6.0 0.367982 7.0 0.385011 8.0 0.400634 9.0 0.415017 10.0 0.428246 11.0 0.440548 12.0 0.451968 13.0 0.462593 14.0 0.472502 15.0 0.481749 16.0 0.490384 17.0 0.498454 18.0 0.505983 19.0 0.513007 20.0 0.519547 21.0 0.525630 22.0 0.531265 23.0 0.536462 24.0 0.541253 25.0 0.545642 26.0 0.549653 27.0 0.553310 28.0 0.556642 29.0 0.559680 30.0 0.562464
1.173584  0.0 0.225015 1.0 0.255824 2.0 0.283557 3.0 0.308589 4.0 0.331247 5.0 0.351828 6.0 0.370588 7.0 0.387742 8.0 0.403482 9.0 0.417974 10.0 0.431302 11.0 0.443697 12.0 0.455206 13.0 0.465915 14.0 0.475902 15.0 0.485222 16.0 0.493927 17.0 0.502060 18.0 0.509651 19.0 0.516734 20.0 0.523328 21.0 0.529458 22.0 0.535143 23.0 0.540387 24.0 0.545217 25.0 0.549643 26.0 0.553689 27.0 0.557379 28.0 0.560741 29.0 0.563809 30.0 0.566620
1.241256  0.0 0.226614 1.0 0.257641 2.0 0.285571 3.0 0.310783 4.0 0.333606 5.0 0.354336 6.0 0.373235 7.0 0.390518 8.0 0.406376 9.0 0.420980 10.0 0.434408 11.0 0.446899 12.0 0.458499 13.0 0.469294 14.0 0.479360 15.0 0.488755 16.0 0.497532 17.0 0.505729 18.0 0.513386 19.0 0.520528 20.0 0.527178 21.0 0.533360 22.0 0.539092 23.0 0.544384 24.0 0.549255 25.0 0.553720 26.0 0.557803 27.0 0.561528 28.0 0.564920 29.0 0.568016 30.0 0.570856
1.312831  0.0 0.228236 1.0 0.259485 2.0 0.287616 3.0 0.313011 4.0 0.336001 5.0 0.356884 6.0 0.375924 7.0 0.393338 8.0 0.409319 9.0 0.424036 10.0 0.437567 11.0 0.450155 12.0 0.461848 13.0 0.472731 14.0 0.482878 15.0 0.492351 16.0 0.501201 17.0 0.509465 18.0 0.517189 19.0 0.524391 20.0 0.531098 21.0 0.537335 22.0 0.543114 23.0 0.548456 24.0 0.553369 25.0 0.557875 26.0 0.561999 27.0 0.565759 28.0 0.569184 29.0 0.572306 30.0 0.575174
1.388532  0.0 0.229883 1.0 0.261357 2.0 0.289693 3.0 0.315274 4.0 0.338434 5.0 0.359473 6.0 0.378657 7.0 0.396205 8.0 0.412312 9.0 0.427144 10.0 0.440779 11.0 0.453467 12.0 0.465255 13.0 0.476229 14.0 0.486459 15.0 0.496010 16.0 0.504936 17.0 0.513273 18.0 0.521062 19.0 0.528326 20.0 0.535091 21.0 0.541386 22.0 0.547215 23.0 0.552606 24.0 0.557562 25.0 0.562115 26.0 0.566277 27.0 0.570073 28.0 0.573532 29.0 0.576687 30.0 0.579578
1.468599  0.0 0.231555 1.0 0.263257 2.0 0.291801 3.0 0.317572 4.0 0.340906 5.0 0.362105 6.0 0.381438 7.0 0.399122 8.0 0.415355 9.0 0.430304 10.0 0.444046 11.0 0.456839 12.0 0.468724 13.0 0.479789 14.0 0.490103 15.0 0.499737 16.0 0.508740 17.0 0.517152 18.0 0.525007 19.0 0.532334 20.0 0.539161 21.0 0.545513 22.0 0.551399 23.0 0.556836 24.0 0.561843 25.0 0.566438 26.0 0.570640 27.0 0.574473 28.0 0.577967 29.0 0.581156 30.0 0.584078
1.553282  0.0 0.233253 1.0 0.265187 2.0 0.293943 3.0 0.319907 4.0 0.343417 5.0 0.364781 6.0 0.384264 7.0 0.402088 8.0 0.418451 9.0 0.433519 10.0 0.447371 11.0 0.460272 12.0 0.472257 13.0 0.483413 14.0 0.493819 15.0 0.503537 16.0 0.512615 17.0 0.521103 18.0 0.529027 19.0 0.536419 20.0 0.543308 21.0 0.549721 22.0 0.555664 23.0 0.561150 24.0 0.566209 25.0 0.570849 26.0 0.575091 27.0 0.578963 28.0 0.582493 29.0 0.585717 30.0 0.588672
1.642849  0.0 0.234976 1.0 0.267147 2.0 0.296118 3.0 0.322279 4.0 0.345970 5.0 0.367501 6.0 0.387138 7.0 0.405105 8.0 0.421600 9.0 0.436793 10.0 0.450754 11.0 0.463767 12.0 0.475854 13.0 0.487105 14.0 0.497605 15.0 0.507408 16.0 0.516567 17.0 0.525130 18.0 0.533125 19.0 0.540590 20.0 0.547543 21.0 0.554012 22.0 0.560015 23.0 0.565558 24.0 0.570665 25.0 0.575349 26.0 0.579633 27.0 0.583547 28.0 0.587114 29.0 0.590373 30.0 0.593363
1.737580  0.0 0.236728 1.0 0.269138 2.0 0.298329 3.0 0.324692 4.0 0.348567 5.0 0.370267 6.0 0.390062 7.0 0.408174 8.0 0.424804 9.0 0.440127 10.0 0.454203 11.0 0.467325 12.0 0.479518 13.0 0.490870 14.0 0.501462 15.0 0.511353 16.0 0.520597 17.0 0.529236 18.0 0.537310 19.0 0.544845 20.0 0.551864 21.0 0.558397 22.0 0.564454 23.0 0.570057 24.0 0.575212 25.0 0.579945 26.0 0.584280 27.0 0.588235 28.0 0.591842 29.0 0.595133 30.0 0.598155
1.837774  0.0 0.238507 1.0 0.271162 2.0 0.300577 3.0 0.327145 4.0 0.351208 5.0 0.373080 6.0 0.393035 7.0 0.411297 8.0 0.428066 9.0 0.443521 10.0 0.457714 11.0 0.470950 12.0 0.483250 13.0 0.494706 14.0 0.505392 15.0 0.515374 16.0 0.524707 17.0 0.533427 18.0 0.541579 19.0 0.549185 20.0 0.556273 21.0 0.562873 22.0 0.568990 23.0 0.574650 24.0 0.579858 25.0 0.584646 26.0 0.589026 27.0 0.593025 28.0 0.596673 29.0 0.600004 30.0 0.603059
1.943745  0.0 0.240314 1.0 0.273219 2.0 0.302862 3.0 0.329639 4.0 0.353894 5.0 0.375942 6.0 0.396061 7.0 0.414476 8.0 0.431391 9.0 0.446977 10.0 0.461291 11.0 0.474642 12.0 0.487053 13.0 0.498616 14.0 0.509399 15.0 0.519476 16.0 0.528898 17.0 0.537705 18.0 0.545934 19.0 0.553614 20.0 0.560773 21.0 0.567443 22.0 0.573627 23.0 0.579340 24.0 0.584611 25.0 0.589449 26.0 0.593877 27.0 0.597920 28.0 0.601611 29.0 0.604983 30.0 0.608078
2.055827  0.0 0.242150 1.0 0.275309 2.0 0.305184 3.0 0.332174 4.0 0.356625 5.0 0.378855 6.0 0.399144 7.0 0.417716 8.0 0.434776 9.0 0.450497 10.0 0.464934 11.0 0.478411 12.0 0.490936 13.0 0.502603 14.0 0.513493 15.0 0.523666 16.0 0.533175 17.0 0.542072 18.0 0.550380 19.0 0.558141 20.0 0.565374 21.0 0.572109 22.0 0.578363 23.0 0.584141 24.0 0.589469 25.0 0.594358 26.0 0.598837 27.0 0.602930 28.0 0.606664 29.0 0.610076 30.0 0.613213
2.174371  0.0 0.244016 1.0 0.277433 2.0 0.307545 3.0 0.334753 4.0 0.359404 5.0 0.381821 6.0 0.402283 7.0 0.421015 8.0 0.438225 9.0 0.454088 10.0 0.468649 11.0 0.482252 12.0 0.494896 13.0 0.506673 14.0 0.517669 15.0 0.527943 16.0 0.537548 17.0 0.546530 18.0 0.554928 19.0 0.562769 20.0 0.570079 21.0 0.576888 22.0 0.583204 23.0 0.589052 24.0 0.594436 25.0 0.599387 26.0 0.603921 27.0 0.608064 28.0 0.611844 29.0 0.615299 30.0 0.618470
2.299752  0.0 0.245912 1.0 0.279592 2.0 0.309946 3.0 0.337378 4.0 0.362234 5.0 0.384841 6.0 0.405479 7.0 0.424376 8.0 0.441738 9.0 0.457749 10.0 0.472441 11.0 0.486169 12.0 0.498934 13.0 0.510830 14.0 0.521932 15.0 0.532308 16.0 0.542013 17.0 0.551088 18.0 0.559575 19.0 0.567498 20.0 0.574887 21.0 0.581775 22.0 0.588164 23.0 0.594074 24.0 0.599526 25.0 0.604536 26.0 0.609124 27.0 0.613318 28.0 0.617148 29.0 0.620651 30.0 0.623868
2.432362  0.0 0.247842 1.0 0.281790 2.0 0.312391 3.0 0.340050 4.0 0.365116 5.0 0.387915 6.0 0.408733 7.0 0.427800 8.0 0.445323 9.0 0.461482 10.0 0.476307 11.0 0.490165 12.0 0.503055 13.0 0.515071 14.0 0.526284 15.0 0.536768 16.0 0.546574 17.0 0.555750 18.0 0.564325 19.0 0.572334 20.0 0.579805 21.0 0.586772 22.0 0.593240 23.0 0.599219 24.0 0.604739 25.0 0.609807 26.0 0.614453 27.0 0.618703 28.0 0.622583 29.0 0.626132 30.0 0.629398
2.572619  0.0 0.249803 1.0 0.284025 2.0 0.314878 3.0 0.342769 4.0 0.368049 5.0 0.391046 6.0 0.412052 7.0 0.431293 8.0 0.448979 9.0 0.465288 10.0 0.480251 11.0 0.494250 12.0 0.507270 13.0 0.519402 14.0 0.530738 15.0 0.541332 16.0 0.551242 17.0 0.560515 18.0 0.569187 19.0 0.577290 20.0 0.584848 21.0 0.591895 22.0 0.598434 23.0 0.604495 24.0 0.610077 25.0 0.615216 26.0 0.619926 27.0 0.624233 28.0 0.628168 29.0 0.631768 30.0 0.635076
2.720963  0.0 0.251797 1.0 0.286298 2.0 0.317409 3.0 0.345537 4.0 0.371036 5.0 0.394240 6.0 0.415436 7.0 0.434856 8.0 0.452708 9.0 0.469177 10.0 0.484279 11.0 0.498420 12.0 0.511573 13.0 0.523835 14.0 0.535288 15.0 0.545997 16.0 0.556019 17.0 0.565394 18.0 0.574167 19.0 0.582362 20.0 0.590008 21.0 0.597144 22.0 0.603768 23.0 0.609898 24.0 0.615560 25.0 0.620765 26.0 0.625537 27.0 0.629902 28.0 0.633895 29.0 0.637551 30.0 0.640913
2.877861  0.0 0.253825 1.0 0.288611 2.0 0.319984 3.0 0.348356 4.0 0.374081 5.0 0.397494 6.0 0.418886 7.0 0.438489 8.0 0.456512 9.0 0.473147 10.0 0.488395 11.0 0.502677 12.0 0.515968 13.0 0.528365 14.0 0.539939 15.0 0.550769 16.0 0.560903 17.0 0.570392 18.0 0.579263 19.0 0.587557 20.0 0.595298 21.0 0.602520 22.0 0.609234 23.0 0.615448 24.0 0.621184 25.0 0.626457 26.0 0.631302 27.0 0.635734 28.0 0.639786 29.0 0.643496 30.0 0.646906
3.043807  0.0 0.255890 1.0 0.290966 2.0 0.322608 3.0 0.351230 4.0 0.377185 5.0 0.400811 6.0 0.422404 7.0 0.442195 8.0 0.460401 9.0 0.477200 10.0 0.492598 11.0 0.507034 12.0 0.520469 13.0 0.532995 14.0 0.544708 15.0 0.555660 16.0 0.565912 17.0 0.575509 18.0 0.584493 19.0 0.592891 20.0 0.600729 21.0 0.608048 22.0 0.614845 23.0 0.621145 24.0 0.626960 25.0 0.632316 26.0 0.637228 27.0 0.641726 28.0 0.645842 29.0 0.649615 30.0 0.653086
3.219321  0.0 0.257991 1.0 0.293363 2.0 0.325281 3.0 0.354157 4.0 0.380349 5.0 0.404195 6.0 0.425997 7.0 0.445984 8.0 0.464371 9.0 0.481344 10.0 0.496895 11.0 0.511488 12.0 0.525071 13.0 0.537744 14.0 0.549586 15.0 0.560666 16.0 0.571044 17.0 0.580760 18.0 0.589855 19.0 0.598356 20.0 0.606296 21.0 0.613716 22.0 0.620613 23.0 0.626999 24.0 0.632902 25.0 0.638331 26.0 0.643323 27.0 0.647895 28.0 0.652079 29.0 0.655912 30.0 0.659440
3.404956  0.0 0.260128 1.0 0.295804 2.0 0.328003 3.0 0.357140 4.0 0.383573 5.0 0.407650 6.0 0.429664 7.0 0.449851 8.0 0.468425 9.0 0.485581 10.0 0.501292 11.0 0.516042 12.0 0.529780 13.0 0.542601 14.0 0.554584 15.0 0.565801 16.0 0.576304 17.0 0.586146 18.0 0.595357 19.0 0.603976 20.0 0.612025 21.0 0.619547 22.0 0.626536 23.0 0.633023 24.0 0.639011 25.0 0.644534 26.0 0.649603 27.0 0.654248 28.0 0.658504 29.0 0.662408 30.0 0.666006
3.601296  0.0 0.262305 1.0 0.298289 2.0 0.330776 3.0 0.360183 4.0 0.386866 5.0 0.411173 6.0 0.433406 7.0 0.453800 8.0 0.472575 9.0 0.489912 10.0 0.505788 11.0 0.520711 12.0 0.534609 13.0 0.547580 14.0 0.559712 15.0 0.571067 16.0 0.581708 17.0 0.591675 18.0 0.601013 19.0 0.609745 20.0 0.617906 21.0 0.625540 22.0 0.632641 23.0 0.639221 24.0 0.645310 25.0 0.650913 26.0 0.656072 27.0 0.660802 28.0 0.665135 29.0 0.669110 30.0 0.672772
3.808956  0.0 0.264522 1.0 0.300823 2.0 0.333606 3.0 0.363286 4.0 0.390225 5.0 0.414771 6.0 0.437234 7.0 0.457842 8.0 0.476817 9.0 0.494348 10.0 0.510394 11.0 0.525489 12.0 0.539552 13.0 0.552687 14.0 0.564966 15.0 0.576471 16.0 0.587249 17.0 0.597358 18.0 0.606821 19.0 0.615684 20.0 0.623967 21.0 0.631714 22.0 0.638920 23.0 0.645612 24.0 0.651798 25.0 0.657506 26.0 0.662750 27.0 0.667562 28.0 0.671976 29.0 0.676032 30.0 0.679775
4.028591  0.0 0.266780 1.0 0.303405 2.0 0.336489 3.0 0.366450 4.0 0.393652 5.0 0.418449 6.0 0.441144 7.0 0.461972 8.0 0.481156 9.0 0.498888 10.0 0.515111 11.0 0.530388 12.0 0.544627 13.0 0.557923 14.0 0.570370 15.0 0.582026 16.0 0.592955 17.0 0.603199 18.0 0.612805 19.0 0.621792 20.0 0.630199 21.0 0.638071 22.0 0.645402 23.0 0.652203 24.0 0.658497 25.0 0.664303 26.0 0.669650 27.0 0.674558 28.0 0.679061 29.0 0.683199 30.0 0.687019
4.260891  0.0 0.269079 1.0 0.306034 2.0 0.339428 3.0 0.369683 4.0 0.397156 5.0 0.422204 6.0 0.445140 7.0 0.466199 8.0 0.485603 9.0 0.503539 10.0 0.519944 11.0 0.535412 12.0 0.549831 13.0 0.563306 14.0 0.575911 15.0 0.587733 16.0 0.598815 17.0 0.609215 18.0 0.618961 19.0 0.628093 20.0 0.636635 21.0 0.644637 22.0 0.652088 23.0 0.659006 24.0 0.665420 25.0 0.671335 26.0 0.676779 27.0 0.681789 28.0 0.686388 29.0 0.690615 30.0 0.694518
4.506586  0.0 0.271424 1.0 0.308718 2.0 0.342430 3.0 0.372981 4.0 0.400733 5.0 0.426045 6.0 0.449232 7.0 0.470527 8.0 0.490151 9.0 0.508308 10.0 0.524904 11.0 0.540567 12.0 0.555177 13.0 0.568830 14.0 0.581621 15.0 0.593608 16.0 0.604857 17.0 0.615410 18.0 0.625310 19.0 0.634583 20.0 0.643269 21.0 0.651408 22.0 0.658994 23.0 0.666048 24.0 0.672574 25.0 0.678615 26.0 0.684174 27.0 0.689285 28.0 0.693984 29.0 0.698311 30.0 0.702314
4.766448  0.0 0.273813 1.0 0.311454 2.0 0.345492 3.0 0.376348 4.0 0.404389 5.0 0.429973 6.0 0.453416 7.0 0.474957 8.0 0.494821 9.0 0.513197 10.0 0.529990 11.0 0.545862 12.0 0.560669 13.0 0.574518 14.0 0.587487 15.0 0.599657 16.0 0.611076 17.0 0.621796 18.0 0.631862 19.0 0.641294 20.0 0.650128 21.0 0.658416 22.0 0.666147 23.0 0.673331 24.0 0.679995 25.0 0.686155 26.0 0.691840 27.0 0.697069 28.0 0.701879 29.0 0.706312 30.0 0.710414
5.041295  0.0 0.276248 1.0 0.314244 2.0 0.348618 3.0 0.379792 4.0 0.408128 5.0 0.433990 6.0 0.457705 7.0 0.479500 8.0 0.499603 9.0 0.518218 10.0 0.535218 11.0 0.551303 12.0 0.566321 13.0 0.580368 14.0 0.593536 15.0 0.605889 16.0 0.617494 17.0 0.628395 18.0 0.638623 19.0 0.648228 20.0 0.657224 21.0 0.665671 22.0 0.673551 23.0 0.680879 24.0 0.687692 25.0 0.693983 26.0 0.699798 27.0 0.705155 28.0 0.710087 29.0 0.714634 30.0 0.718846
5.331990  0.0 0.278733 1.0 0.317094 2.0 0.351811 3.0 0.383308 4.0 0.411949 5.0 0.438106 6.0 0.462094 7.0 0.484155 8.0 0.504517 9.0 0.523372 10.0 0.540586 11.0 0.556899 12.0 0.572131 13.0 0.586395 14.0 0.599769 15.0 0.612326 16.0 0.624123 17.0 0.635208 18.0 0.645626 19.0 0.655398 20.0 0.664570 21.0 0.673186 22.0 0.681227 23.0 0.688725 24.0 0.695684 25.0 0.702129 26.0 0.708076 27.0 0.713572 28.0 0.718635 29.0 0.723308 30.0 0.727640
5.639448  0.0 0.281266 1.0 0.320000 2.0 0.355071 3.0 0.386907 4.0 0.415865 5.0 0.442317 6.0 0.466598 7.0 0.488935 8.0 0.509556 9.0 0.528671 10.0 0.546109 11.0 0.562662 12.0 0.578128 13.0 0.592613 14.0 0.606198 15.0 0.618968 16.0 0.630972 17.0 0.642258 18.0 0.652875 19.0 0.662839 20.0 0.672188 21.0 0.680986 22.0 0.689212 23.0 0.696881 24.0 0.704000 25.0 0.710609 26.0 0.716711 27.0 0.722350 28.0 0.727557 29.0 0.732367 30.0 0.736833
5.964634  0.0 0.283853 1.0 0.322970 2.0 0.358407 3.0 0.390585 4.0 0.419868 5.0 0.446637 6.0 0.471213 7.0 0.493838 8.0 0.514742 9.0 0.534121 10.0 0.551795 11.0 0.568592 12.0 0.584305 13.0 0.599025 14.0 0.612849 15.0 0.625838 16.0 0.638062 17.0 0.649568 18.0 0.660388 19.0 0.670561 20.0 0.680110 21.0 0.689105 22.0 0.697522 23.0 0.705373 24.0 0.712669 25.0 0.719456 26.0 0.725727 27.0 0.731525 28.0 0.736889 29.0 0.741851 30.0 0.746462
6.308571  0.0 0.286492 1.0 0.326002 2.0 0.361813 3.0 0.394351 4.0 0.423975 5.0 0.451062 6.0 0.475955 7.0 0.498879 8.0 0.520070 9.0 0.539728 10.0 0.557646 11.0 0.574717 12.0 0.590680 13.0 0.605656 14.0 0.619724 15.0 0.632957 16.0 0.645416 17.0 0.657149 18.0 0.668188 19.0 0.678585 20.0 0.688351 21.0 0.697560 22.0 0.706183 23.0 0.714235 24.0 0.721727 25.0 0.728704 26.0 0.735159 27.0 0.741136 28.0 0.746671 29.0 0.751799 30.0 0.756572
6.672341  0.0 0.289186 1.0 0.329102 2.0 0.365301 3.0 0.398206 4.0 0.428178 5.0 0.455606 6.0 0.480818 7.0 0.504060 8.0 0.525554 9.0 0.545512 10.0 0.563690 11.0 0.581036 12.0 0.597276 13.0 0.612516 14.0 0.626842 15.0 0.640335 16.0 0.653045 17.0 0.665024 18.0 0.676307 19.0 0.686939 20.0 0.696939 21.0 0.706380 22.0 0.715228 23.0 0.723501 24.0 0.731207 25.0 0.738393 26.0 0.745047 27.0 0.751225 28.0 0.756949 29.0 0.762260 30.0 0.767211
7.057087  0.0 0.291939 1.0 0.332270 2.0 0.368866 3.0 0.402155 4.0 0.432493 5.0 0.460268 6.0 0.485824 7.0 0.509387 8.0 0.531206 9.0 0.551472 10.0 0.569923 11.0 0.587562 12.0 0.604096 13.0 0.619620 14.0 0.634223 15.0 0.647993 16.0 0.660975 17.0 0.673219 18.0 0.684767 19.0 0.695654 20.0 0.705907 21.0 0.715600 22.0 0.724696 23.0 0.733210 24.0 0.741155 25.0 0.748566 26.0 0.755443 27.0 0.761840 28.0 0.767771 29.0 0.773283 30.0 0.778432
7.464018  0.0 0.294751 1.0 0.335509 2.0 0.372520 3.0 0.406201 4.0 0.436916 5.0 0.465056 6.0 0.490967 7.0 0.514879 8.0 0.537028 9.0 0.557620 10.0 0.576361 11.0 0.594317 12.0 0.611158 13.0 0.626987 14.0 0.641895 15.0 0.655956 16.0 0.669231 17.0 0.681763 18.0 0.693597 19.0 0.704763 20.0 0.715291 21.0 0.725259 22.0 0.734626 23.0 0.743407 24.0 0.751615 25.0 0.759270 26.0 0.766404 27.0 0.773034 28.0 0.779192 29.0 0.784927 30.0 0.790299
7.894415  0.0 0.297625 1.0 0.338824 2.0 0.376257 3.0 0.410352 4.0 0.441459 5.0 0.469981 6.0 0.496260 7.0 0.520536 8.0 0.543038 9.0 0.563983 10.0 0.583023 11.0 0.601317 12.0 0.618483 13.0 0.634639 14.0 0.649874 15.0 0.664252 16.0 0.677844 17.0 0.690689 18.0 0.702830 19.0 0.714304 20.0 0.725131 21.0 0.735399 22.0 0.745063 23.0 0.754139 24.0 0.762639 25.0 0.770572 26.0 0.777981 27.0 0.784866 28.0 0.791297 29.0 0.797292 30.0 0.802909
8.349629  0.0 0.300563 1.0 0.342216 2.0 0.380091 3.0 0.414607 4.0 0.446127 5.0 0.475043 6.0 0.501717 7.0 0.526368 8.0 0.549251 9.0 0.570563 10.0 0.589926 11.0 0.608577 12.0 0.626095 13.0 0.642601 14.0 0.658187 15.0 0.672910 16.0 0.686846 17.0 0.700032 18.0 0.712505 19.0 0.724318 20.0 0.735471 21.0 0.746080 22.0 0.756075 23.0 0.765469 24.0 0.774283 25.0 0.782540 26.0 0.790239 27.0 0.797442 28.0 0.804152 29.0 0.810421 30.0 0.816316
8.831092  0.0 0.303569 1.0 0.345688 2.0 0.384019 3.0 0.418980 4.0 0.450921 5.0 0.480256 6.0 0.507339 7.0 0.532395 8.0 0.555673 9.0 0.577377 10.0 0.597084 11.0 0.616117 12.0 0.634017 13.0 0.650901 14.0 0.666863 15.0 0.681964 16.0 0.696274 17.0 0.709833 18.0 0.722681 19.0 0.734852 20.0 0.746377 21.0 0.757357 22.0 0.767716 23.0 0.777473 24.0 0.786641 25.0 0.795231 26.0 0.803290 27.0 0.810806 28.0 0.817855 29.0 0.824450 30.0 0.830652
9.340317  0.0 0.306644 1.0 0.349247 2.0 0.388048 3.0 0.423470 4.0 0.455858 5.0 0.485628 6.0 0.513140 7.0 0.538625 8.0 0.562322 9.0 0.584444 10.0 0.604517 11.0 0.623961 12.0 0.642272 13.0 0.659566 14.0 0.675936 15.0 0.691451 16.0 0.706168 17.0 0.720136 18.0 0.733396 19.0 0.745967 20.0 0.757903 21.0 0.769283 22.0 0.780047 23.0 0.790206 24.0 0.799773 25.0 0.808769 26.0 0.817199 27.0 0.825101 28.0 0.832504 29.0 0.839465 30.0 0.846023
9.878906  0.0 0.309790 1.0 0.352891 2.0 0.392185 3.0 0.428082 4.0 0.460940 5.0 0.491166 6.0 0.519133 7.0 0.545070 8.0 0.569214 9.0 0.591784 10.0 0.612248 11.0 0.632136 12.0 0.650890 13.0 0.668634 14.0 0.685444 15.0 0.701413 16.0 0.716574 17.0 0.730990 18.0 0.744703 19.0 0.757736 20.0 0.770107 21.0 0.781961 22.0 0.793182 23.0 0.803791 24.0 0.813804 25.0 0.823232 26.0 0.832086 27.0 0.840422 28.0 0.848234 29.0 0.855607 30.0 0.862567
10.448551  0.0 0.313015 1.0 0.356630 2.0 0.396430 3.0 0.432831 4.0 0.466173 5.0 0.496881 6.0 0.525334 7.0 0.551748 8.0 0.576369 9.0 0.599420 10.0 0.620303 11.0 0.640672 12.0 0.659910 13.0 0.678142 14.0 0.695444 15.0 0.711895 16.0 0.727560 17.0 0.742481 18.0 0.756691 19.0 0.770213 20.0 0.783103 21.0 0.795454 22.0 0.807194 23.0 0.818313 24.0 0.828827 25.0 0.838750 26.0 0.848093 27.0 0.856913 28.0 0.865201 29.0 0.873037 30.0 0.880449
11.051044  0.0 0.316315 1.0 0.360465 2.0 0.400794 3.0 0.437717 4.0 0.471568 5.0 0.502786 6.0 0.531752 7.0 0.558675 8.0 0.583809 9.0 0.607377 10.0 0.628710 11.0 0.649599 12.0 0.669369 13.0 0.688131 14.0 0.705973 15.0 0.722969 16.0 0.739182 17.0 0.754650 18.0 0.769419 19.0 0.783515 20.0 0.796964 21.0 0.809894 22.0 0.822205 23.0 0.833902 24.0 0.844987 25.0 0.855475 26.0 0.865380 27.0 0.874739 28.0 0.883579 29.0 0.891935 30.0 0.899876
11.688278  0.0 0.319700 1.0 0.364399 2.0 0.405281 3.0 0.442749 4.0 0.477141 5.0 0.508896 6.0 0.538403 7.0 0.565872 8.0 0.591557 9.0 0.615684 10.0 0.637500 11.0 0.658956 12.0 0.679307 13.0 0.698646 14.0 0.717082 15.0 0.734690 16.0 0.751516 17.0 0.767611 18.0 0.783006 19.0 0.797729 20.0 0.811808 21.0 0.825397 22.0 0.838361 23.0 0.850710 24.0 0.862444 25.0 0.873577 26.0 0.884126 27.0 0.894107 28.0 0.903563 29.0 0.912540 30.0 0.921082
12.362256  0.0 0.323170 1.0 0.368442 2.0 0.409896 3.0 0.447935 4.0 0.482898 5.0 0.515222 6.0 0.545307 7.0 0.573360 8.0 0.599640 9.0 0.624371 10.0 0.646708 11.0 0.668793 12.0 0.689769 13.0 0.709771 14.0 0.728868 15.0 0.747142 16.0 0.764645 17.0 0.781441 18.0 0.797544 19.0 0.812979 20.0 0.827780 21.0 0.842107 22.0 0.855824 23.0 0.868912 24.0 0.881381 25.0 0.893254 26.0 0.904534 27.0 0.915253 28.0 0.925432 29.0 0.935105 30.0 0.944357
13.075099  0.0 0.326729 1.0 0.372597 2.0 0.414647 3.0 0.453290 4.0 0.488852 5.0 0.521779 6.0 0.552482 7.0 0.581165 8.0 0.608088 9.0 0.633472 10.0 0.656392 11.0 0.679157 12.0 0.700839 13.0 0.721543 14.0 0.741380 15.0 0.760406 16.0 0.778691 17.0 0.796265 18.0 0.813169 19.0 0.829414 20.0 0.845039 21.0 0.860216 22.0 0.874779 23.0 0.888729 24.0 0.902066 25.0 0.914789 26.0 0.926917 27.0 0.938471 28.0 0.949481 29.0 0.959982 30.0 0.970046
13.829045  0.0 0.330383 1.0 0.376867 2.0 0.419544 3.0 0.458821 4.0 0.495015 5.0 0.528586 6.0 0.559952 7.0 0.589313 8.0 0.616932 9.0 0.643032 10.0 0.666583 11.0 0.690095 12.0 0.712553 13.0 0.734076 14.0 0.754727 15.0 0.774603 16.0 0.793760 17.0 0.812227 18.0 0.830037 19.0 0.847203 20.0 0.863770 21.0 0.879930 22.0 0.895481 23.0 0.910406 24.0 0.924745 25.0 0.938461 26.0 0.951574 27.0 0.964109 28.0 0.976096 29.0 0.987577 30.0 0.998606
14.626467  0.0 0.334136 1.0 0.381259 2.0 0.424596 3.0 0.464538 4.0 0.501404 5.0 0.535661 6.0 0.567739 7.0 0.597834 8.0 0.626208 9.0 0.653108 10.0 0.677340 11.0 0.701700 12.0 0.725027 13.0 0.747440 14.0 0.769024 15.0 0.789856 16.0 0.810000 17.0 0.829489 18.0 0.848331 19.0 0.866574 20.0 0.884227 21.0 0.901513 22.0 0.918202 23.0 0.934282 24.0 0.949781 25.0 0.964648 26.0 0.978935 27.0 0.992634 28.0 1.005774 29.0 1.018403 30.0 1.030580
15.469869  0.0 0.337992 1.0 0.385783 2.0 0.429808 3.0 0.470454 4.0 0.508034 5.0 0.543026 6.0 0.575870 7.0 0.606765 8.0 0.635981 9.0 0.663734 10.0 0.688738 11.0 0.714029 12.0 0.738331 13.0 0.761755 14.0 0.784392 15.0 0.806325 16.0 0.827598 17.0 0.848242 18.0 0.868304 19.0 0.887761 20.0 0.906681 21.0 0.925283 22.0 0.943310 23.0 0.960753 24.0 0.977592 25.0 0.993857 26.0 1.009502 27.0 1.024591 28.0 1.039118 29.0 1.053135 30.0 1.066709
16.361905  0.0 0.341955 1.0 0.390446 2.0 0.435193 3.0 0.476584 4.0 0.514926 5.0 0.550707 6.0 0.584391 7.0 0.616157 8.0 0.646277 9.0 0.675005 10.0 0.700848 11.0 0.727180 12.0 0.752583 13.0 0.777158 14.0 0.800997 15.0 0.824186 16.0 0.846758 17.0 0.868760 18.0 0.890209 19.0 0.911099 20.0 0.931493 21.0 0.951633 22.0 0.971232 23.0 0.990279 24.0 1.008758 25.0 1.026662 26.0 1.043975 27.0 1.060727 28.0 1.076926 29.0 1.092651 30.0 1.107942
17.305378  0.0 0.346032 1.0 0.395253 2.0 0.440760 3.0 0.482942 4.0 0.522098 5.0 0.558736 6.0 0.593323 7.0 0.626038 8.0 0.657179 9.0 0.686973 10.0 0.713756 11.0 0.741270 12.0 0.767919 13.0 0.793805 14.0 0.819031 15.0 0.843656 16.0 0.867747 17.0 0.891318 18.0 0.914396 19.0 0.936981 20.0 0.959098 21.0 0.981089 22.0 1.002563 23.0 1.023536 24.0 1.043974 25.0 1.063861 26.0 1.083200 27.0 1.102017 28.0 1.120308 29.0 1.138152 30.0 1.155589
18.303255  0.0 0.350231 1.0 0.400213 2.0 0.446524 3.0 0.489546 4.0 0.529573 5.0 0.567138 6.0 0.602708 7.0 0.636486 8.0 0.668739 9.0 0.699734 10.0 0.727577 11.0 0.756434 12.0 0.784495 13.0 0.811896 14.0 0.838716 15.0 0.865019 16.0 0.890879 17.0 0.916287 18.0 0.941297 19.0 0.965881 20.0 0.990077 21.0 1.014271 22.0 1.038031 23.0 1.061336 24.0 1.084168 25.0 1.106529 26.0 1.128399 27.0 1.149791 28.0 1.170734 29.0 1.191309 30.0 1.211561
19.358672  0.0 0.354556 1.0 0.405337 2.0 0.452496 3.0 0.496414 4.0 0.537388 5.0 0.575944 6.0 0.612611 7.0 0.647544 8.0 0.681049 9.0 0.713400 10.0 0.742439 11.0 0.772826 12.0 0.802530 13.0 0.831662 14.0 0.860346 15.0 0.888627 16.0 0.916551 17.0 0.944173 18.0 0.971464 19.0 0.998460 20.0 1.025177 21.0 1.052044 22.0 1.078592 23.0 1.104788 24.0 1.130648 25.0 1.156108 26.0 1.181221 27.0 1.205967 28.0 1.230396 29.0 1.254577 30.0 1.278606
20.474947  0.0 0.359015 1.0 0.410633 2.0 0.458691 3.0 0.503573 4.0 0.545561 5.0 0.585216 6.0 0.623070 7.0 0.659297 8.0 0.694214 9.0 0.728098 10.0 0.758492 11.0 0.790634 12.0 0.822237 13.0 0.853412 14.0 0.884284 15.0 0.914893 16.0 0.945303 17.0 0.975546 18.0 1.005627 19.0 1.035529 20.0 1.065343 21.0 1.095541 22.0 1.125587 23.0 1.155472 24.0 1.185188 25.0 1.214731 26.0 1.244106 27.0 1.273335 28.0 1.302530 29.0 1.331720 30.0 1.361094
21.655589  0.0 0.363615 1.0 0.416114 2.0 0.465127 3.0 0.511043 4.0 0.554125 5.0 0.594976 6.0 0.634158 7.0 0.671840 8.0 0.708349 9.0 0.743978 10.0 0.775927 11.0 0.810111 12.0 0.843933 13.0 0.877518 14.0 0.910966 15.0 0.944374 16.0 0.977768 17.0 1.011213 18.0 1.044703 19.0 1.078246 20.0 1.111913 21.0 1.146356 22.0 1.180924 23.0 1.215625 24.0 1.250482 25.0 1.285525 26.0 1.320792 27.0 1.356368 28.0 1.392371 29.0 1.428962 30.0 1.463978
22.904311  0.0 0.368364 1.0 0.421792 2.0 0.471822 3.0 0.518847 4.0 0.563136 5.0 0.605304 6.0 0.645960 7.0 0.685270 8.0 0.723598 9.0 0.761229 10.0 0.794972 11.0 0.831546 12.0 0.867991 13.0 0.904423 14.0 0.940994 15.0 0.977773 16.0 1.014840 17.0 1.052241 18.0 1.089992 19.0 1.128150 20.0 1.166821 21.0 1.206794 22.0 1.247379 23.0 1.288636 24.0 1.330647 25.0 1.373519 26.0 1.417398 27.0 1.450708 28.0 1.478752 29.0 1.505792 30.0 1.531936
24.225038  0.0 0.373272 1.0 0.427679 2.0 0.478801 3.0 0.527024 4.0 0.572619 5.0 0.616251 6.0 0.658560 7.0 0.699726 8.0 0.740120 9.0 0.780079 10.0 0.815924 11.0 0.855326 12.0 0.894882 13.0 0.934762 14.0 0.975127 15.0 1.016058 16.0 1.057695 17.0 1.100093 18.0 1.143337 19.0 1.187508 20.0 1.232812 21.0 1.280346 22.0 1.329343 23.0 1.379998 24.0 1.419190 25.0 1.452762 26.0 1.485122 27.0 1.516274 28.0 1.546250 29.0 1.575117 30.0 1.602982
25.621921  0.0 0.378347 1.0 0.433792 2.0 0.486080 3.0 0.535606 4.0 0.582642 5.0 0.627896 6.0 0.672065 7.0 0.715353 8.0 0.758151 9.0 0.800831 10.0 0.839153 11.0 0.881901 12.0 0.925234 13.0 0.969326 14.0 1.014373 15.0 1.060543 16.0 1.107994 17.0 1.156880 18.0 1.207403 19.0 1.259753 20.0 1.314316 21.0 1.367156 22.0 1.406719 23.0 1.445083 24.0 1.482182 25.0 1.517965 26.0 1.552405 27.0 1.585500 28.0 1.617281 29.0 1.647821 30.0 1.677231
27.099352  0.0 0.383602 1.0 0.440152 2.0 0.493687 3.0 0.544634 4.0 0.593262 5.0 0.640332 6.0 0.686623 7.0 0.732338 8.0 0.777938 9.0 0.823843 10.0 0.865089 11.0 0.911919 12.0 0.959856 13.0 1.009174 14.0 1.060158 15.0 1.113042 16.0 1.168149 17.0 1.225783 18.0 1.286375 19.0 1.339344 20.0 1.383063 21.0 1.426424 22.0 1.468532 23.0 1.509296 24.0 1.548636 25.0 1.586497 26.0 1.622845 27.0 1.657684 28.0 1.691889 29.0 1.728609 30.0 1.764154
28.661977  0.0 0.389050 1.0 0.446770 2.0 0.501659 3.0 0.554151 4.0 0.604549 5.0 0.653667 6.0 0.702381 7.0 0.750920 8.0 0.799814 9.0 0.849568 10.0 0.894367 11.0 0.946172 12.0 0.999877 13.0 1.055829 14.0 1.114495 15.0 1.176313 16.0 1.241857 17.0 1.300413 18.0 1.349059 19.0 1.396614 20.0 1.443054 21.0 1.489018 22.0 1.533548 23.0 1.576542 24.0 1.617916 25.0 1.658963 26.0 1.702331 27.0 1.744132 28.0 1.784351 29.0 1.823025 30.0 1.860250
30.314706  0.0 0.394703 1.0 0.453667 2.0 0.510021 3.0 0.564225 4.0 0.616592 5.0 0.668026 6.0 0.719546 7.0 0.771399 8.0 0.824225 9.0 0.878627 10.0 0.927759 11.0 0.985810 12.0 1.046835 13.0 1.111451 14.0 1.180410 15.0 1.248595 16.0 1.302334 17.0 1.355077 18.0 1.406684 19.0 1.457012 20.0 1.506036 21.0 1.554410 22.0 1.601256 23.0 1.651250 24.0 1.700474 25.0 1.747943 26.0 1.793548 27.0 1.837228 28.0 1.878973 29.0 1.918841 30.0 1.953453
32.062737  0.0 0.400572 1.0 0.460878 2.0 0.518818 3.0 0.574910 4.0 0.629490 5.0 0.683594 6.0 0.738360 7.0 0.794135 8.0 0.851700 9.0 0.911818 10.0 0.966372 11.0 1.032368 12.0 1.102992 13.0 1.179305 14.0 1.241949 15.0 1.299951 16.0 1.356926 17.0 1.412707 18.0 1.467128 19.0 1.520029 20.0 1.572385 21.0 1.629297 22.0 1.684684 23.0 1.738221 24.0 1.789717 25.0 1.839028 26.0 1.886043 27.0 1.923819 28.0 1.951925 29.0 1.978303 30.0 nan
33.911564  0.0 0.406675 1.0 0.468414 2.0 0.528096 3.0 0.586284 4.0 0.643372 5.0 0.700543 6.0 0.759133 7.0 0.819623 8.0 0.882981 9.0 0.950254 10.0 1.011708 11.0 1.088130 12.0 1.167095 13.0 1.230371 14.0 1.292793 15.0 1.354146 16.0 1.414225 17.0 1.472839 18.0 1.531057 19.0 1.593100 20.0 1.653700 21.0 1.713596 22.0 1.771347 23.0 1.826738 24.0 1.875738 25.0 1.909777 26.0 1.941672 27.0 1.971547 28.0 1.999527 29.0 nan 30.0 nan
35.866999  0.0 0.413036 1.0 0.476322 2.0 0.537905 3.0 0.598435 4.0 0.658390 5.0 0.719131 6.0 0.782279 7.0 0.848482 8.0 0.919068 9.0 0.995475 10.0 1.065977 11.0 1.145518 12.0 1.213372 13.0 1.280379 14.0 1.346267 15.0 1.410789 16.0 1.474041 17.0 1.542068 18.0 1.609020 19.0 1.674145 20.0 1.737268 21.0 1.799104 22.0 1.847037 23.0 1.885659 24.0 1.921916 25.0 1.955880 26.0 1.987684 27.0 nan 28.0 nan 29.0 nan 30.0 nan
37.935191  0.0 0.419665 1.0 0.484622 2.0 0.548307 3.0 0.611485 4.0 0.674728 5.0 0.739666 6.0 0.808304 7.0 0.881578 8.0 0.961340 9.0 1.049755 10.0 1.117887 11.0 1.190461 12.0 1.262222 13.0 1.332822 14.0 1.401949 15.0 1.473829 16.0 1.547416 17.0 1.619299 18.0 1.689059 19.0 1.756322 20.0 1.807087 21.0 1.850654 22.0 1.891654 23.0 1.930195 24.0 1.966325 25.0 nan 26.0 nan 27.0 nan 28.0 nan 29.0 nan 30.0 nan
40.122640  0.0 0.426596 1.0 0.493360 2.0 0.559376 3.0 0.625549 4.0 0.692617 5.0 0.762560 6.0 0.837898 7.0 0.920101 8.0 1.011812 9.0 1.093561 10.0 1.161145 11.0 1.237826 12.0 1.313330 13.0 1.387633 14.0 1.467684 15.0 1.546536 16.0 1.623397 17.0 1.697776 18.0 1.756493 19.0 1.804637 20.0 1.850176 21.0 1.893652 22.0 1.934557 23.0 1.972911 24.0 nan 25.0 nan 26.0 nan 27.0 nan 28.0 nan 29.0 nan 30.0 nan
42.436223  0.0 0.433842 1.0 0.502587 2.0 0.571198 3.0 0.640802 4.0 0.712343 5.0 0.788327 6.0 0.872022 7.0 0.965703 8.0 1.053091 9.0 1.135428 10.0 1.206693 11.0 1.287300 12.0 1.368741 13.0 1.454637 14.0 1.538894 15.0 1.620834 16.0 1.693144 17.0 1.747047 18.0 1.797996 19.0 1.846129 20.0 1.891574 21.0 1.934894 22.0 1.975533 23.0 nan 24.0 nan 25.0 nan 26.0 nan 27.0 nan 28.0 nan 29.0 nan 30.0 nan
44.883214  0.0 0.441443 1.0 0.512351 2.0 0.583877 3.0 0.657436 4.0 0.734308 5.0 0.817676 6.0 0.911978 7.0 1.005707 8.0 1.092575 9.0 1.179417 10.0 1.254231 11.0 1.342441 12.0 1.434134 13.0 1.523994 14.0 1.611173 15.0 1.676031 16.0 1.733116 17.0 1.787041 18.0 1.837966 19.0 1.885948 20.0 1.931142 21.0 1.974163 22.0 nan 23.0 nan 24.0 nan 25.0 nan 26.0 nan 27.0 nan 28.0 nan 29.0 nan 30.0 nan
47.471306  0.0 0.449428 1.0 0.522715 2.0 0.597544 3.0 0.675703 4.0 0.758979 5.0 0.851569 6.0 0.951282 7.0 1.042429 8.0 1.134084 9.0 1.225225 10.0 1.307919 11.0 1.405612 12.0 1.501322 13.0 1.590035 14.0 1.654090 15.0 1.714581 16.0 1.771648 17.0 1.825470 18.0 1.876174 19.0 1.923882 20.0 1.968706 21.0 nan 22.0 nan 23.0 nan 24.0 nan 25.0 nan 26.0 nan 27.0 nan 28.0 nan 29.0 nan 30.0 nan
50.208634  0.0 0.457833 1.0 0.533762 2.0 0.612348 3.0 0.695933 4.0 0.787030 5.0 0.889915 6.0 0.984853 7.0 1.081092 8.0 1.177353 9.0 1.278997 10.0 1.368503 11.0 1.470369 12.0 1.558991 13.0 1.627093 14.0 1.691247 15.0 1.751652 16.0 1.808556 17.0 1.862134 18.0 1.912489 19.0 1.959763 20.0 nan 21.0 nan 22.0 nan 23.0 nan 24.0 nan 25.0 nan 26.0 nan 27.0 nan 28.0 nan 29.0 nan 30.0 nan
53.103804  0.0 0.466703 1.0 0.545572 2.0 0.628481 3.0 0.718534 4.0 0.819354 5.0 0.919942 6.0 1.020270 7.0 1.121473 8.0 1.227341 9.0 1.337220 10.0 1.430581 11.0 1.522177 12.0 1.594694 13.0 1.662839 14.0 1.726911 15.0 1.787121 16.0 1.843708 17.0 1.896870 18.0 1.946754 19.0 1.992502 20.0 nan 21.0 nan 22.0 nan 23.0 nan 24.0 nan 25.0 nan 26.0 nan 27.0 nan 28.0 nan 29.0 nan 30.0 nan
56.165917  0.0 0.476090 1.0 0.558252 2.0 0.646180 3.0 0.744063 4.0 0.849424 5.0 0.951695 6.0 1.057369 7.0 1.166557 8.0 1.282258 9.0 1.396665 10.0 1.479147 11.0 1.556561 12.0 1.629132 13.0 1.697171 14.0 1.760991 15.0 1.820834 16.0 1.876983 17.0 1.928960 18.0 1.975687 19.0 nan 20.0 nan 21.0 nan 22.0 nan 23.0 nan 24.0 nan 25.0 nan 26.0 nan 27.0 nan 28.0 nan 29.0 nan 30.0 nan
59.404601  0.0 0.486051 1.0 0.571935 2.0 0.665764 3.0 0.773000 4.0 0.877221 5.0 0.985079 6.0 1.096608 7.0 1.217708 8.0 1.338514 9.0 1.437691 10.0 1.512235 11.0 1.589718 12.0 1.662171 13.0 1.729930 14.0 1.793360 15.0 1.852637 16.0 1.906149 17.0 1.955007 18.0 nan 19.0 nan 20.0 nan 21.0 nan 22.0 nan 23.0 nan 24.0 nan 25.0 nan 26.0 nan 27.0 nan 28.0 nan 29.0 nan 30.0 nan
62.830036  0.0 0.496656 1.0 0.586784 2.0 0.687620 3.0 0.796974 4.0 0.906544 5.0 1.019924 6.0 1.143405 7.0 1.270396 8.0 1.381253 9.0 1.469291 10.0 1.544189 11.0 1.621534 12.0 1.693688 13.0 1.761003 14.0 1.823314 15.0 1.878943 16.0 1.930618 17.0 1.979019 18.0 nan 19.0 nan 20.0 nan 21.0 nan 22.0 nan 23.0 nan 24.0 nan 25.0 nan 26.0 nan 27.0 nan 28.0 nan 29.0 nan 30.0 nan
66.452991  0.0 0.507999 1.0 0.602996 2.0 0.711340 3.0 0.821922 4.0 0.937296 5.0 1.059574 6.0 1.192006 7.0 1.317172 8.0 1.411615 9.0 1.499770 10.0 1.574849 11.0 1.651877 12.0 1.723576 13.0 1.788982 14.0 1.847653 15.0 1.902385 16.0 1.953559 17.0 nan 18.0 nan 19.0 nan 20.0 nan 21.0 nan 22.0 nan 23.0 nan 24.0 nan 25.0 nan 26.0 nan 27.0 nan 28.0 nan 29.0 nan 30.0 nan
70.284856  0.0 0.520165 1.0 0.620825 2.0 0.731759 3.0 0.848197 4.0 0.969326 5.0 1.103403 6.0 1.241598 7.0 1.346245 8.0 1.440926 9.0 1.529013 10.0 1.604083 11.0 1.680663 12.0 1.749811 13.0 1.812065 14.0 1.870110 15.0 1.924372 16.0 1.975006 17.0 nan 18.0 nan 19.0 nan 20.0 nan 21.0 nan 22.0 nan 23.0 nan 24.0 nan 25.0 nan 26.0 nan 27.0 nan 28.0 nan 29.0 nan 30.0 nan
74.337677  0.0 0.533282 1.0 0.639812 2.0 0.753272 3.0 0.875724 4.0 1.007406 5.0 1.148646 6.0 1.272510 7.0 1.374414 8.0 1.469099 9.0 1.556911 10.0 1.631803 11.0 1.705534 12.0 1.771918 13.0 1.833627 14.0 1.891123 15.0 1.944787 16.0 1.994812 17.0 nan 18.0 nan 19.0 nan 20.0 nan 21.0 nan 22.0 nan 23.0 nan 24.0 nan 25.0 nan 26.0 nan 27.0 nan 28.0 nan 29.0 nan 30.0 nan
78.624195  0.0 0.547503 1.0 0.656747 2.0 0.775902 3.0 0.904662 4.0 1.047501 5.0 1.189594 6.0 1.299479 7.0 1.401540 8.0 1.496030 9.0 1.583343 10.0 1.655843 11.0 1.726852 12.0 1.792711 13.0 1.853825 14.0 1.910783 15.0 1.963814 16.0 nan 17.0 nan 18.0 nan 19.0 nan 20.0 nan 21.0 nan 22.0 nan 23.0 nan 24.0 nan 25.0 nan 26.0 nan 27.0 nan 28.0 nan 29.0 nan 30.0 nan
83.157886  0.0 0.562093 1.0 0.674572 2.0 0.799611 3.0 0.938779 4.0 1.088798 5.0 1.215302 6.0 1.325543 7.0 1.427510 8.0 1.521560 9.0 1.605611 10.0 1.676430 11.0 1.746907 12.0 1.812052 13.0 1.872609 14.0 1.929038 15.0 1.982079 16.0 nan 17.0 nan 18.0 nan 19.0 nan 20.0 nan 21.0 nan 22.0 nan 23.0 nan 24.0 nan 25.0 nan 26.0 nan 27.0 nan 28.0 nan 29.0 nan 30.0 nan
87.953002  0.0 0.575784 1.0 0.693294 2.0 0.824324 3.0 0.974424 4.0 1.122369 5.0 1.240261 6.0 1.350602 7.0 1.452241 8.0 1.543869 9.0 1.625253 10.0 1.695777 11.0 1.765551 12.0 1.830156 13.0 1.890351 14.0 1.946619 15.0 1.998838 16.0 nan 17.0 nan 18.0 nan 19.0 nan 20.0 nan 21.0 nan 22.0 nan 23.0 nan 24.0 nan 25.0 nan 26.0 nan 27.0 nan 28.0 nan 29.0 nan 30.0 nan
93.024617  0.0 0.590141 1.0 0.712899 2.0 0.853089 3.0 1.011205 4.0 1.146045 5.0 1.264355 6.0 1.374548 7.0 1.474916 8.0 1.562927 9.0 1.643694 10.0 1.713919 11.0 1.783038 12.0 1.847326 13.0 1.907098 14.0 1.962503 15.0 nan 16.0 nan 17.0 nan 18.0 nan 19.0 nan 20.0 nan 21.0 nan 22.0 nan 23.0 nan 24.0 nan 25.0 nan 26.0 nan 27.0 nan 28.0 nan 29.0 nan 30.0 nan
98.388676  0.0 0.605170 1.0 0.733355 2.0 0.883515 3.0 1.041861 4.0 1.169038 5.0 1.287482 6.0 1.397281 7.0 1.493605 8.0 1.580850 9.0 1.660981 10.0 1.730728 11.0 1.799634 12.0 1.863494 13.0 1.922257 14.0 1.975900 15.0 nan 16.0 nan 17.0 nan 18.0 nan 19.0 nan 20.0 nan 21.0 nan 22.0 nan 23.0 nan 24.0 nan 25.0 nan 26.0 nan 27.0 nan 28.0 nan 29.0 nan 30.0 nan
104.062042  0.0 0.620873 1.0 0.755942 2.0 0.915091 3.0 1.063526 4.0 1.191243 5.0 1.309573 6.0 1.416438 7.0 1.511072 8.0 1.597679 9.0 1.677034 10.0 1.746940 11.0 1.815240 12.0 1.877697 13.0 1.934018 14.0 1.984876 15.0 nan 16.0 nan 17.0 nan 18.0 nan 19.0 nan 20.0 nan 21.0 nan 22.0 nan 23.0 nan 24.0 nan 25.0 nan 26.0 nan 27.0 nan 28.0 nan 29.0 nan 30.0 nan
110.062550  0.0 0.637238 1.0 0.780704 2.0 0.946687 3.0 1.084605 4.0 1.212576 5.0 1.330257 6.0 1.433514 7.0 1.527488 8.0 1.613336 9.0 1.692574 10.0 1.761885 11.0 1.828910 12.0 1.889119 13.0 1.942785 14.0 1.992701 15.0 nan 16.0 nan 17.0 nan 18.0 nan 19.0 nan 20.0 nan 21.0 nan 22.0 nan 23.0 nan 24.0 nan 25.0 nan 26.0 nan 27.0 nan 28.0 nan 29.0 nan 30.0 nan
116.409064  0.0 0.654594 1.0 0.806555 2.0 0.966305 3.0 1.105017 4.0 1.232985 5.0 1.347186 6.0 1.449613 7.0 1.542841 8.0 1.628323 9.0 1.706817 10.0 1.775400 11.0 1.839808 12.0 1.897245 13.0 1.950512 14.0 nan 15.0 nan 16.0 nan 17.0 nan 18.0 nan 19.0 nan 20.0 nan 21.0 nan 22.0 nan 23.0 nan 24.0 nan 25.0 nan 26.0 nan 27.0 nan 28.0 nan 29.0 nan 30.0 nan
123.121536  0.0 0.673975 1.0 0.833306 2.0 0.985479 3.0 1.124653 4.0 1.251790 5.0 1.362968 6.0 1.464692 7.0 1.557239 8.0 1.642300 9.0 1.719673 10.0 1.785571 11.0 1.847525 12.0 1.904376 13.0 1.957092 14.0 nan 15.0 nan 16.0 nan 17.0 nan 18.0 nan 19.0 nan 20.0 nan 21.0 nan 22.0 nan 23.0 nan 24.0 nan 25.0 nan 26.0 nan 27.0 nan 28.0 nan 29.0 nan 30.0 nan
130.221067  0.0 0.694244 1.0 0.856673 2.0 1.004125 3.0 1.143463 4.0 1.267308 5.0 1.377834 6.0 1.478766 7.0 1.571071 8.0 1.654968 9.0 1.729052 10.0 1.793557 11.0 1.854510 12.0 1.911159 13.0 1.963082 14.0 nan 15.0 nan 16.0 nan 17.0 nan 18.0 nan 19.0 nan 20.0 nan 21.0 nan 22.0 nan 23.0 nan 24.0 nan 25.0 nan 26.0 nan 27.0 nan 28.0 nan 29.0 nan 30.0 nan
137.729977  0.0 0.715326 1.0 0.873781 2.0 1.022166 3.0 1.160969 4.0 1.281986 5.0 1.391787 6.0 1.492232 7.0 1.583685 8.0 1.664557 9.0 1.736511 10.0 1.800315 11.0 1.860888 12.0 1.916323 13.0 1.967703 14.0 nan 15.0 nan 16.0 nan 17.0 nan 18.0 nan 19.0 nan 20.0 nan 21.0 nan 22.0 nan 23.0 nan 24.0 nan 25.0 nan 26.0 nan 27.0 nan 28.0 nan 29.0 nan 30.0 nan
145.671872  0.0 0.737093 1.0 0.890521 2.0 1.039504 3.0 1.175597 4.0 1.295744 5.0 1.404811 6.0 1.504869 7.0 1.594605 8.0 1.672205 9.0 1.742926 10.0 1.806369 11.0 1.866070 12.0 1.921359 13.0 1.972335 14.0 nan 15.0 nan 16.0 nan 17.0 nan 18.0 nan 19.0 nan 20.0 nan 21.0 nan 22.0 nan 23.0 nan 24.0 nan 25.0 nan 26.0 nan 27.0 nan 28.0 nan 29.0 nan 30.0 nan
154.071719  0.0 0.754217 1.0 0.906824 2.0 1.056128 3.0 1.189258 4.0 1.308702 5.0 1.417387 6.0 1.516126 7.0 1.601908 8.0 1.678753 9.0 1.748717 10.0 1.811632 11.0 1.870663 12.0 1.925267 13.0 1.976136 14.0 nan 15.0 nan 16.0 nan 17.0 nan 18.0 nan 19.0 nan 20.0 nan 21.0 nan 22.0 nan 23.0 nan 24.0 nan 25.0 nan 26.0 nan 27.0 nan 28.0 nan 29.0 nan 30.0 nan
162.955925  0.0 0.768734 1.0 0.922631 2.0 1.070502 3.0 1.202160 4.0 1.320880 5.0 1.428979 6.0 1.524815 7.0 1.608368 8.0 1.684297 9.0 1.753650 10.0 1.816256 11.0 1.875186 12.0 1.927854 13.0 1.979289 14.0 nan 15.0 nan 16.0 nan 17.0 nan 18.0 nan 19.0 nan 20.0 nan 21.0 nan 22.0 nan 23.0 nan 24.0 nan 25.0 nan 26.0 nan 27.0 nan 28.0 nan 29.0 nan 30.0 nan
172.352418  0.0 0.782975 1.0 0.937846 2.0 1.083351 3.0 1.214235 4.0 1.332604 5.0 1.439390 6.0 1.531229 7.0 1.614153 8.0 1.689537 9.0 1.758217 10.0 1.819006 11.0 1.877975 12.0 1.930444 13.0 1.982447 14.0 nan 15.0 nan 16.0 nan 17.0 nan 18.0 nan 19.0 nan 20.0 nan 21.0 nan 22.0 nan 23.0 nan 24.0 nan 25.0 nan 26.0 nan 27.0 nan 28.0 nan 29.0 nan 30.0 nan
182.290740  0.0 0.796881 1.0 0.952462 2.0 1.095466 3.0 1.225563 4.0 1.343247 5.0 1.446285 6.0 1.537098 7.0 1.619100 8.0 1.693452 9.0 1.760366 10.0 1.821761 11.0 1.880768 12.0 1.933038 13.0 1.985611 14.0 nan 15.0 nan 16.0 nan 17.0 nan 18.0 nan 19.0 nan 20.0 nan 21.0 nan 22.0 nan 23.0 nan 24.0 nan 25.0 nan 26.0 nan 27.0 nan 28.0 nan 29.0 nan 30.0 nan
192.802133  0.0 0.810403 1.0 0.964718 2.0 1.106902 3.0 1.236550 4.0 1.352210 5.0 1.452313 6.0 1.542258 7.0 1.623468 8.0 1.696760 9.0 1.762518 10.0 1.824519 11.0 1.883566 12.0 1.935635 13.0 nan 14.0 nan 15.0 nan 16.0 nan 17.0 nan 18.0 nan 19.0 nan 20.0 nan 21.0 nan 22.0 nan 23.0 nan 24.0 nan 25.0 nan 26.0 nan 27.0 nan 28.0 nan 29.0 nan 30.0 nan
203.919642  0.0 0.823455 1.0 0.976149 2.0 1.117626 3.0 1.246642 4.0 1.359194 5.0 1.457905 6.0 1.546752 7.0 1.627409 8.0 1.700075 9.0 1.764673 10.0 1.827282 11.0 1.886368 12.0 nan 13.0 nan 14.0 nan 15.0 nan 16.0 nan 17.0 nan 18.0 nan 19.0 nan 20.0 nan 21.0 nan 22.0 nan 23.0 nan 24.0 nan 25.0 nan 26.0 nan 27.0 nan 28.0 nan 29.0 nan 30.0 nan
215.678218  0.0 0.835750 1.0 0.986957 2.0 1.127905 3.0 1.255768 4.0 1.364724 5.0 1.462346 6.0 1.550390 7.0 1.629576 8.0 1.703636 9.0 1.766831 10.0 1.835946 11.0 nan 12.0 nan 13.0 nan 14.0 nan 15.0 nan 16.0 nan 17.0 nan 18.0 nan 19.0 nan 20.0 nan 21.0 nan 22.0 nan 23.0 nan 24.0 nan 25.0 nan 26.0 nan 27.0 nan 28.0 nan 29.0 nan 30.0 nan
228.114826  0.0 0.846401 1.0 0.997170 2.0 1.137571 3.0 1.261899 4.0 1.369648 5.0 1.466781 6.0 1.554038 7.0 1.631747 8.0 1.707595 9.0 1.768991 10.0 nan 11.0 nan 12.0 nan 13.0 nan 14.0 nan 15.0 nan 16.0 nan 17.0 nan 18.0 nan 19.0 nan 20.0 nan 21.0 nan 22.0 nan 23.0 nan 24.0 nan 25.0 nan 26.0 nan 27.0 nan 28.0 nan 29.0 nan 30.0 nan
241.268564  0.0 0.856434 1.0 1.006748 2.0 1.146398 3.0 1.267220 4.0 1.374177 5.0 1.469634 6.0 1.556982 7.0 1.633920 8.0 1.711563 9.0 nan 10.0 nan 11.0 nan 12.0 nan 13.0 nan 14.0 nan 15.0 nan 16.0 nan 17.0 nan 18.0 nan 19.0 nan 20.0 nan 21.0 nan 22.0 nan 23.0 nan 24.0 nan 25.0 nan 26.0 nan 27.0 nan 28.0 nan 29.0 nan 30.0 nan
255.180783  0.0 0.865936 1.0 1.016043 2.0 1.153158 3.0 1.272053 4.0 1.377773 5.0 1.472216 6.0 1.559620 7.0 1.636096 8.0 nan 9.0 nan 10.0 nan 11.0 nan 12.0 nan 13.0 nan 14.0 nan 15.0 nan 16.0 nan 17.0 nan 18.0 nan 19.0 nan 20.0 nan 21.0 nan 22.0 nan 23.0 nan 24.0 nan 25.0 nan 26.0 nan 27.0 nan 28.0 nan 29.0 nan 30.0 nan
269.895220  0.0 0.874914 1.0 1.024607 2.0 1.158583 3.0 1.276099 4.0 1.380866 5.0 1.474803 6.0 1.562262 7.0 1.673139 8.0 nan 9.0 nan 10.0 nan 11.0 nan 12.0 nan 13.0 nan 14.0 nan 15.0 nan 16.0 nan 17.0 nan 18.0 nan 19.0 nan 20.0 nan 21.0 nan 22.0 nan 23.0 nan 24.0 nan 25.0 nan 26.0 nan 27.0 nan 28.0 nan 29.0 nan 30.0 nan
285.458131  0.0 0.883351 1.0 1.032231 2.0 1.163399 3.0 1.279883 4.0 1.383967 5.0 1.477814 6.0 1.564909 7.0 nan 8.0 nan 9.0 nan 10.0 nan 11.0 nan 12.0 nan 13.0 nan 14.0 nan 15.0 nan 16.0 nan 17.0 nan 18.0 nan 19.0 nan 20.0 nan 21.0 nan 22.0 nan 23.0 nan 24.0 nan 25.0 nan 26.0 nan 27.0 nan 28.0 nan 29.0 nan 30.0 nan
301.918444  0.0 0.891518 1.0 1.038147 2.0 1.167360 3.0 1.282507 4.0 1.386827 5.0 1.482763 6.0 nan 7.0 nan 8.0 nan 9.0 nan 10.0 nan 11.0 nan 12.0 nan 13.0 nan 14.0 nan 15.0 nan 16.0 nan 17.0 nan 18.0 nan 19.0 nan 20.0 nan 21.0 nan 22.0 nan 23.0 nan 24.0 nan 25.0 nan 26.0 nan 27.0 nan 28.0 nan 29.0 nan 30.0 nan
319.327905  0.0 0.899091 1.0 1.042873 2.0 1.171182 3.0 1.284240 4.0 1.389622 5.0 1.504669 6.0 nan 7.0 nan 8.0 nan 9.0 nan 10.0 nan 11.0 nan 12.0 nan 13.0 nan 14.0 nan 15.0 nan 16.0 nan 17.0 nan 18.0 nan 19.0 nan 20.0 nan 21.0 nan 22.0 nan 23.0 nan 24.0 nan 25.0 nan 26.0 nan 27.0 nan 28.0 nan 29.0 nan 30.0 nan
337.741243  0.0 0.905617 1.0 1.046966 2.0 1.173871 3.0 1.285976 4.0 1.392422 5.0 nan 6.0 nan 7.0 nan 8.0 nan 9.0 nan 10.0 nan 11.0 nan 12.0 nan 13.0 nan 14.0 nan 15.0 nan 16.0 nan 17.0 nan 18.0 nan 19.0 nan 20.0 nan 21.0 nan 22.0 nan 23.0 nan 24.0 nan 25.0 nan 26.0 nan 27.0 nan 28.0 nan 29.0 nan 30.0 nan
357.216346  0.0 0.910546 1.0 1.050657 2.0 1.176566 3.0 1.287713 4.0 1.426162 5.0 nan 6.0 nan 7.0 nan 8.0 nan 9.0 nan 10.0 nan 11.0 nan 12.0 nan 13.0 nan 14.0 nan 15.0 nan 16.0 nan 17.0 nan 18.0 nan 19.0 nan 20.0 nan 21.0 nan 22.0 nan 23.0 nan 24.0 nan 25.0 nan 26.0 nan 27.0 nan 28.0 nan 29.0 nan 30.0 nan
377.814438  0.0 0.914606 1.0 1.053830 2.0 1.179297 3.0 1.289453 4.0 nan 5.0 nan 6.0 nan 7.0 nan 8.0 nan 9.0 nan 10.0 nan 11.0 nan 12.0 nan 13.0 nan 14.0 nan 15.0 nan 16.0 nan 17.0 nan 18.0 nan 19.0 nan 20.0 nan 21.0 nan 22.0 nan 23.0 nan 24.0 nan 25.0 nan 26.0 nan 27.0 nan 28.0 nan 29.0 nan 30.0 nan
399.600273  0.0 0.918265 1.0 1.056589 2.0 1.182101 3.0 1.325771 4.0 nan 5.0 nan 6.0 nan 7.0 nan 8.0 nan 9.0 nan 10.0 nan 11.0 nan 12.0 nan 13.0 nan 14.0 nan 15.0 nan 16.0 nan 17.0 nan 18.0 nan 19.0 nan 20.0 nan 21.0 nan 22.0 nan 23.0 nan 24.0 nan 25.0 nan 26.0 nan 27.0 nan 28.0 nan 29.0 nan 30.0 nan
422.642341  0.0 0.921630 1.0 1.058381 2.0 1.184912 3.0 nan 4.0 nan 5.0 nan 6.0 nan 7.0 nan 8.0 nan 9.0 nan 10.0 nan 11.0 nan 12.0 nan 13.0 nan 14.0 nan 15.0 nan 16.0 nan 17.0 nan 18.0 nan 19.0 nan 20.0 nan 21.0 nan 22.0 nan 23.0 nan 24.0 nan 25.0 nan 26.0 nan 27.0 nan 28.0 nan 29.0 nan 30.0 nan
447.013078  0.0 0.924049 1.0 1.060176 2.0 1.207150 3.0 nan 4.0 nan 5.0 nan 6.0 nan 7.0 nan 8.0 nan 9.0 nan 10.0 nan 11.0 nan 12.0 nan 13.0 nan 14.0 nan 15.0 nan 16.0 nan 17.0 nan 18.0 nan 19.0 nan 20.0 nan 21.0 nan 22.0 nan 23.0 nan 24.0 nan 25.0 nan 26.0 nan 27.0 nan 28.0 nan 29.0 nan 30.0 nan
472.789100  0.0 0.926255 1.0 1.061973 2.0 nan 3.0 nan 4.0 nan 5.0 nan 6.0 nan 7.0 nan 8.0 nan 9.0 nan 10.0 nan 11.0 nan 12.0 nan 13.0 nan 14.0 nan 15.0 nan 16.0 nan 17.0 nan 18.0 nan 19.0 nan 20.0 nan 21.0 nan 22.0 nan 23.0 nan 24.0 nan 25.0 nan 26.0 nan 27.0 nan 28.0 nan 29.0 nan 30.0 nan
500.051440  0.0 0.928584 1.0 1.076648 2.0 nan 3.0 nan 4.0 nan 5.0 nan 6.0 nan 7.0 nan 8.0 nan 9.0 nan 10.0 nan 11.0 nan 12.0 nan 13.0 nan 14.0 nan 15.0 nan 16.0 nan 17.0 nan 18.0 nan 19.0 nan 20.0 nan 21.0 nan 22.0 nan 23.0 nan 24.0 nan 25.0 nan 26.0 nan 27.0 nan 28.0 nan 29.0 nan 30.0 nan
528.885802  0.0 0.931882 1.0 nan 2.0 nan 3.0 nan 4.0 nan 5.0 nan 6.0 nan 7.0 nan 8.0 nan 9.0 nan 10.0 nan 11.0 nan 12.0 nan 13.0 nan 14.0 nan 15.0 nan 16.0 nan 17.0 nan 18.0 nan 19.0 nan 20.0 nan 21.0 nan 22.0 nan 23.0 nan 24.0 nan 25.0 nan 26.0 nan 27.0 nan 28.0 nan 29.0 nan 30.0 nan
559.382834  0.0 0.940115 1.0 nan 2.0 nan 3.0 nan 4.0 nan 5.0 nan 6.0 nan 7.0 nan 8.0 nan 9.0 nan 10.0 nan 11.0 nan 12.0 nan 13.0 nan 14.0 nan 15.0 nan 16.0 nan 17.0 nan 18.0 nan 19.0 nan 20.0 nan 21.0 nan 22.0 nan 23.0 nan 24.0 nan 25.0 nan 26.0 nan 27.0 nan 28.0 nan 29.0 nan 30.0 nan
591.638410  0.0 0.957787 1.0 nan 2.0 nan 3.0 nan 4.0 nan 5.0 nan 6.0 nan 7.0 nan 8.0 nan 9.0 nan 10.0 nan 11.0 nan 12.0 nan 13.0 nan 14.0 nan 15.0 nan 16.0 nan 17.0 nan 18.0 nan 19.0 nan 20.0 nan 21.0 nan 22.0 nan 23.0 nan 24.0 nan 25.0 nan 26.0 nan 27.0 nan 28.0 nan 29.0 nan 30.0 nan
625.753932  0.0 nan 1.0 nan 2.0 nan 3.0 nan 4.0 nan 5.0 nan 6.0 nan 7.0 nan 8.0 nan 9.0 nan 10.0 nan 11.0 nan 12.0 nan 13.0 nan 14.0 nan 15.0 nan 16.0 nan 17.0 nan 18.0 nan 19.0 nan 20.0 nan 21.0 nan 22.0 nan 23.0 nan 24.0 nan 25.0 nan 26.0 nan 27.0 nan 28.0 nan 29.0 nan 30.0 nan
661.836651  0.0 nan 1.0 nan 2.0 nan 3.0 nan 4.0 nan 5.0 nan 6.0 nan 7.0 nan 8.0 nan 9.0 nan 10.0 nan 11.0 nan 12.0 nan 13.0 nan 14.0 nan 15.0 nan 16.0 nan 17.0 nan 18.0 nan 19.0 nan 20.0 nan 21.0 nan 22.0 nan 23.0 nan 24.0 nan 25.0 nan 26.0 nan 27.0 nan 28.0 nan 29.0 nan 30.0 nan
700.000000  0.0 nan 1.0 nan 2.0 nan 3.0 nan 4.0 nan 5.0 nan 6.0 nan 7.0 nan 8.0 nan 9.0 nan 10.0 nan 11.0 nan 12.0 nan 13.0 nan 14.0 nan 15.0 nan 16.0 nan 17.0 nan 18.0 nan 19.0 nan 20.0 nan 21.0 nan 22.0 nan 23.0 nan 24.0 nan 25.0 nan 26.0 nan 27.0 nan 28.0 nan 29.0 nan 30.0 nan
