0.010000  0.0 0.105460 1.0 0.120154 2.0 0.133413 3.0 0.145402 4.0 0.156271 5.0 0.166152 6.0 0.175161 7.0 0.183400 8.0 0.190960 9.0 0.197920 10.0 0.204346 11.0 0.210298 12.0 0.215825 13.0 0.220971 14.0 0.225769 15.0 0.230250 16.0 0.234439 17.0 0.238355 18.0 0.242015 19.0 0.245430 20.0 0.248613 21.0 0.251572 22.0 0.254313 23.0 0.256846 24.0 0.259177 25.0 0.261315 26.0 0.263269 27.0 0.265050 28.0 0.266673 29.0 0.268155 30.0 0.269518
0.010577  0.0 0.105806 1.0 0.120548 2.0 0.133848 3.0 0.145876 4.0 0.156780 5.0 0.166691 6.0 0.175728 7.0 0.183994 8.0 0.191579 9.0 0.198560 10.0 0.205006 11.0 0.210977 12.0 0.216522 13.0 0.221682 14.0 0.226497 15.0 0.230992 16.0 0.235194 17.0 0.239122 18.0 0.242792 19.0 0.246219 20.0 0.249411 21.0 0.252378 22.0 0.255129 23.0 0.257670 24.0 0.260008 25.0 0.262151 26.0 0.264111 27.0 0.265898 28.0 0.267526 29.0 0.269012 30.0 0.270379
0.011187  0.0 0.106155 1.0 0.120943 2.0 0.134287 3.0 0.146353 4.0 0.157292 5.0 0.167235 6.0 0.176302 7.0 0.184593 8.0 0.192201 9.0 0.199205 10.0 0.205672 11.0 0.211661 12.0 0.217223 13.0 0.222401 14.0 0.227229 15.0 0.231738 16.0 0.235953 17.0 0.239894 18.0 0.243576 19.0 0.247012 20.0 0.250215 21.0 0.253192 22.0 0.255950 23.0 0.258498 24.0 0.260843 25.0 0.262994 26.0 0.264960 27.0 0.266752 28.0 0.268385 29.0 0.269876 30.0 0.271246
0.011832  0.0 0.106506 1.0 0.121342 2.0 0.134729 3.0 0.146833 4.0 0.157807 5.0 0.167782 6.0 0.176877 7.0 0.185195 8.0 0.192828 9.0 0.199853 10.0 0.206341 11.0 0.212349 12.0 0.217929 13.0 0.223122 14.0 0.227966 15.0 0.232490 16.0 0.236717 17.0 0.240670 18.0 0.244363 19.0 0.247811 20.0 0.251023 21.0 0.254008 22.0 0.256776 23.0 0.259332 24.0 0.261685 25.0 0.263841 26.0 0.265813 27.0 0.267611 28.0 0.269248 29.0 0.270743 30.0 0.272119
0.012514  0.0 0.106858 1.0 0.121743 2.0 0.135173 3.0 0.147317 4.0 0.158326 5.0 0.168333 6.0 0.177457 7.0 0.185802 8.0 0.193458 9.0 0.200507 10.0 0.207015 11.0 0.213042 12.0 0.218639 13.0 0.223849 14.0 0.228708 15.0 0.233245 16.0 0.237487 17.0 0.241452 18.0 0.245157 19.0 0.248615 20.0 0.251837 21.0 0.254832 22.0 0.257608 23.0 0.260172 24.0 0.262531 25.0 0.264695 26.0 0.266673 27.0 0.268476 28.0 0.270118 29.0 0.271619 30.0 0.272997
0.013235  0.0 0.107214 1.0 0.122148 2.0 0.135621 3.0 0.147804 4.0 0.158848 5.0 0.168887 6.0 0.178040 7.0 0.186412 8.0 0.194094 9.0 0.201163 10.0 0.207692 11.0 0.213739 12.0 0.219354 13.0 0.224580 14.0 0.229455 15.0 0.234007 16.0 0.238261 17.0 0.242239 18.0 0.245955 19.0 0.249424 20.0 0.252656 21.0 0.255660 22.0 0.258445 23.0 0.261017 24.0 0.263384 25.0 0.265553 26.0 0.267537 27.0 0.269346 28.0 0.270993 29.0 0.272497 30.0 0.273881
0.013999  0.0 0.107571 1.0 0.122554 2.0 0.136071 3.0 0.148294 4.0 0.159374 5.0 0.169446 6.0 0.178629 7.0 0.187027 8.0 0.194732 9.0 0.201826 10.0 0.208375 11.0 0.214440 12.0 0.220073 13.0 0.225317 14.0 0.230206 15.0 0.234772 16.0 0.239041 17.0 0.243031 18.0 0.246759 19.0 0.250238 20.0 0.253481 21.0 0.256495 22.0 0.259287 23.0 0.261867 24.0 0.264241 25.0 0.266419 26.0 0.268408 27.0 0.270222 28.0 0.271875 29.0 0.273384 30.0 0.274771
0.014806  0.0 0.107932 1.0 0.122963 2.0 0.136525 3.0 0.148787 4.0 0.159903 5.0 0.170007 6.0 0.179219 7.0 0.187645 8.0 0.195376 9.0 0.202491 10.0 0.209062 11.0 0.215147 12.0 0.220798 13.0 0.226057 14.0 0.230963 15.0 0.235544 16.0 0.239825 17.0 0.243828 18.0 0.247567 19.0 0.251058 20.0 0.254311 21.0 0.257333 22.0 0.260135 23.0 0.262723 24.0 0.265105 25.0 0.267287 26.0 0.269284 27.0 0.271103 28.0 0.272761 29.0 0.274274 30.0 0.275666
0.015659  0.0 0.108294 1.0 0.123375 2.0 0.136981 3.0 0.149284 4.0 0.160435 5.0 0.170573 6.0 0.179815 7.0 0.188268 8.0 0.196023 9.0 0.203162 10.0 0.209754 11.0 0.215858 12.0 0.221527 13.0 0.226804 14.0 0.231724 15.0 0.236319 16.0 0.240615 17.0 0.244630 18.0 0.248382 19.0 0.251883 20.0 0.255146 21.0 0.258179 22.0 0.260989 23.0 0.263584 24.0 0.265973 25.0 0.268164 26.0 0.270166 27.0 0.271991 28.0 0.273654 29.0 0.275172 30.0 0.276567
0.016562  0.0 0.108659 1.0 0.123790 2.0 0.137440 3.0 0.149783 4.0 0.160972 5.0 0.171142 6.0 0.180414 7.0 0.188894 8.0 0.196675 9.0 0.203836 10.0 0.210449 11.0 0.216574 12.0 0.222261 13.0 0.227554 14.0 0.232491 15.0 0.237101 16.0 0.241410 17.0 0.245438 18.0 0.249201 19.0 0.252714 20.0 0.255987 21.0 0.259028 22.0 0.261848 23.0 0.264452 24.0 0.266848 25.0 0.269044 26.0 0.271053 27.0 0.272884 28.0 0.274552 29.0 0.276074 30.0 0.277474
0.017518  0.0 0.109026 1.0 0.124208 2.0 0.137903 3.0 0.150287 4.0 0.161511 5.0 0.171716 6.0 0.181018 7.0 0.189526 8.0 0.197331 9.0 0.204516 10.0 0.211151 11.0 0.217294 12.0 0.222999 13.0 0.228311 14.0 0.233262 15.0 0.237887 16.0 0.242210 17.0 0.246251 18.0 0.250026 19.0 0.253550 20.0 0.256833 21.0 0.259885 22.0 0.262713 23.0 0.265324 24.0 0.267729 25.0 0.269933 26.0 0.271947 27.0 0.273783 28.0 0.275457 29.0 0.276984 30.0 0.278388
0.018528  0.0 0.109397 1.0 0.124628 2.0 0.138369 3.0 0.150793 4.0 0.162056 5.0 0.172292 6.0 0.181625 7.0 0.190161 8.0 0.197992 9.0 0.205199 10.0 0.211855 11.0 0.218020 12.0 0.223744 13.0 0.229071 14.0 0.234040 15.0 0.238680 16.0 0.243016 17.0 0.247069 18.0 0.250856 19.0 0.254392 20.0 0.257685 21.0 0.260746 22.0 0.263583 23.0 0.266204 24.0 0.268615 25.0 0.270825 26.0 0.272846 27.0 0.274688 28.0 0.276366 29.0 0.277898 30.0 0.279307
0.019596  0.0 0.109769 1.0 0.125051 2.0 0.138838 3.0 0.151303 4.0 0.162602 5.0 0.172873 6.0 0.182237 7.0 0.190800 8.0 0.198656 9.0 0.205889 10.0 0.212566 11.0 0.218749 12.0 0.224492 13.0 0.229837 14.0 0.234821 15.0 0.239475 16.0 0.243826 17.0 0.247893 18.0 0.251693 19.0 0.255239 20.0 0.258542 21.0 0.261614 22.0 0.264460 23.0 0.267088 24.0 0.269507 25.0 0.271725 26.0 0.273752 27.0 0.275599 28.0 0.277283 29.0 0.278820 30.0 0.280233
0.020726  0.0 0.110144 1.0 0.125477 2.0 0.139310 3.0 0.151817 4.0 0.163154 5.0 0.173457 6.0 0.182852 7.0 0.191444 8.0 0.199326 9.0 0.206581 10.0 0.213280 11.0 0.219485 12.0 0.225246 13.0 0.230608 14.0 0.235609 15.0 0.240279 16.0 0.244643 17.0 0.248722 18.0 0.252534 19.0 0.256092 20.0 0.259406 21.0 0.262487 22.0 0.265341 23.0 0.267979 24.0 0.270405 25.0 0.272629 26.0 0.274663 27.0 0.276517 28.0 0.278205 29.0 0.279746 30.0 0.281163
0.021921  0.0 0.110521 1.0 0.125907 2.0 0.139786 3.0 0.152334 4.0 0.163707 5.0 0.174047 6.0 0.183472 7.0 0.192092 8.0 0.200000 9.0 0.207280 10.0 0.214001 11.0 0.220224 12.0 0.226004 13.0 0.231385 14.0 0.236401 15.0 0.241085 16.0 0.245464 17.0 0.249558 18.0 0.253381 19.0 0.256950 20.0 0.260275 21.0 0.263366 22.0 0.266230 23.0 0.268874 24.0 0.271309 25.0 0.273541 26.0 0.275581 27.0 0.277440 28.0 0.279134 29.0 0.280681 30.0 0.282102
0.023185  0.0 0.110902 1.0 0.126338 2.0 0.140264 3.0 0.152854 4.0 0.164267 5.0 0.174639 6.0 0.184096 7.0 0.192744 8.0 0.200679 9.0 0.207982 10.0 0.214725 11.0 0.220970 12.0 0.226769 13.0 0.232166 14.0 0.237199 15.0 0.241900 16.0 0.246292 17.0 0.250397 18.0 0.254234 19.0 0.257815 20.0 0.261151 21.0 0.264251 22.0 0.267123 23.0 0.269778 24.0 0.272219 25.0 0.274458 26.0 0.276504 27.0 0.278369 28.0 0.280069 29.0 0.281619 30.0 0.283045
0.024522  0.0 0.111284 1.0 0.126774 2.0 0.140746 3.0 0.153378 4.0 0.164828 5.0 0.175236 6.0 0.184724 7.0 0.193401 8.0 0.201361 9.0 0.208689 10.0 0.215455 11.0 0.221719 12.0 0.227537 13.0 0.232953 14.0 0.238002 15.0 0.242717 16.0 0.247124 17.0 0.251244 18.0 0.255093 19.0 0.258684 20.0 0.262031 21.0 0.265141 22.0 0.268024 23.0 0.270685 24.0 0.273136 25.0 0.275382 26.0 0.277434 27.0 0.279305 28.0 0.281010 29.0 0.282566 30.0 0.283996
0.025936  0.0 0.111670 1.0 0.127211 2.0 0.141231 3.0 0.153906 4.0 0.165395 5.0 0.175837 6.0 0.185357 7.0 0.194063 8.0 0.202050 9.0 0.209401 10.0 0.216189 11.0 0.222476 12.0 0.228313 13.0 0.233745 14.0 0.238812 15.0 0.243542 16.0 0.247964 17.0 0.252095 18.0 0.255957 19.0 0.259561 20.0 0.262918 21.0 0.266038 22.0 0.268929 23.0 0.271601 24.0 0.274057 25.0 0.276311 26.0 0.278370 27.0 0.280247 28.0 0.281957 29.0 0.283518 30.0 0.284952
0.027432  0.0 0.112058 1.0 0.127653 2.0 0.141720 3.0 0.154437 4.0 0.165964 5.0 0.176442 6.0 0.185993 7.0 0.194728 8.0 0.202742 9.0 0.210118 10.0 0.216929 11.0 0.223235 12.0 0.229091 13.0 0.234543 14.0 0.239625 15.0 0.244371 16.0 0.248807 17.0 0.252954 18.0 0.256827 19.0 0.260442 20.0 0.263810 21.0 0.266941 22.0 0.269843 23.0 0.272520 24.0 0.274987 25.0 0.277247 26.0 0.279312 27.0 0.281195 28.0 0.282911 29.0 0.284477 30.0 0.285916
0.029013  0.0 0.112449 1.0 0.128096 2.0 0.142211 3.0 0.154973 4.0 0.166539 5.0 0.177051 6.0 0.186635 7.0 0.195399 8.0 0.203440 9.0 0.210840 10.0 0.217673 11.0 0.224001 12.0 0.229877 13.0 0.235346 14.0 0.240446 15.0 0.245207 16.0 0.249658 17.0 0.253816 18.0 0.257704 19.0 0.261331 20.0 0.264710 21.0 0.267851 22.0 0.270760 23.0 0.273449 24.0 0.275921 25.0 0.278189 26.0 0.280262 27.0 0.282151 28.0 0.283871 29.0 0.285442 30.0 0.286884
0.030686  0.0 0.112842 1.0 0.128544 2.0 0.142707 3.0 0.155511 4.0 0.167116 5.0 0.177665 6.0 0.187280 7.0 0.196073 8.0 0.204142 9.0 0.211567 10.0 0.218423 11.0 0.224772 12.0 0.230667 13.0 0.236154 14.0 0.241270 15.0 0.246048 16.0 0.250513 17.0 0.254687 18.0 0.258586 19.0 0.262224 20.0 0.265614 21.0 0.268765 22.0 0.271686 23.0 0.274381 24.0 0.276863 25.0 0.279138 26.0 0.281216 27.0 0.283111 28.0 0.284837 29.0 0.286414 30.0 0.287862
0.032456  0.0 0.113239 1.0 0.128994 2.0 0.143206 3.0 0.156054 4.0 0.167698 5.0 0.178282 6.0 0.187931 7.0 0.196754 8.0 0.204849 9.0 0.212299 10.0 0.219178 11.0 0.225548 12.0 0.231463 13.0 0.236969 14.0 0.242102 15.0 0.246896 16.0 0.251376 17.0 0.255562 18.0 0.259475 19.0 0.263126 20.0 0.266527 21.0 0.269688 22.0 0.272616 23.0 0.275322 24.0 0.277810 25.0 0.280093 26.0 0.282179 27.0 0.284080 28.0 0.285812 29.0 0.287392 30.0 0.288844
0.034327  0.0 0.113638 1.0 0.129448 2.0 0.143708 3.0 0.156600 4.0 0.168284 5.0 0.178904 6.0 0.188585 7.0 0.197438 8.0 0.205561 9.0 0.213036 10.0 0.219938 11.0 0.226330 12.0 0.232264 13.0 0.237788 14.0 0.242939 15.0 0.247748 16.0 0.252242 17.0 0.256444 18.0 0.260368 19.0 0.264031 20.0 0.267444 21.0 0.270615 22.0 0.273554 23.0 0.276268 24.0 0.278766 25.0 0.281055 26.0 0.283146 27.0 0.285053 28.0 0.286791 29.0 0.288377 30.0 0.289835
0.036307  0.0 0.114039 1.0 0.129904 2.0 0.144214 3.0 0.157150 4.0 0.168874 5.0 0.179531 6.0 0.189245 7.0 0.198128 8.0 0.206277 9.0 0.213778 10.0 0.220704 11.0 0.227117 12.0 0.233071 13.0 0.238614 14.0 0.243781 15.0 0.248607 16.0 0.253117 17.0 0.257331 18.0 0.261270 19.0 0.264945 20.0 0.268368 21.0 0.271550 22.0 0.274498 23.0 0.277221 24.0 0.279725 25.0 0.282023 26.0 0.284122 27.0 0.286036 28.0 0.287778 29.0 0.289369 30.0 0.290830
0.038400  0.0 0.114445 1.0 0.130364 2.0 0.144723 3.0 0.157704 4.0 0.169469 5.0 0.180161 6.0 0.189908 7.0 0.198822 8.0 0.207000 9.0 0.214525 10.0 0.221474 11.0 0.227909 12.0 0.233884 13.0 0.239444 14.0 0.244630 15.0 0.249472 16.0 0.253996 17.0 0.258226 18.0 0.262176 19.0 0.265863 20.0 0.269298 21.0 0.272489 22.0 0.275449 23.0 0.278180 24.0 0.280694 25.0 0.282998 26.0 0.285103 27.0 0.287022 28.0 0.288771 29.0 0.290367 30.0 0.291834
0.040614  0.0 0.114852 1.0 0.130827 2.0 0.145236 3.0 0.158262 4.0 0.170067 5.0 0.180797 6.0 0.190577 7.0 0.199521 8.0 0.207726 9.0 0.215278 10.0 0.222251 11.0 0.228707 12.0 0.234702 13.0 0.240282 14.0 0.245484 15.0 0.250342 16.0 0.254882 17.0 0.259125 18.0 0.263090 19.0 0.266789 20.0 0.270235 21.0 0.273438 22.0 0.276405 23.0 0.279146 24.0 0.281668 25.0 0.283980 26.0 0.286093 27.0 0.288019 28.0 0.289773 29.0 0.291374 30.0 0.292844
0.042956  0.0 0.115263 1.0 0.131294 2.0 0.145752 3.0 0.158824 4.0 0.170670 5.0 0.181436 6.0 0.191250 7.0 0.200225 8.0 0.208459 9.0 0.216035 10.0 0.223032 11.0 0.229511 12.0 0.235526 13.0 0.241124 14.0 0.246345 15.0 0.251220 16.0 0.255774 17.0 0.260032 18.0 0.264009 19.0 0.267721 20.0 0.271179 21.0 0.274391 22.0 0.277369 23.0 0.280119 24.0 0.282649 25.0 0.284968 26.0 0.287087 27.0 0.289020 28.0 0.290779 29.0 0.292385 30.0 0.293862
0.045433  0.0 0.115676 1.0 0.131764 2.0 0.146273 3.0 0.159389 4.0 0.171276 5.0 0.182080 6.0 0.191929 7.0 0.200934 8.0 0.209195 9.0 0.216799 10.0 0.223820 11.0 0.230319 12.0 0.236355 13.0 0.241974 14.0 0.247211 15.0 0.252102 16.0 0.256673 17.0 0.260945 18.0 0.264936 19.0 0.268659 20.0 0.272128 21.0 0.275353 22.0 0.278340 23.0 0.281098 24.0 0.283637 25.0 0.285965 26.0 0.288091 27.0 0.290029 28.0 0.291795 29.0 0.293406 30.0 0.294886
0.048053  0.0 0.116093 1.0 0.132237 2.0 0.146797 3.0 0.159960 4.0 0.171888 5.0 0.182728 6.0 0.192611 7.0 0.201648 8.0 0.209938 9.0 0.217567 10.0 0.224611 11.0 0.231135 12.0 0.237192 13.0 0.242828 14.0 0.248084 15.0 0.252992 16.0 0.257577 17.0 0.261863 18.0 0.265868 19.0 0.269605 20.0 0.273085 21.0 0.276320 22.0 0.279317 23.0 0.282085 24.0 0.284632 25.0 0.286966 26.0 0.289100 27.0 0.291044 28.0 0.292815 29.0 0.294431 30.0 0.295918
0.050824  0.0 0.116512 1.0 0.132714 2.0 0.147325 3.0 0.160533 4.0 0.172503 5.0 0.183383 6.0 0.193299 7.0 0.202367 8.0 0.210685 9.0 0.218342 10.0 0.225411 11.0 0.231955 12.0 0.238032 13.0 0.243689 14.0 0.248962 15.0 0.253886 16.0 0.258488 17.0 0.262789 18.0 0.266807 19.0 0.270556 20.0 0.274048 21.0 0.277294 22.0 0.280302 23.0 0.283078 24.0 0.285634 25.0 0.287977 26.0 0.290117 27.0 0.292068 28.0 0.293845 29.0 0.295467 30.0 0.296957
0.053755  0.0 0.116935 1.0 0.133193 2.0 0.147857 3.0 0.161112 4.0 0.173124 5.0 0.184040 6.0 0.193992 7.0 0.203091 8.0 0.211439 9.0 0.219121 10.0 0.226214 11.0 0.232783 12.0 0.238881 13.0 0.244556 14.0 0.249848 15.0 0.254789 16.0 0.259406 17.0 0.263721 18.0 0.267753 19.0 0.271515 20.0 0.275019 21.0 0.278275 22.0 0.281292 23.0 0.284079 24.0 0.286642 25.0 0.288992 26.0 0.291140 27.0 0.293098 28.0 0.294881 29.0 0.296507 30.0 0.298002
0.056854  0.0 0.117361 1.0 0.133677 2.0 0.148392 3.0 0.161693 4.0 0.173748 5.0 0.184703 6.0 0.194689 7.0 0.203820 8.0 0.212197 9.0 0.219907 10.0 0.227024 11.0 0.233615 12.0 0.239734 13.0 0.245429 14.0 0.250739 15.0 0.255697 16.0 0.260330 17.0 0.264660 18.0 0.268705 19.0 0.272479 20.0 0.275995 21.0 0.279263 22.0 0.282291 23.0 0.285085 24.0 0.287659 25.0 0.290017 26.0 0.292171 27.0 0.294135 28.0 0.295924 29.0 0.297557 30.0 0.299056
0.060133  0.0 0.117789 1.0 0.134164 2.0 0.148932 3.0 0.162281 4.0 0.174377 5.0 0.185371 6.0 0.195392 7.0 0.204556 8.0 0.212961 9.0 0.220698 10.0 0.227840 11.0 0.234454 12.0 0.240594 13.0 0.246309 14.0 0.251637 15.0 0.256612 16.0 0.261261 17.0 0.265605 18.0 0.269665 19.0 0.273452 20.0 0.276980 21.0 0.280259 22.0 0.283295 23.0 0.286101 24.0 0.288681 25.0 0.291048 26.0 0.293210 27.0 0.295180 28.0 0.296975 29.0 0.298612 30.0 0.300116
0.063600  0.0 0.118221 1.0 0.134655 2.0 0.149475 3.0 0.162871 4.0 0.175011 5.0 0.186043 6.0 0.196099 7.0 0.205295 8.0 0.213731 9.0 0.221494 10.0 0.228661 11.0 0.235298 12.0 0.241460 13.0 0.247194 14.0 0.252541 15.0 0.257533 16.0 0.262197 17.0 0.266558 18.0 0.270630 19.0 0.274430 20.0 0.277970 21.0 0.281260 22.0 0.284309 23.0 0.287122 24.0 0.289713 25.0 0.292087 26.0 0.294255 27.0 0.296232 28.0 0.298032 29.0 0.299676 30.0 0.301186
0.067268  0.0 0.118656 1.0 0.135149 2.0 0.150023 3.0 0.163466 4.0 0.175649 5.0 0.186721 6.0 0.196813 7.0 0.206041 8.0 0.214505 9.0 0.222297 10.0 0.229489 11.0 0.236149 12.0 0.242332 13.0 0.248087 14.0 0.253452 15.0 0.258461 16.0 0.263143 17.0 0.267517 18.0 0.271604 19.0 0.275417 20.0 0.278969 21.0 0.282270 22.0 0.285328 23.0 0.288153 24.0 0.290750 25.0 0.293133 26.0 0.295309 27.0 0.297293 28.0 0.299099 29.0 0.300748 30.0 0.302261
0.071146  0.0 0.119094 1.0 0.135647 2.0 0.150573 3.0 0.164066 4.0 0.176293 5.0 0.187403 6.0 0.197531 7.0 0.206791 8.0 0.215287 9.0 0.223104 10.0 0.230322 11.0 0.237006 12.0 0.243211 13.0 0.248984 14.0 0.254369 15.0 0.259396 16.0 0.264093 17.0 0.268483 18.0 0.272583 19.0 0.276410 20.0 0.279974 21.0 0.283286 22.0 0.286355 23.0 0.289189 24.0 0.291796 25.0 0.294186 26.0 0.296368 27.0 0.298359 28.0 0.300171 29.0 0.301826 30.0 0.303346
0.075249  0.0 0.119536 1.0 0.136149 2.0 0.151129 3.0 0.164669 4.0 0.176939 5.0 0.188091 6.0 0.198254 7.0 0.207548 8.0 0.216072 9.0 0.223919 10.0 0.231162 11.0 0.237868 12.0 0.244095 13.0 0.249891 14.0 0.255293 15.0 0.260337 16.0 0.265051 17.0 0.269456 18.0 0.273571 19.0 0.277411 20.0 0.280987 21.0 0.284311 22.0 0.287390 23.0 0.290233 24.0 0.292849 25.0 0.295247 26.0 0.297438 27.0 0.299435 28.0 0.301254 29.0 0.302913 30.0 0.304437
0.079588  0.0 0.119980 1.0 0.136653 2.0 0.151688 3.0 0.165278 4.0 0.177593 5.0 0.188783 6.0 0.198983 7.0 0.208310 8.0 0.216865 9.0 0.224738 10.0 0.232007 11.0 0.238738 12.0 0.244987 13.0 0.250802 14.0 0.256224 15.0 0.261286 16.0 0.266016 17.0 0.270436 18.0 0.274565 19.0 0.278419 20.0 0.282007 21.0 0.285342 22.0 0.288432 23.0 0.291285 24.0 0.293910 25.0 0.296315 26.0 0.298514 27.0 0.300517 28.0 0.302342 29.0 0.304007 30.0 0.305537
0.084177  0.0 0.120429 1.0 0.137163 2.0 0.152252 3.0 0.165890 4.0 0.178250 5.0 0.189481 6.0 0.199717 7.0 0.209076 8.0 0.217663 9.0 0.225565 10.0 0.232860 11.0 0.239613 12.0 0.245884 13.0 0.251720 14.0 0.257160 15.0 0.262240 16.0 0.266987 17.0 0.271424 18.0 0.275567 19.0 0.279433 20.0 0.283034 21.0 0.286381 22.0 0.289482 23.0 0.292344 24.0 0.294978 25.0 0.297393 26.0 0.299598 27.0 0.301608 28.0 0.303439 29.0 0.305110 30.0 0.306645
0.089031  0.0 0.120880 1.0 0.137675 2.0 0.152820 3.0 0.166508 4.0 0.178912 5.0 0.190183 6.0 0.200457 7.0 0.209850 8.0 0.218467 9.0 0.226397 10.0 0.233717 11.0 0.240496 12.0 0.246789 13.0 0.252646 14.0 0.258106 15.0 0.263204 16.0 0.267967 17.0 0.272417 18.0 0.276576 19.0 0.280456 20.0 0.284070 21.0 0.287428 22.0 0.290538 23.0 0.293412 24.0 0.296054 25.0 0.298476 26.0 0.300690 27.0 0.302707 28.0 0.304544 29.0 0.306220 30.0 0.307760
0.094165  0.0 0.121335 1.0 0.138192 2.0 0.153392 3.0 0.167130 4.0 0.179579 5.0 0.190891 6.0 0.201201 7.0 0.210628 8.0 0.219277 9.0 0.227235 10.0 0.234582 11.0 0.241384 12.0 0.247700 13.0 0.253577 14.0 0.259057 15.0 0.264173 16.0 0.268952 17.0 0.273420 18.0 0.277592 19.0 0.281485 20.0 0.285111 21.0 0.288481 22.0 0.291604 23.0 0.294485 24.0 0.297138 25.0 0.299569 26.0 0.301790 27.0 0.303813 28.0 0.305657 29.0 0.307339 30.0 0.308884
0.099595  0.0 0.121793 1.0 0.138713 2.0 0.153969 3.0 0.167757 4.0 0.180250 5.0 0.191604 6.0 0.201952 7.0 0.211414 8.0 0.220092 9.0 0.228080 10.0 0.235453 11.0 0.242280 12.0 0.248618 13.0 0.254517 14.0 0.260015 15.0 0.265149 16.0 0.269947 17.0 0.274429 18.0 0.278617 19.0 0.282524 20.0 0.286163 21.0 0.289544 22.0 0.292676 23.0 0.295569 24.0 0.298229 25.0 0.300669 26.0 0.302898 27.0 0.304929 28.0 0.306778 29.0 0.308466 30.0 0.310015
0.105338  0.0 0.122255 1.0 0.139237 2.0 0.154549 3.0 0.168388 4.0 0.180928 5.0 0.192322 6.0 0.202708 7.0 0.212204 8.0 0.220915 9.0 0.228930 10.0 0.236330 11.0 0.243182 12.0 0.249543 13.0 0.255461 14.0 0.260981 15.0 0.266133 16.0 0.270947 17.0 0.275446 18.0 0.279647 19.0 0.283569 20.0 0.287220 21.0 0.290613 22.0 0.293757 23.0 0.296659 24.0 0.299330 25.0 0.301778 26.0 0.304013 27.0 0.306051 28.0 0.307907 29.0 0.309601 30.0 0.311156
0.111412  0.0 0.122720 1.0 0.139766 2.0 0.155135 3.0 0.169024 4.0 0.181610 5.0 0.193047 6.0 0.203470 7.0 0.213000 8.0 0.221742 9.0 0.229788 10.0 0.237215 11.0 0.244090 12.0 0.250474 13.0 0.256415 14.0 0.261953 15.0 0.267124 16.0 0.271956 17.0 0.276470 18.0 0.280687 19.0 0.284622 20.0 0.288286 21.0 0.291692 22.0 0.294846 23.0 0.297759 24.0 0.300438 25.0 0.302895 26.0 0.305139 27.0 0.307183 28.0 0.309046 29.0 0.310745 30.0 0.312304
0.117836  0.0 0.123189 1.0 0.140298 2.0 0.155724 3.0 0.169666 4.0 0.182298 5.0 0.193776 6.0 0.204238 7.0 0.213803 8.0 0.222577 9.0 0.230651 10.0 0.238104 11.0 0.245006 12.0 0.251413 13.0 0.257375 14.0 0.262934 15.0 0.268123 16.0 0.272971 17.0 0.277502 18.0 0.281734 19.0 0.285683 20.0 0.289360 21.0 0.292777 22.0 0.295943 23.0 0.298866 24.0 0.301555 25.0 0.304018 26.0 0.306270 27.0 0.308322 28.0 0.310191 29.0 0.311896 30.0 0.313462
0.124631  0.0 0.123662 1.0 0.140835 2.0 0.156318 3.0 0.170311 4.0 0.182990 5.0 0.194511 6.0 0.205011 7.0 0.214611 8.0 0.223417 9.0 0.231521 10.0 0.239002 11.0 0.245928 12.0 0.252358 13.0 0.258342 14.0 0.263920 15.0 0.269128 16.0 0.273994 17.0 0.278542 18.0 0.282789 19.0 0.286751 20.0 0.290441 21.0 0.293871 22.0 0.297048 23.0 0.299980 24.0 0.302679 25.0 0.305153 26.0 0.307412 27.0 0.309471 28.0 0.311346 29.0 0.313057 30.0 0.314628
0.131817  0.0 0.124137 1.0 0.141375 2.0 0.156917 3.0 0.170962 4.0 0.183688 5.0 0.195252 6.0 0.205791 7.0 0.215426 8.0 0.224264 9.0 0.232398 10.0 0.239906 11.0 0.246858 12.0 0.253312 13.0 0.259317 14.0 0.264916 15.0 0.270142 16.0 0.275026 17.0 0.279588 18.0 0.283852 19.0 0.287829 20.0 0.291532 21.0 0.294973 22.0 0.298160 23.0 0.301105 24.0 0.303812 25.0 0.306294 26.0 0.308562 27.0 0.310628 28.0 0.312509 29.0 0.314225 30.0 0.315802
0.139418  0.0 0.124617 1.0 0.141920 2.0 0.157520 3.0 0.171618 4.0 0.184392 5.0 0.195997 6.0 0.206575 7.0 0.216247 8.0 0.225118 9.0 0.233281 10.0 0.240817 11.0 0.247794 12.0 0.254271 13.0 0.260298 14.0 0.265918 15.0 0.271163 16.0 0.276064 17.0 0.280645 18.0 0.284921 19.0 0.288912 20.0 0.292629 21.0 0.296083 22.0 0.299283 23.0 0.302236 24.0 0.304954 25.0 0.307445 26.0 0.309720 27.0 0.311793 28.0 0.313681 29.0 0.315404 30.0 0.316986
0.147457  0.0 0.125101 1.0 0.142469 2.0 0.158128 3.0 0.172278 4.0 0.185099 5.0 0.196750 6.0 0.207367 7.0 0.217074 8.0 0.225977 9.0 0.234172 10.0 0.241735 11.0 0.248737 12.0 0.255238 13.0 0.261288 14.0 0.266927 15.0 0.272192 16.0 0.277112 17.0 0.281707 18.0 0.286001 19.0 0.290006 20.0 0.293737 21.0 0.297203 22.0 0.300412 23.0 0.303378 24.0 0.306103 25.0 0.308604 26.0 0.310887 27.0 0.312968 28.0 0.314862 29.0 0.316591 30.0 0.318177
0.155960  0.0 0.125588 1.0 0.143022 2.0 0.158741 3.0 0.172945 4.0 0.185814 5.0 0.197507 6.0 0.208164 7.0 0.217908 8.0 0.226845 9.0 0.235068 10.0 0.242659 11.0 0.249689 12.0 0.256214 13.0 0.262284 14.0 0.267945 15.0 0.273230 16.0 0.278166 17.0 0.282779 18.0 0.287087 19.0 0.291108 20.0 0.294851 21.0 0.298328 22.0 0.301552 23.0 0.304526 24.0 0.307264 25.0 0.309771 26.0 0.312062 27.0 0.314150 28.0 0.316051 29.0 0.317786 30.0 0.319379
0.164953  0.0 0.126079 1.0 0.143580 2.0 0.159358 3.0 0.173615 4.0 0.186534 5.0 0.198271 6.0 0.208967 7.0 0.218747 8.0 0.227717 9.0 0.235972 10.0 0.243592 11.0 0.250646 12.0 0.257195 13.0 0.263290 14.0 0.268970 15.0 0.274273 16.0 0.279229 17.0 0.283859 18.0 0.288183 19.0 0.292217 20.0 0.295974 21.0 0.299466 22.0 0.302699 23.0 0.305684 24.0 0.308431 25.0 0.310949 26.0 0.313248 27.0 0.315343 28.0 0.317251 29.0 0.318992 30.0 0.320589
0.174465  0.0 0.126574 1.0 0.144142 2.0 0.159980 3.0 0.174292 4.0 0.187259 5.0 0.199040 6.0 0.209778 7.0 0.219594 8.0 0.228598 9.0 0.236883 10.0 0.244531 11.0 0.251612 12.0 0.258186 13.0 0.264302 14.0 0.270004 15.0 0.275327 16.0 0.280300 17.0 0.284946 18.0 0.289287 19.0 0.293336 20.0 0.297107 21.0 0.300610 22.0 0.303855 23.0 0.306852 24.0 0.309607 25.0 0.312133 26.0 0.314441 27.0 0.316544 28.0 0.318458 29.0 0.320204 30.0 0.321809
0.184525  0.0 0.127073 1.0 0.144708 2.0 0.160607 3.0 0.174974 4.0 0.187990 5.0 0.199815 6.0 0.210593 7.0 0.220446 8.0 0.229485 9.0 0.237800 10.0 0.245477 11.0 0.252585 12.0 0.259183 13.0 0.265321 14.0 0.271045 15.0 0.276387 16.0 0.281378 17.0 0.286043 18.0 0.290398 19.0 0.294461 20.0 0.298246 21.0 0.301763 22.0 0.305020 23.0 0.308026 24.0 0.310794 25.0 0.313329 26.0 0.315644 27.0 0.317754 28.0 0.319676 29.0 0.321429 30.0 0.323038
0.195165  0.0 0.127576 1.0 0.145280 2.0 0.161239 3.0 0.175660 4.0 0.188726 5.0 0.200598 6.0 0.211416 7.0 0.221306 8.0 0.230377 9.0 0.238726 10.0 0.246432 11.0 0.253565 12.0 0.260187 13.0 0.266350 14.0 0.272094 15.0 0.277456 16.0 0.282467 17.0 0.287147 18.0 0.291520 19.0 0.295598 20.0 0.299397 21.0 0.302926 22.0 0.306193 23.0 0.309212 24.0 0.311987 25.0 0.314532 26.0 0.316857 27.0 0.318974 28.0 0.320902 29.0 0.322661 30.0 0.324275
0.206419  0.0 0.128082 1.0 0.145854 2.0 0.161876 3.0 0.176353 4.0 0.189469 5.0 0.201385 6.0 0.212245 7.0 0.222173 8.0 0.231279 9.0 0.239657 10.0 0.247392 11.0 0.254554 12.0 0.261201 13.0 0.267385 14.0 0.273152 15.0 0.278534 16.0 0.283562 17.0 0.288261 18.0 0.292648 19.0 0.296742 20.0 0.300554 21.0 0.304095 22.0 0.307377 23.0 0.310406 24.0 0.313192 25.0 0.315745 26.0 0.318077 27.0 0.320202 28.0 0.322137 29.0 0.323903 30.0 0.325524
0.218322  0.0 0.128593 1.0 0.146435 2.0 0.162518 3.0 0.177051 4.0 0.190217 5.0 0.202179 6.0 0.213080 7.0 0.223045 8.0 0.232186 9.0 0.240598 10.0 0.248362 11.0 0.255548 12.0 0.262221 13.0 0.268430 14.0 0.274216 15.0 0.279619 16.0 0.284667 17.0 0.289383 18.0 0.293787 19.0 0.297895 20.0 0.301722 21.0 0.305277 22.0 0.308569 23.0 0.311609 24.0 0.314405 25.0 0.316968 26.0 0.319309 27.0 0.321442 28.0 0.323384 29.0 0.325155 30.0 0.326781
0.230911  0.0 0.129108 1.0 0.147019 2.0 0.163165 3.0 0.177754 4.0 0.190971 5.0 0.202979 6.0 0.213922 7.0 0.223926 8.0 0.233101 9.0 0.241544 10.0 0.249338 11.0 0.256553 12.0 0.263250 13.0 0.269482 14.0 0.275292 15.0 0.280714 16.0 0.285780 17.0 0.290513 18.0 0.294934 19.0 0.299058 20.0 0.302899 21.0 0.306466 22.0 0.309770 23.0 0.312822 24.0 0.315628 25.0 0.318199 26.0 0.320549 27.0 0.322690 28.0 0.324638 29.0 0.326415 30.0 0.328048
0.244226  0.0 0.129627 1.0 0.147608 2.0 0.163817 3.0 0.178463 4.0 0.191731 5.0 0.203785 6.0 0.214770 7.0 0.224813 8.0 0.234024 9.0 0.242498 10.0 0.250321 11.0 0.257564 12.0 0.264287 13.0 0.270542 14.0 0.276373 15.0 0.281817 16.0 0.286901 17.0 0.291653 18.0 0.296090 19.0 0.300228 20.0 0.304083 21.0 0.307664 22.0 0.310982 23.0 0.314043 24.0 0.316861 25.0 0.319442 26.0 0.321799 27.0 0.323947 28.0 0.325904 29.0 0.327688 30.0 0.329326
0.258309  0.0 0.130150 1.0 0.148203 2.0 0.164475 3.0 0.179177 4.0 0.192497 5.0 0.204599 6.0 0.215626 7.0 0.225707 8.0 0.234952 9.0 0.243461 10.0 0.251314 11.0 0.258583 12.0 0.265332 13.0 0.271612 14.0 0.277464 15.0 0.282928 16.0 0.288033 17.0 0.292801 18.0 0.297256 19.0 0.301410 20.0 0.305279 21.0 0.308873 22.0 0.312201 23.0 0.315276 24.0 0.318101 25.0 0.320693 26.0 0.323060 27.0 0.325216 28.0 0.327179 29.0 0.328969 30.0 0.330611
0.273204  0.0 0.130677 1.0 0.148801 2.0 0.165138 3.0 0.179899 4.0 0.193270 5.0 0.205418 6.0 0.216488 7.0 0.226608 8.0 0.235890 9.0 0.244430 10.0 0.252313 11.0 0.259612 12.0 0.266386 13.0 0.272688 14.0 0.278565 15.0 0.284049 16.0 0.289172 17.0 0.293959 18.0 0.298429 19.0 0.302600 20.0 0.306483 21.0 0.310089 22.0 0.313432 23.0 0.316517 24.0 0.319354 25.0 0.321954 26.0 0.324328 27.0 0.326492 28.0 0.328462 29.0 0.330260 30.0 0.331910
0.288957  0.0 0.131209 1.0 0.149405 2.0 0.165806 3.0 0.180625 4.0 0.194049 5.0 0.206244 6.0 0.217356 7.0 0.227516 8.0 0.236834 9.0 0.245408 10.0 0.253321 11.0 0.260647 12.0 0.267447 13.0 0.273775 14.0 0.279672 15.0 0.285177 16.0 0.290320 17.0 0.295126 18.0 0.299613 19.0 0.303799 20.0 0.307696 21.0 0.311318 22.0 0.314672 23.0 0.317768 24.0 0.320616 25.0 0.323226 26.0 0.325609 27.0 0.327781 28.0 0.329758 29.0 0.331562 30.0 0.333217
0.305619  0.0 0.131745 1.0 0.150014 2.0 0.166480 3.0 0.181356 4.0 0.194833 5.0 0.207077 6.0 0.218233 7.0 0.228432 8.0 0.237786 9.0 0.246393 10.0 0.254337 11.0 0.261691 12.0 0.268518 13.0 0.274870 14.0 0.280790 15.0 0.286316 16.0 0.291479 17.0 0.296301 18.0 0.300806 19.0 0.305008 20.0 0.308921 21.0 0.312555 22.0 0.315920 23.0 0.319029 24.0 0.321887 25.0 0.324506 26.0 0.326899 27.0 0.329079 28.0 0.331063 29.0 0.332872 30.0 0.334534
0.323242  0.0 0.132285 1.0 0.150627 2.0 0.167159 3.0 0.182095 4.0 0.195625 5.0 0.207915 6.0 0.219116 7.0 0.229355 8.0 0.238746 9.0 0.247385 10.0 0.255360 11.0 0.262744 12.0 0.269597 13.0 0.275972 14.0 0.281916 15.0 0.287464 16.0 0.292645 17.0 0.297488 18.0 0.302008 19.0 0.306226 20.0 0.310153 21.0 0.313801 22.0 0.317181 23.0 0.320299 24.0 0.323169 25.0 0.325798 26.0 0.328199 27.0 0.330387 28.0 0.332379 29.0 0.334196 30.0 0.335863
0.341881  0.0 0.132830 1.0 0.151246 2.0 0.167843 3.0 0.182839 4.0 0.196422 5.0 0.208762 6.0 0.220006 7.0 0.230285 8.0 0.239713 9.0 0.248387 10.0 0.256393 11.0 0.263804 12.0 0.270683 13.0 0.277085 14.0 0.283051 15.0 0.288619 16.0 0.293822 17.0 0.298682 18.0 0.303221 19.0 0.307455 20.0 0.311397 21.0 0.315059 22.0 0.318450 23.0 0.321581 24.0 0.324460 25.0 0.327100 26.0 0.329510 27.0 0.331706 28.0 0.333705 29.0 0.335528 30.0 0.337200
0.361595  0.0 0.133380 1.0 0.151870 2.0 0.168534 3.0 0.183589 4.0 0.197226 5.0 0.209615 6.0 0.220905 7.0 0.231224 8.0 0.240688 9.0 0.249396 10.0 0.257434 11.0 0.264875 12.0 0.271781 13.0 0.278206 14.0 0.284196 15.0 0.289786 16.0 0.295008 17.0 0.299887 18.0 0.304443 19.0 0.308693 20.0 0.312650 21.0 0.316325 22.0 0.319730 23.0 0.322873 24.0 0.325764 25.0 0.328411 26.0 0.330830 27.0 0.333034 28.0 0.335040 29.0 0.336871 30.0 0.338551
0.382446  0.0 0.133933 1.0 0.152498 2.0 0.169230 3.0 0.184346 4.0 0.198038 5.0 0.210475 6.0 0.221809 7.0 0.232170 8.0 0.241672 9.0 0.250413 10.0 0.258483 11.0 0.265952 12.0 0.272886 13.0 0.279336 14.0 0.285349 15.0 0.290961 16.0 0.296203 17.0 0.301102 18.0 0.305675 19.0 0.309940 20.0 0.313912 21.0 0.317603 22.0 0.321020 23.0 0.324174 24.0 0.327076 25.0 0.329735 26.0 0.332163 27.0 0.334375 28.0 0.336389 29.0 0.338226 30.0 0.339911
0.404499  0.0 0.134492 1.0 0.153132 2.0 0.169931 3.0 0.185107 4.0 0.198855 5.0 0.211343 6.0 0.222722 7.0 0.233123 8.0 0.242662 9.0 0.251440 10.0 0.259541 11.0 0.267039 12.0 0.274000 13.0 0.280477 14.0 0.286512 15.0 0.292146 16.0 0.297409 17.0 0.302325 18.0 0.306917 19.0 0.311199 20.0 0.315187 21.0 0.318891 22.0 0.322320 23.0 0.325488 24.0 0.328399 25.0 0.331068 26.0 0.333506 27.0 0.335726 28.0 0.337747 29.0 0.339590 30.0 0.341282
0.427823  0.0 0.135055 1.0 0.153772 2.0 0.170639 3.0 0.185877 4.0 0.199679 5.0 0.212217 6.0 0.223642 7.0 0.234085 8.0 0.243662 9.0 0.252474 10.0 0.260606 11.0 0.268136 12.0 0.275124 13.0 0.281625 14.0 0.287685 15.0 0.293341 16.0 0.298624 17.0 0.303560 18.0 0.308168 19.0 0.312467 20.0 0.316470 21.0 0.320187 22.0 0.323632 23.0 0.326810 24.0 0.329734 25.0 0.332412 26.0 0.334858 27.0 0.337087 28.0 0.339116 29.0 0.340967 30.0 0.342665
0.452493  0.0 0.135623 1.0 0.154416 2.0 0.171352 3.0 0.186652 4.0 0.200511 5.0 0.213098 6.0 0.224568 7.0 0.235054 8.0 0.244670 9.0 0.253517 10.0 0.261682 11.0 0.269240 12.0 0.276256 13.0 0.282784 14.0 0.288866 15.0 0.294545 16.0 0.299849 17.0 0.304804 18.0 0.309431 19.0 0.313746 20.0 0.317764 21.0 0.321497 22.0 0.324954 23.0 0.328144 24.0 0.331079 25.0 0.333768 26.0 0.336224 27.0 0.338461 28.0 0.340497 29.0 0.342354 30.0 0.344058
0.478584  0.0 0.136196 1.0 0.155067 2.0 0.172072 3.0 0.187434 4.0 0.201348 5.0 0.213988 6.0 0.225505 7.0 0.236032 8.0 0.245685 9.0 0.254569 10.0 0.262766 11.0 0.270355 12.0 0.277399 13.0 0.283952 14.0 0.290059 15.0 0.295760 16.0 0.301085 17.0 0.306058 18.0 0.310704 19.0 0.315036 20.0 0.319070 21.0 0.322816 22.0 0.326286 23.0 0.329490 24.0 0.332435 25.0 0.335133 26.0 0.337599 27.0 0.339845 28.0 0.341888 29.0 0.343751 30.0 0.345463
0.506181  0.0 0.136774 1.0 0.155722 2.0 0.172798 3.0 0.188223 4.0 0.202194 5.0 0.214884 6.0 0.226448 7.0 0.237018 8.0 0.246711 9.0 0.255628 10.0 0.263858 11.0 0.271479 12.0 0.278550 13.0 0.285128 14.0 0.291261 15.0 0.296984 16.0 0.302329 17.0 0.307324 18.0 0.311986 19.0 0.316335 20.0 0.320385 21.0 0.324146 22.0 0.327630 23.0 0.330844 24.0 0.333803 25.0 0.336512 26.0 0.338986 27.0 0.341240 28.0 0.343291 29.0 0.345163 30.0 0.346880
0.535369  0.0 0.137356 1.0 0.156383 2.0 0.173529 3.0 0.189018 4.0 0.203046 5.0 0.215788 6.0 0.227398 7.0 0.238010 8.0 0.247743 9.0 0.256698 10.0 0.264962 11.0 0.272610 12.0 0.279710 13.0 0.286317 14.0 0.292472 15.0 0.298218 16.0 0.303586 17.0 0.308599 18.0 0.313281 19.0 0.317647 20.0 0.321712 21.0 0.325488 22.0 0.328985 23.0 0.332213 24.0 0.335180 25.0 0.337901 26.0 0.340385 27.0 0.342647 28.0 0.344707 29.0 0.346584 30.0 0.348307
0.566240  0.0 0.137944 1.0 0.157050 2.0 0.174267 3.0 0.189819 4.0 0.203905 5.0 0.216700 6.0 0.228358 7.0 0.239014 8.0 0.248785 9.0 0.257776 10.0 0.266073 11.0 0.273754 12.0 0.280882 13.0 0.287514 14.0 0.293695 15.0 0.299464 16.0 0.304852 17.0 0.309884 18.0 0.314585 19.0 0.318969 20.0 0.323050 21.0 0.326840 22.0 0.330350 23.0 0.333591 24.0 0.336571 25.0 0.339300 26.0 0.341794 27.0 0.344065 28.0 0.346132 29.0 0.348017 30.0 0.349748
0.598891  0.0 0.138536 1.0 0.157723 2.0 0.175012 3.0 0.190628 4.0 0.204772 5.0 0.217619 6.0 0.229325 7.0 0.240024 8.0 0.249836 9.0 0.258862 10.0 0.267193 11.0 0.274906 12.0 0.282063 13.0 0.288720 14.0 0.294927 15.0 0.300719 16.0 0.306128 17.0 0.311182 18.0 0.315900 19.0 0.320300 20.0 0.324397 21.0 0.328204 22.0 0.331729 23.0 0.334980 24.0 0.337973 25.0 0.340714 26.0 0.343216 27.0 0.345496 28.0 0.347571 29.0 0.349464 30.0 0.351200
0.633424  0.0 0.139134 1.0 0.158401 2.0 0.175762 3.0 0.191444 4.0 0.205646 5.0 0.218547 6.0 0.230300 7.0 0.241043 8.0 0.250895 9.0 0.259959 10.0 0.268324 11.0 0.276066 12.0 0.283252 13.0 0.289939 14.0 0.296169 15.0 0.301984 16.0 0.307416 17.0 0.312490 18.0 0.317227 19.0 0.321645 20.0 0.325759 21.0 0.329579 22.0 0.333117 23.0 0.336383 24.0 0.339384 25.0 0.342137 26.0 0.344650 27.0 0.346939 28.0 0.349022 29.0 0.350921 30.0 0.352662
0.669949  0.0 0.139737 1.0 0.159085 2.0 0.176519 3.0 0.192266 4.0 0.206527 5.0 0.219482 6.0 0.231284 7.0 0.242072 8.0 0.251963 9.0 0.261065 10.0 0.269464 11.0 0.277239 12.0 0.284454 13.0 0.291167 14.0 0.297423 15.0 0.303262 16.0 0.308715 17.0 0.313808 18.0 0.318565 19.0 0.323001 20.0 0.327130 21.0 0.330965 22.0 0.334518 23.0 0.337796 24.0 0.340811 25.0 0.343572 26.0 0.346094 27.0 0.348392 28.0 0.350482 29.0 0.352390 30.0 0.354140
0.708581  0.0 0.140345 1.0 0.159775 2.0 0.177283 3.0 0.193096 4.0 0.207417 5.0 0.220425 6.0 0.232276 7.0 0.243108 8.0 0.253042 9.0 0.262179 10.0 0.270613 11.0 0.278420 12.0 0.285665 13.0 0.292404 14.0 0.298687 15.0 0.304549 16.0 0.310023 17.0 0.315139 18.0 0.319913 19.0 0.324366 20.0 0.328512 21.0 0.332364 22.0 0.335930 23.0 0.339220 24.0 0.342248 25.0 0.345021 26.0 0.347553 27.0 0.349859 28.0 0.351959 29.0 0.353873 30.0 0.355628
0.749439  0.0 0.140958 1.0 0.160471 2.0 0.178052 3.0 0.193933 4.0 0.208314 5.0 0.221376 6.0 0.233276 7.0 0.244153 8.0 0.254128 9.0 0.263305 10.0 0.271773 11.0 0.279610 12.0 0.286886 13.0 0.293654 14.0 0.299961 15.0 0.305847 16.0 0.311345 17.0 0.316480 18.0 0.321275 19.0 0.325746 20.0 0.329909 21.0 0.333775 22.0 0.337354 23.0 0.340659 24.0 0.343696 25.0 0.346481 26.0 0.349023 27.0 0.351339 28.0 0.353446 29.0 0.355366 30.0 0.357129
0.792654  0.0 0.141577 1.0 0.161174 2.0 0.178830 3.0 0.194776 4.0 0.209218 5.0 0.222336 6.0 0.234286 7.0 0.245209 8.0 0.255224 9.0 0.264439 10.0 0.272942 11.0 0.280814 12.0 0.288119 13.0 0.294914 14.0 0.301247 15.0 0.307157 16.0 0.312677 17.0 0.317832 18.0 0.322646 19.0 0.327136 20.0 0.331315 21.0 0.335196 22.0 0.338791 23.0 0.342108 24.0 0.345159 25.0 0.347953 26.0 0.350504 27.0 0.352829 28.0 0.354944 29.0 0.356874 30.0 0.358644
0.838361  0.0 0.142201 1.0 0.161882 2.0 0.179614 3.0 0.195629 4.0 0.210132 5.0 0.223303 6.0 0.235304 7.0 0.246273 8.0 0.256331 9.0 0.265582 10.0 0.274121 11.0 0.282026 12.0 0.289361 13.0 0.296183 14.0 0.302543 15.0 0.308477 16.0 0.314019 17.0 0.319197 18.0 0.324030 19.0 0.328537 20.0 0.332733 21.0 0.336631 22.0 0.340240 23.0 0.343570 24.0 0.346633 25.0 0.349439 26.0 0.352001 27.0 0.354335 28.0 0.356458 29.0 0.358395 30.0 0.360170
0.886703  0.0 0.142831 1.0 0.162596 2.0 0.180404 3.0 0.196488 4.0 0.211052 5.0 0.224280 6.0 0.236331 7.0 0.247345 8.0 0.257445 9.0 0.266737 10.0 0.275312 11.0 0.283247 12.0 0.290613 13.0 0.297466 14.0 0.303850 15.0 0.309809 16.0 0.315375 17.0 0.320573 18.0 0.325426 19.0 0.329952 20.0 0.334165 21.0 0.338078 22.0 0.341700 23.0 0.345045 24.0 0.348119 25.0 0.350937 26.0 0.353509 27.0 0.355852 28.0 0.357984 29.0 0.359927 30.0 0.361709
0.937833  0.0 0.143466 1.0 0.163318 2.0 0.181202 3.0 0.197353 4.0 0.211980 5.0 0.225265 6.0 0.237367 7.0 0.248428 8.0 0.258570 9.0 0.267901 10.0 0.276512 11.0 0.284482 12.0 0.291878 13.0 0.298758 14.0 0.305170 15.0 0.311154 16.0 0.316742 17.0 0.321960 18.0 0.326834 19.0 0.331378 20.0 0.335609 21.0 0.339536 22.0 0.343175 23.0 0.346532 24.0 0.349620 25.0 0.352447 26.0 0.355029 27.0 0.357381 28.0 0.359521 29.0 0.361473 30.0 0.363264
0.991911  0.0 0.144107 1.0 0.164045 2.0 0.182007 3.0 0.198228 4.0 0.212918 5.0 0.226258 6.0 0.238412 7.0 0.249520 8.0 0.259706 9.0 0.269075 10.0 0.277722 11.0 0.285726 12.0 0.293153 13.0 0.300061 14.0 0.306500 15.0 0.312509 16.0 0.318119 17.0 0.323361 18.0 0.328254 19.0 0.332816 20.0 0.337063 21.0 0.341009 22.0 0.344662 23.0 0.348031 24.0 0.351132 25.0 0.353972 26.0 0.356564 27.0 0.358925 28.0 0.361074 29.0 0.363033 30.0 0.364830
1.049107  0.0 0.144754 1.0 0.164778 2.0 0.182818 3.0 0.199110 4.0 0.213863 5.0 0.227261 6.0 0.239466 7.0 0.250621 8.0 0.260851 9.0 0.270260 10.0 0.278944 11.0 0.286980 12.0 0.294438 13.0 0.301378 14.0 0.307842 15.0 0.313875 16.0 0.319511 17.0 0.324773 18.0 0.329687 19.0 0.334268 20.0 0.338533 21.0 0.342494 22.0 0.346160 23.0 0.349546 24.0 0.352656 25.0 0.355508 26.0 0.358112 27.0 0.360483 28.0 0.362640 29.0 0.364606 30.0 0.366409
1.109601  0.0 0.145407 1.0 0.165519 2.0 0.183638 3.0 0.199999 4.0 0.214816 5.0 0.228272 6.0 0.240530 7.0 0.251733 8.0 0.262005 9.0 0.271456 10.0 0.280176 11.0 0.288247 12.0 0.295737 13.0 0.302704 14.0 0.309197 15.0 0.315256 16.0 0.320914 17.0 0.326197 18.0 0.331131 19.0 0.335732 20.0 0.340015 21.0 0.343991 22.0 0.347674 23.0 0.351072 24.0 0.354197 25.0 0.357058 26.0 0.359671 27.0 0.362052 28.0 0.364217 29.0 0.366193 30.0 0.368004
1.173584  0.0 0.146065 1.0 0.166266 2.0 0.184464 3.0 0.200898 4.0 0.215778 5.0 0.229292 6.0 0.241604 7.0 0.252855 8.0 0.263171 9.0 0.272661 10.0 0.281418 11.0 0.289524 12.0 0.297046 13.0 0.304042 14.0 0.310563 15.0 0.316647 16.0 0.322327 17.0 0.327636 18.0 0.332589 19.0 0.337208 20.0 0.341508 21.0 0.345502 22.0 0.349200 23.0 0.352611 24.0 0.355749 25.0 0.358624 26.0 0.361247 27.0 0.363637 28.0 0.365812 29.0 0.367794 30.0 0.369611
1.241256  0.0 0.146729 1.0 0.167020 2.0 0.185298 3.0 0.201804 4.0 0.216750 5.0 0.230321 6.0 0.242685 7.0 0.253985 8.0 0.264347 9.0 0.273878 10.0 0.282673 11.0 0.290812 12.0 0.298366 13.0 0.305393 14.0 0.311940 15.0 0.318050 16.0 0.323756 17.0 0.329085 18.0 0.334060 19.0 0.338699 20.0 0.343017 21.0 0.347027 22.0 0.350738 23.0 0.354165 24.0 0.357314 25.0 0.360201 26.0 0.362836 27.0 0.365235 28.0 0.367418 29.0 0.369408 30.0 0.371232
1.312831  0.0 0.147400 1.0 0.167781 2.0 0.186139 3.0 0.202718 4.0 0.217729 5.0 0.231361 6.0 0.243779 7.0 0.255127 8.0 0.265532 9.0 0.275105 10.0 0.283938 11.0 0.292113 12.0 0.299699 13.0 0.306756 14.0 0.313332 15.0 0.319467 16.0 0.325197 17.0 0.330547 18.0 0.335544 19.0 0.340202 20.0 0.344538 21.0 0.348564 22.0 0.352292 23.0 0.355732 24.0 0.358895 25.0 0.361792 26.0 0.364437 27.0 0.366846 28.0 0.369038 29.0 0.371037 30.0 0.372870
1.388532  0.0 0.148077 1.0 0.168549 2.0 0.186989 3.0 0.203640 4.0 0.218717 5.0 0.232409 6.0 0.244881 7.0 0.256280 8.0 0.266730 9.0 0.276343 10.0 0.285214 11.0 0.293425 12.0 0.301044 13.0 0.308130 14.0 0.314734 15.0 0.320896 16.0 0.326649 17.0 0.332024 18.0 0.337040 19.0 0.341718 20.0 0.346071 21.0 0.350115 22.0 0.353859 23.0 0.357312 24.0 0.360490 25.0 0.363399 26.0 0.366055 27.0 0.368474 28.0 0.370675 29.0 0.372681 30.0 0.374520
1.468599  0.0 0.148759 1.0 0.169323 2.0 0.187846 3.0 0.204571 4.0 0.219715 5.0 0.233466 6.0 0.245993 7.0 0.257441 8.0 0.267938 9.0 0.277593 10.0 0.286503 11.0 0.294748 12.0 0.302400 13.0 0.309518 14.0 0.316148 15.0 0.322337 16.0 0.328116 17.0 0.333513 18.0 0.338551 19.0 0.343248 20.0 0.347621 21.0 0.351681 22.0 0.355440 23.0 0.358909 24.0 0.362097 25.0 0.365019 26.0 0.367686 27.0 0.370115 28.0 0.372325 29.0 0.374338 30.0 0.376184
1.553282  0.0 0.149449 1.0 0.170105 2.0 0.188710 3.0 0.205511 4.0 0.220722 5.0 0.234534 6.0 0.247116 7.0 0.258614 8.0 0.269156 9.0 0.278855 10.0 0.287803 11.0 0.296084 12.0 0.303769 13.0 0.310918 14.0 0.317578 15.0 0.323793 16.0 0.329596 17.0 0.335014 18.0 0.340075 19.0 0.344793 20.0 0.349183 21.0 0.353260 22.0 0.357034 23.0 0.360518 24.0 0.363720 25.0 0.366652 26.0 0.369331 27.0 0.371770 28.0 0.373988 29.0 0.376011 30.0 0.377866
1.642849  0.0 0.150145 1.0 0.170895 2.0 0.189584 3.0 0.206458 4.0 0.221737 5.0 0.235612 6.0 0.248249 7.0 0.259798 8.0 0.270387 9.0 0.280127 10.0 0.289114 11.0 0.297432 12.0 0.305151 13.0 0.312329 14.0 0.319019 15.0 0.325261 16.0 0.331088 17.0 0.336532 18.0 0.341612 19.0 0.346350 20.0 0.350759 21.0 0.354853 22.0 0.358645 23.0 0.362141 24.0 0.365358 25.0 0.368303 26.0 0.370992 27.0 0.373441 28.0 0.375669 29.0 0.377700 30.0 0.379561
1.737580  0.0 0.150847 1.0 0.171691 2.0 0.190465 3.0 0.207416 4.0 0.222762 5.0 0.236698 6.0 0.249392 7.0 0.260993 8.0 0.271628 9.0 0.281410 10.0 0.290438 11.0 0.298792 12.0 0.306545 13.0 0.313754 14.0 0.320473 15.0 0.326741 16.0 0.332595 17.0 0.338062 18.0 0.343164 19.0 0.347921 20.0 0.352350 21.0 0.356462 22.0 0.360268 23.0 0.363780 24.0 0.367009 25.0 0.369968 26.0 0.372668 27.0 0.375127 28.0 0.377364 29.0 0.379403 30.0 0.381271
1.837774  0.0 0.151555 1.0 0.172495 2.0 0.191354 3.0 0.208382 4.0 0.223798 5.0 0.237795 6.0 0.250545 7.0 0.262197 8.0 0.272881 9.0 0.282707 10.0 0.291774 11.0 0.300164 12.0 0.307950 13.0 0.315193 14.0 0.321940 15.0 0.328236 16.0 0.334116 17.0 0.339605 18.0 0.344731 19.0 0.349509 20.0 0.353956 21.0 0.358085 22.0 0.361906 23.0 0.365435 24.0 0.368676 25.0 0.371646 26.0 0.374359 27.0 0.376828 28.0 0.379073 29.0 0.381119 30.0 0.382998
1.943745  0.0 0.152271 1.0 0.173306 2.0 0.192251 3.0 0.209356 4.0 0.224842 5.0 0.238903 6.0 0.251711 7.0 0.263415 8.0 0.274144 9.0 0.284015 10.0 0.293122 11.0 0.301550 12.0 0.309371 13.0 0.316645 14.0 0.323422 15.0 0.329746 16.0 0.335650 17.0 0.341163 18.0 0.346310 19.0 0.351109 20.0 0.355575 21.0 0.359721 22.0 0.363561 23.0 0.367103 24.0 0.370360 25.0 0.373342 26.0 0.376064 27.0 0.378543 28.0 0.380799 29.0 0.382855 30.0 0.384740
2.055827  0.0 0.152993 1.0 0.174126 2.0 0.193157 3.0 0.210340 4.0 0.225895 5.0 0.240021 6.0 0.252886 7.0 0.264643 8.0 0.275421 9.0 0.285335 10.0 0.294482 11.0 0.302949 12.0 0.310804 13.0 0.318108 14.0 0.324917 15.0 0.331268 16.0 0.337197 17.0 0.342737 18.0 0.347905 19.0 0.352723 20.0 0.357209 21.0 0.361374 22.0 0.365230 23.0 0.368786 24.0 0.372057 25.0 0.375053 26.0 0.377787 27.0 0.380277 28.0 0.382542 29.0 0.384606 30.0 0.386497
2.174371  0.0 0.153722 1.0 0.174953 2.0 0.194072 3.0 0.211333 4.0 0.226960 5.0 0.241148 6.0 0.254072 7.0 0.265882 8.0 0.276709 9.0 0.286667 10.0 0.295856 11.0 0.304359 12.0 0.312249 13.0 0.319588 14.0 0.326424 15.0 0.332803 16.0 0.338761 17.0 0.344323 18.0 0.349515 19.0 0.354355 20.0 0.358860 21.0 0.363043 22.0 0.366913 23.0 0.370487 24.0 0.373769 25.0 0.376779 26.0 0.379525 27.0 0.382025 28.0 0.384299 29.0 0.386371 30.0 0.388270
2.299752  0.0 0.154457 1.0 0.175787 2.0 0.194995 3.0 0.212336 4.0 0.228034 5.0 0.242288 6.0 0.255270 7.0 0.267133 8.0 0.278009 9.0 0.288013 10.0 0.297243 11.0 0.305784 12.0 0.313709 13.0 0.321081 14.0 0.327948 15.0 0.334356 16.0 0.340339 17.0 0.345924 18.0 0.351139 19.0 0.356001 20.0 0.360525 21.0 0.364725 22.0 0.368614 23.0 0.372202 24.0 0.375500 25.0 0.378520 26.0 0.381277 27.0 0.383788 28.0 0.386071 29.0 0.388153 30.0 0.390062
2.432362  0.0 0.155201 1.0 0.176630 2.0 0.195927 3.0 0.213347 4.0 0.229118 5.0 0.243438 6.0 0.256479 7.0 0.268396 8.0 0.279321 9.0 0.289370 10.0 0.298642 11.0 0.307222 12.0 0.315183 13.0 0.322587 14.0 0.329486 15.0 0.335922 16.0 0.341930 17.0 0.347542 18.0 0.352778 19.0 0.357661 20.0 0.362205 21.0 0.366423 22.0 0.370330 23.0 0.373932 24.0 0.377246 25.0 0.380279 26.0 0.383048 27.0 0.385569 28.0 0.387863 29.0 0.389953 30.0 0.391869
2.572619  0.0 0.155952 1.0 0.177481 2.0 0.196868 3.0 0.214370 4.0 0.230213 5.0 0.244598 6.0 0.257700 7.0 0.269671 8.0 0.280647 9.0 0.290740 10.0 0.300054 11.0 0.308673 12.0 0.316670 13.0 0.324107 14.0 0.331037 15.0 0.337501 16.0 0.343537 17.0 0.349174 18.0 0.354434 19.0 0.359337 20.0 0.363902 21.0 0.368140 22.0 0.372062 23.0 0.375680 24.0 0.379007 25.0 0.382054 26.0 0.384835 27.0 0.387367 28.0 0.389670 29.0 0.391769 30.0 0.393691
2.720963  0.0 0.156709 1.0 0.178340 2.0 0.197818 3.0 0.215402 4.0 0.231319 5.0 0.245769 6.0 0.258931 7.0 0.270958 8.0 0.281984 9.0 0.292124 10.0 0.301481 11.0 0.310137 12.0 0.318171 13.0 0.325643 14.0 0.332602 15.0 0.339096 16.0 0.345160 17.0 0.350821 18.0 0.356105 19.0 0.361031 20.0 0.365615 21.0 0.369871 22.0 0.373808 23.0 0.377445 24.0 0.380785 25.0 0.383844 26.0 0.386638 27.0 0.389181 28.0 0.391493 29.0 0.393600 30.0 0.395533
2.877861  0.0 0.157473 1.0 0.179207 2.0 0.198777 3.0 0.216443 4.0 0.232435 5.0 0.246953 6.0 0.260175 7.0 0.272257 8.0 0.283333 9.0 0.293521 10.0 0.302920 11.0 0.311617 12.0 0.319687 13.0 0.327192 14.0 0.334185 15.0 0.340708 16.0 0.346798 17.0 0.352483 18.0 0.357791 19.0 0.362739 20.0 0.367343 21.0 0.371617 22.0 0.375574 23.0 0.379225 24.0 0.382581 25.0 0.385653 26.0 0.388457 27.0 0.391011 28.0 0.393334 29.0 0.395451 30.0 0.397391
3.043807  0.0 0.158246 1.0 0.180084 2.0 0.199746 3.0 0.217494 4.0 0.233561 5.0 0.248148 6.0 0.261432 7.0 0.273570 8.0 0.284697 9.0 0.294931 10.0 0.304373 11.0 0.313111 12.0 0.321218 13.0 0.328756 14.0 0.335781 15.0 0.342333 16.0 0.348450 17.0 0.354163 18.0 0.359493 19.0 0.364463 20.0 0.369087 21.0 0.373381 22.0 0.377356 23.0 0.381021 24.0 0.384393 25.0 0.387479 26.0 0.390296 27.0 0.392861 28.0 0.395194 29.0 0.397319 30.0 0.399266
3.219321  0.0 0.159027 1.0 0.180968 2.0 0.200724 3.0 0.218557 4.0 0.234698 5.0 0.249353 6.0 0.262700 7.0 0.274895 8.0 0.286074 9.0 0.296354 10.0 0.305840 11.0 0.314619 12.0 0.322763 13.0 0.330336 14.0 0.337391 15.0 0.343974 16.0 0.350119 17.0 0.355858 18.0 0.361213 19.0 0.366204 20.0 0.370850 21.0 0.375163 22.0 0.379154 23.0 0.382837 24.0 0.386221 25.0 0.389322 26.0 0.392152 27.0 0.394727 28.0 0.397070 29.0 0.399204 30.0 0.401159
3.404956  0.0 0.159814 1.0 0.181862 2.0 0.201712 3.0 0.219630 4.0 0.235848 5.0 0.250570 6.0 0.263980 7.0 0.276231 8.0 0.287463 9.0 0.297792 10.0 0.307323 11.0 0.316140 12.0 0.324321 13.0 0.331931 14.0 0.339019 15.0 0.345631 16.0 0.351805 17.0 0.357568 18.0 0.362948 19.0 0.367963 20.0 0.372629 21.0 0.376960 22.0 0.380969 23.0 0.384669 24.0 0.388068 25.0 0.391181 26.0 0.394024 27.0 0.396611 28.0 0.398963 29.0 0.401106 30.0 0.403072
3.601296  0.0 0.160609 1.0 0.182763 2.0 0.202709 3.0 0.220713 4.0 0.237008 5.0 0.251801 6.0 0.265273 7.0 0.277582 8.0 0.288865 9.0 0.299244 10.0 0.308819 11.0 0.317678 12.0 0.325897 13.0 0.333541 14.0 0.340662 15.0 0.347305 16.0 0.353506 17.0 0.359296 18.0 0.364700 19.0 0.369737 20.0 0.374424 21.0 0.378774 22.0 0.382803 23.0 0.386518 24.0 0.389934 25.0 0.393060 26.0 0.395914 27.0 0.398512 28.0 0.400876 29.0 0.403029 30.0 0.405002
3.808956  0.0 0.161413 1.0 0.183675 2.0 0.203716 3.0 0.221806 4.0 0.238179 5.0 0.253043 6.0 0.266579 7.0 0.278947 8.0 0.290283 9.0 0.300710 10.0 0.310329 11.0 0.319230 12.0 0.327488 13.0 0.335166 14.0 0.342321 15.0 0.348995 16.0 0.355223 17.0 0.361041 18.0 0.366468 19.0 0.371528 20.0 0.376236 21.0 0.380608 22.0 0.384654 23.0 0.388385 24.0 0.391816 25.0 0.394958 26.0 0.397824 27.0 0.400434 28.0 0.402807 29.0 0.404969 30.0 0.406950
4.028591  0.0 0.162225 1.0 0.184595 2.0 0.204734 3.0 0.222911 4.0 0.239362 5.0 0.254297 6.0 0.267898 7.0 0.280324 8.0 0.291715 9.0 0.302189 10.0 0.311854 11.0 0.320797 12.0 0.329094 13.0 0.336808 14.0 0.343995 15.0 0.350700 16.0 0.356959 17.0 0.362803 18.0 0.368256 19.0 0.373339 20.0 0.378068 21.0 0.382459 22.0 0.386522 23.0 0.390272 24.0 0.393716 25.0 0.396872 26.0 0.399752 27.0 0.402373 28.0 0.404757 29.0 0.406927 30.0 0.408917
4.260891  0.0 0.163045 1.0 0.185525 2.0 0.205762 3.0 0.224027 4.0 0.240557 5.0 0.255563 6.0 0.269229 7.0 0.281714 8.0 0.293160 9.0 0.303685 10.0 0.313395 11.0 0.322379 12.0 0.330714 13.0 0.338467 14.0 0.345687 15.0 0.352423 16.0 0.358711 17.0 0.364581 18.0 0.370060 19.0 0.375166 20.0 0.379918 21.0 0.384328 22.0 0.388409 23.0 0.392176 24.0 0.395636 25.0 0.398804 26.0 0.401697 27.0 0.404330 28.0 0.406724 29.0 0.408905 30.0 0.410904
4.506586  0.0 0.163873 1.0 0.186463 2.0 0.206800 3.0 0.225154 4.0 0.241765 5.0 0.256843 6.0 0.270574 7.0 0.283119 8.0 0.294619 9.0 0.305195 10.0 0.314951 11.0 0.323978 12.0 0.332353 13.0 0.340141 14.0 0.347396 15.0 0.354163 16.0 0.360480 17.0 0.366377 18.0 0.371881 19.0 0.377011 20.0 0.381784 21.0 0.386214 22.0 0.390316 23.0 0.394098 24.0 0.397575 25.0 0.400758 26.0 0.403662 27.0 0.406307 28.0 0.408712 29.0 0.410903 30.0 0.412911
4.766448  0.0 0.164709 1.0 0.187411 2.0 0.207847 3.0 0.226291 4.0 0.242983 5.0 0.258136 6.0 0.271933 7.0 0.284539 8.0 0.296093 9.0 0.306720 10.0 0.316522 11.0 0.325593 12.0 0.334008 13.0 0.341832 14.0 0.349121 15.0 0.355920 16.0 0.362266 17.0 0.368192 18.0 0.373720 19.0 0.378874 20.0 0.383669 21.0 0.388120 22.0 0.392241 23.0 0.396039 24.0 0.399532 25.0 0.402730 26.0 0.405648 27.0 0.408305 28.0 0.410720 29.0 0.412921 30.0 0.414935
5.041295  0.0 0.165555 1.0 0.188370 2.0 0.208907 3.0 0.227441 4.0 0.244214 5.0 0.259441 6.0 0.273306 7.0 0.285972 8.0 0.297583 9.0 0.308259 10.0 0.318108 11.0 0.327224 12.0 0.335679 13.0 0.343539 14.0 0.350863 15.0 0.357694 16.0 0.364070 17.0 0.370025 18.0 0.375579 19.0 0.380756 20.0 0.385574 21.0 0.390046 22.0 0.394184 23.0 0.398001 24.0 0.401508 25.0 0.404722 26.0 0.407653 27.0 0.410321 28.0 0.412748 29.0 0.414957 30.0 0.416980
5.331990  0.0 0.166409 1.0 0.189338 2.0 0.209978 3.0 0.228603 4.0 0.245459 5.0 0.260759 6.0 0.274691 7.0 0.287420 8.0 0.299087 9.0 0.309815 10.0 0.319713 11.0 0.328870 12.0 0.337365 13.0 0.345265 14.0 0.352622 15.0 0.359486 16.0 0.365894 17.0 0.371875 18.0 0.377456 19.0 0.382658 20.0 0.387498 21.0 0.391990 22.0 0.396145 23.0 0.399982 24.0 0.403505 25.0 0.406732 26.0 0.409677 27.0 0.412357 28.0 0.414794 29.0 0.417013 30.0 0.419048
5.639448  0.0 0.167271 1.0 0.190316 2.0 0.211059 3.0 0.229777 4.0 0.246716 5.0 0.262090 6.0 0.276091 7.0 0.288881 8.0 0.300606 9.0 0.311387 10.0 0.321333 11.0 0.330533 12.0 0.339070 13.0 0.347008 14.0 0.354401 15.0 0.361298 16.0 0.367735 17.0 0.373743 18.0 0.379352 19.0 0.384578 20.0 0.389440 21.0 0.393952 22.0 0.398129 23.0 0.401982 24.0 0.405523 25.0 0.408763 26.0 0.411721 27.0 0.414413 28.0 0.416861 29.0 0.419092 30.0 0.421135
5.964634  0.0 0.168143 1.0 0.191304 2.0 0.212150 3.0 0.230962 4.0 0.247985 5.0 0.263437 6.0 0.277506 7.0 0.290359 8.0 0.302140 9.0 0.312975 10.0 0.322968 11.0 0.332215 12.0 0.340793 13.0 0.348768 14.0 0.356198 15.0 0.363127 16.0 0.369594 17.0 0.375632 18.0 0.381265 19.0 0.386517 20.0 0.391401 21.0 0.395935 22.0 0.400133 23.0 0.404001 24.0 0.407560 25.0 0.410816 26.0 0.413787 27.0 0.416492 28.0 0.418951 29.0 0.421191 30.0 0.423242
6.308571  0.0 0.169023 1.0 0.192302 2.0 0.213253 3.0 0.232160 4.0 0.249268 5.0 0.264797 6.0 0.278936 7.0 0.291852 8.0 0.303691 9.0 0.314578 10.0 0.324620 11.0 0.333913 12.0 0.342532 13.0 0.350545 14.0 0.358011 15.0 0.364974 16.0 0.371472 17.0 0.377540 18.0 0.383200 19.0 0.388475 20.0 0.393383 21.0 0.397940 22.0 0.402155 23.0 0.406043 24.0 0.409616 25.0 0.412889 26.0 0.415874 27.0 0.418591 28.0 0.421061 29.0 0.423311 30.0 0.425370
6.672341  0.0 0.169914 1.0 0.193311 2.0 0.214369 3.0 0.233369 4.0 0.250563 5.0 0.266170 6.0 0.280380 7.0 0.293361 8.0 0.305258 9.0 0.316198 10.0 0.326290 11.0 0.335628 12.0 0.344289 13.0 0.352342 14.0 0.359843 15.0 0.366839 16.0 0.373370 17.0 0.379467 18.0 0.385155 19.0 0.390455 20.0 0.395387 21.0 0.399964 22.0 0.404198 23.0 0.408106 24.0 0.411694 25.0 0.414982 26.0 0.417981 27.0 0.420711 28.0 0.423192 29.0 0.425451 30.0 0.427521
7.057087  0.0 0.170813 1.0 0.194331 2.0 0.215496 3.0 0.234593 4.0 0.251874 5.0 0.267558 6.0 0.281838 7.0 0.294884 8.0 0.306841 9.0 0.317835 10.0 0.327977 11.0 0.337360 12.0 0.346064 13.0 0.354158 14.0 0.361695 15.0 0.368725 16.0 0.375288 17.0 0.381413 18.0 0.387129 19.0 0.392455 20.0 0.397410 21.0 0.402008 22.0 0.406262 23.0 0.410189 24.0 0.413795 25.0 0.417095 26.0 0.420109 27.0 0.422851 28.0 0.425343 29.0 0.427614 30.0 0.429695
7.464018  0.0 0.171722 1.0 0.195361 2.0 0.216635 3.0 0.235829 4.0 0.253197 5.0 0.268959 6.0 0.283312 7.0 0.296423 8.0 0.308440 9.0 0.319490 10.0 0.329682 11.0 0.339111 12.0 0.347858 13.0 0.355992 14.0 0.363566 15.0 0.370631 16.0 0.377225 17.0 0.383379 18.0 0.389122 19.0 0.394475 20.0 0.399453 21.0 0.404072 22.0 0.408349 23.0 0.412292 24.0 0.415917 25.0 0.419233 26.0 0.422260 27.0 0.425014 28.0 0.427519 29.0 0.429801 30.0 0.431889
7.894415  0.0 0.172641 1.0 0.196402 2.0 0.217785 3.0 0.237078 4.0 0.254535 5.0 0.270378 6.0 0.284802 7.0 0.297979 8.0 0.310055 9.0 0.321161 10.0 0.331404 11.0 0.340881 12.0 0.349672 13.0 0.357844 14.0 0.365457 15.0 0.372556 16.0 0.379182 17.0 0.385367 18.0 0.391136 19.0 0.396515 20.0 0.401517 21.0 0.406160 22.0 0.410457 23.0 0.414417 24.0 0.418060 25.0 0.421393 26.0 0.424434 27.0 0.427201 28.0 0.429718 29.0 0.432009 30.0 0.434106
8.349629  0.0 0.173569 1.0 0.197454 2.0 0.218948 3.0 0.238340 4.0 0.255886 5.0 0.271810 6.0 0.286308 7.0 0.299552 8.0 0.311689 9.0 0.322850 10.0 0.333144 11.0 0.342669 12.0 0.351504 13.0 0.359715 14.0 0.367367 15.0 0.374501 16.0 0.381158 17.0 0.387376 18.0 0.393173 19.0 0.398576 20.0 0.403603 21.0 0.408269 22.0 0.412586 23.0 0.416567 24.0 0.420224 25.0 0.423574 26.0 0.426630 27.0 0.429410 28.0 0.431938 29.0 0.434239 30.0 0.436345
8.831092  0.0 0.174508 1.0 0.198518 2.0 0.220123 3.0 0.239615 4.0 0.257251 5.0 0.273258 6.0 0.287830 7.0 0.301141 8.0 0.313340 9.0 0.324556 10.0 0.334902 11.0 0.344476 12.0 0.353354 13.0 0.361608 14.0 0.369296 15.0 0.376466 16.0 0.383158 17.0 0.389404 18.0 0.395232 19.0 0.400661 20.0 0.405713 21.0 0.410400 22.0 0.414737 23.0 0.418738 24.0 0.422412 25.0 0.425777 26.0 0.428848 27.0 0.431642 28.0 0.434181 29.0 0.436492 30.0 0.438610
9.340317  0.0 0.175457 1.0 0.199594 2.0 0.221312 3.0 0.240905 4.0 0.258632 5.0 0.274721 6.0 0.289368 7.0 0.302746 8.0 0.315008 9.0 0.326281 10.0 0.336681 11.0 0.346301 12.0 0.355224 13.0 0.363521 14.0 0.371246 15.0 0.378452 16.0 0.385178 17.0 0.391454 18.0 0.397311 19.0 0.402768 20.0 0.407843 21.0 0.412553 22.0 0.416911 23.0 0.420931 24.0 0.424624 25.0 0.428003 26.0 0.431089 27.0 0.433896 28.0 0.436446 29.0 0.438770 30.0 0.440898
9.878906  0.0 0.176416 1.0 0.200681 2.0 0.222513 3.0 0.242209 4.0 0.260028 5.0 0.276199 6.0 0.290921 7.0 0.304369 8.0 0.316694 9.0 0.328025 10.0 0.338478 11.0 0.348145 12.0 0.357114 13.0 0.365454 14.0 0.373218 15.0 0.380460 16.0 0.387219 17.0 0.393525 18.0 0.399412 19.0 0.404896 20.0 0.409996 21.0 0.414728 22.0 0.419109 23.0 0.423147 24.0 0.426859 25.0 0.430255 26.0 0.433354 27.0 0.436174 28.0 0.438738 29.0 0.441073 30.0 0.443210
10.448551  0.0 0.177386 1.0 0.201779 2.0 0.223727 3.0 0.243527 4.0 0.261439 5.0 0.277693 6.0 0.292492 7.0 0.306009 8.0 0.318397 9.0 0.329788 10.0 0.340293 11.0 0.350011 12.0 0.359026 13.0 0.367406 14.0 0.375211 15.0 0.382490 16.0 0.389282 17.0 0.395621 18.0 0.401534 19.0 0.407046 20.0 0.412171 21.0 0.416927 22.0 0.421330 23.0 0.425387 24.0 0.429117 25.0 0.432531 26.0 0.435645 27.0 0.438478 28.0 0.441054 29.0 0.443399 30.0 0.445545
11.051044  0.0 0.178366 1.0 0.202890 2.0 0.224954 3.0 0.244858 4.0 0.262865 5.0 0.279205 6.0 0.294081 7.0 0.307668 8.0 0.320119 9.0 0.331569 10.0 0.342128 11.0 0.351897 12.0 0.360958 13.0 0.369380 14.0 0.377225 15.0 0.384540 16.0 0.391366 17.0 0.397738 18.0 0.403681 19.0 0.409218 20.0 0.414370 21.0 0.419151 22.0 0.423574 23.0 0.427652 24.0 0.431399 25.0 0.434830 26.0 0.437959 27.0 0.440806 28.0 0.443394 29.0 0.445750 30.0 0.447905
11.688278  0.0 0.179357 1.0 0.204013 2.0 0.226195 3.0 0.246205 4.0 0.264307 5.0 0.280733 6.0 0.295687 7.0 0.309345 8.0 0.321861 9.0 0.333370 10.0 0.343983 11.0 0.353803 12.0 0.362910 13.0 0.371374 14.0 0.379260 15.0 0.386613 16.0 0.393473 17.0 0.399878 18.0 0.405851 19.0 0.411416 20.0 0.416594 21.0 0.421398 22.0 0.425842 23.0 0.429941 24.0 0.433705 25.0 0.437153 26.0 0.440298 27.0 0.443159 28.0 0.445759 29.0 0.448125 30.0 0.450292
12.362256  0.0 0.180359 1.0 0.205148 2.0 0.227449 3.0 0.247566 4.0 0.265764 5.0 0.282277 6.0 0.297310 7.0 0.311040 8.0 0.323622 9.0 0.335189 10.0 0.345858 11.0 0.355729 12.0 0.364883 13.0 0.373393 14.0 0.381317 15.0 0.388707 16.0 0.395604 17.0 0.402041 18.0 0.408045 19.0 0.413638 20.0 0.418841 21.0 0.423669 22.0 0.428134 23.0 0.432255 24.0 0.436037 25.0 0.439501 26.0 0.442661 27.0 0.445536 28.0 0.448148 29.0 0.450527 30.0 0.452705
13.075099  0.0 0.181373 1.0 0.206297 2.0 0.228718 3.0 0.248942 4.0 0.267237 5.0 0.283839 6.0 0.298951 7.0 0.312753 8.0 0.325402 9.0 0.337029 10.0 0.347755 11.0 0.357676 12.0 0.366878 13.0 0.375433 14.0 0.383397 15.0 0.390826 16.0 0.397758 17.0 0.404226 18.0 0.410262 19.0 0.415884 20.0 0.421113 21.0 0.425964 22.0 0.430453 23.0 0.434593 24.0 0.438395 25.0 0.441875 26.0 0.445050 27.0 0.447939 28.0 0.450564 29.0 0.452956 30.0 0.455144
13.829045  0.0 0.182398 1.0 0.207458 2.0 0.230002 3.0 0.250334 4.0 0.268728 5.0 0.285417 6.0 0.300610 7.0 0.314485 8.0 0.327201 9.0 0.338891 10.0 0.349673 11.0 0.359644 12.0 0.368895 13.0 0.377495 14.0 0.385501 15.0 0.392968 16.0 0.399936 17.0 0.406436 18.0 0.412503 19.0 0.418154 20.0 0.423409 21.0 0.428284 22.0 0.432797 23.0 0.436956 24.0 0.440779 25.0 0.444276 26.0 0.447466 27.0 0.450369 28.0 0.453008 29.0 0.455411 30.0 0.457608
14.626467  0.0 0.183435 1.0 0.208633 2.0 0.231299 3.0 0.251742 4.0 0.270235 5.0 0.287013 6.0 0.302287 7.0 0.316236 8.0 0.329020 9.0 0.340773 10.0 0.351611 11.0 0.361636 12.0 0.370935 13.0 0.379579 14.0 0.387628 15.0 0.395134 16.0 0.402137 17.0 0.408672 18.0 0.414768 19.0 0.420448 20.0 0.425730 21.0 0.430631 22.0 0.435166 23.0 0.439345 24.0 0.443188 25.0 0.446703 26.0 0.449910 27.0 0.452827 28.0 0.455479 29.0 0.457892 30.0 0.460100
15.469869  0.0 0.184484 1.0 0.209821 2.0 0.232611 3.0 0.253166 4.0 0.271759 5.0 0.288627 6.0 0.303983 7.0 0.318008 8.0 0.330859 9.0 0.342675 10.0 0.353571 11.0 0.363650 12.0 0.372998 13.0 0.381687 14.0 0.389779 15.0 0.397323 16.0 0.404362 17.0 0.410932 18.0 0.417058 19.0 0.422768 20.0 0.428076 21.0 0.433004 22.0 0.437562 23.0 0.441762 24.0 0.445623 25.0 0.449157 26.0 0.452379 27.0 0.455311 28.0 0.457976 29.0 0.460400 30.0 0.462618
16.361905  0.0 0.185544 1.0 0.211022 2.0 0.233938 3.0 0.254606 4.0 0.273300 5.0 0.290261 6.0 0.305699 7.0 0.319800 8.0 0.332719 9.0 0.344599 10.0 0.355553 11.0 0.365686 12.0 0.375083 13.0 0.383817 14.0 0.391952 15.0 0.399537 16.0 0.406612 17.0 0.413218 18.0 0.419376 19.0 0.425114 20.0 0.430451 21.0 0.435403 22.0 0.439983 23.0 0.444207 24.0 0.448085 25.0 0.451637 26.0 0.454876 27.0 0.457823 28.0 0.460500 29.0 0.462936 30.0 0.465166
17.305378  0.0 0.186617 1.0 0.212237 2.0 0.235280 3.0 0.256062 4.0 0.274858 5.0 0.291912 6.0 0.307435 7.0 0.321612 8.0 0.334601 9.0 0.346544 10.0 0.357556 11.0 0.367745 12.0 0.377192 13.0 0.385972 14.0 0.394151 15.0 0.401775 16.0 0.408888 17.0 0.415528 18.0 0.421720 19.0 0.427487 20.0 0.432852 21.0 0.437829 22.0 0.442432 23.0 0.446678 24.0 0.450575 25.0 0.454145 26.0 0.457401 27.0 0.460362 28.0 0.463052 29.0 0.465500 30.0 0.467743
18.303255  0.0 0.187702 1.0 0.213466 2.0 0.236637 3.0 0.257535 4.0 0.276435 5.0 0.293583 6.0 0.309190 7.0 0.323444 8.0 0.336505 9.0 0.348511 10.0 0.359583 11.0 0.369827 12.0 0.379325 13.0 0.388153 14.0 0.396373 15.0 0.404038 16.0 0.411191 17.0 0.417865 18.0 0.424089 19.0 0.429887 20.0 0.435280 21.0 0.440282 22.0 0.444908 23.0 0.449177 24.0 0.453095 25.0 0.456681 26.0 0.459953 27.0 0.462929 28.0 0.465633 29.0 0.468095 30.0 0.470348
19.358672  0.0 0.188799 1.0 0.214709 2.0 0.238010 3.0 0.259024 4.0 0.278029 5.0 0.295272 6.0 0.310966 7.0 0.325298 8.0 0.338430 9.0 0.350501 10.0 0.361634 11.0 0.371932 12.0 0.381481 13.0 0.390358 14.0 0.398622 15.0 0.406328 16.0 0.413519 17.0 0.420227 18.0 0.426485 19.0 0.432314 20.0 0.437735 21.0 0.442763 22.0 0.447414 23.0 0.451703 24.0 0.455643 25.0 0.459247 26.0 0.462534 27.0 0.465526 28.0 0.468244 29.0 0.470719 30.0 0.472982
20.474947  0.0 0.189910 1.0 0.215967 2.0 0.239400 3.0 0.260531 4.0 0.279642 5.0 0.296981 6.0 0.312761 7.0 0.327172 8.0 0.340377 9.0 0.352514 10.0 0.363708 11.0 0.374061 12.0 0.383663 13.0 0.392589 14.0 0.400897 15.0 0.408645 16.0 0.415874 17.0 0.422617 18.0 0.428909 19.0 0.434769 20.0 0.440217 21.0 0.445271 22.0 0.449948 23.0 0.454259 24.0 0.458219 25.0 0.461842 26.0 0.465147 27.0 0.468153 28.0 0.470886 29.0 0.473372 30.0 0.475646
21.655589  0.0 0.191034 1.0 0.217240 2.0 0.240806 3.0 0.262056 4.0 0.281274 5.0 0.298709 6.0 0.314578 7.0 0.329068 8.0 0.342346 9.0 0.354551 10.0 0.365807 11.0 0.376215 12.0 0.385870 13.0 0.394844 14.0 0.403199 15.0 0.410988 16.0 0.418256 17.0 0.425035 18.0 0.431360 19.0 0.437251 20.0 0.442728 21.0 0.447808 22.0 0.452511 23.0 0.456843 24.0 0.460825 25.0 0.464467 26.0 0.467789 27.0 0.470811 28.0 0.473557 29.0 0.476056 30.0 0.478340
22.904311  0.0 0.192171 1.0 0.218528 2.0 0.242229 3.0 0.263599 4.0 0.282926 5.0 0.300458 6.0 0.316415 7.0 0.330987 8.0 0.344338 9.0 0.356612 10.0 0.367929 11.0 0.378396 12.0 0.388103 13.0 0.397126 14.0 0.405527 15.0 0.413358 16.0 0.420665 17.0 0.427482 18.0 0.433839 19.0 0.439762 20.0 0.445268 21.0 0.450377 22.0 0.455103 23.0 0.459457 24.0 0.463460 25.0 0.467122 26.0 0.470462 27.0 0.473499 28.0 0.476259 29.0 0.478770 30.0 0.481066
24.225038  0.0 0.193322 1.0 0.219831 2.0 0.243668 3.0 0.265161 4.0 0.284597 5.0 0.302227 6.0 0.318274 7.0 0.332927 8.0 0.346354 9.0 0.358696 10.0 0.370076 11.0 0.380602 12.0 0.390363 13.0 0.399435 14.0 0.407881 15.0 0.415756 16.0 0.423102 17.0 0.429956 18.0 0.436347 19.0 0.442301 20.0 0.447837 21.0 0.452975 22.0 0.457726 23.0 0.462103 24.0 0.466126 25.0 0.469808 26.0 0.473165 27.0 0.476218 28.0 0.478992 29.0 0.481515 30.0 0.483822
25.621921  0.0 0.194487 1.0 0.221150 2.0 0.245125 3.0 0.266740 4.0 0.286287 5.0 0.304018 6.0 0.320155 7.0 0.334891 8.0 0.348393 9.0 0.360805 10.0 0.372249 11.0 0.382833 12.0 0.392648 13.0 0.401770 14.0 0.410264 15.0 0.418182 16.0 0.425567 17.0 0.432460 18.0 0.438886 19.0 0.444871 20.0 0.450438 21.0 0.455603 22.0 0.460378 23.0 0.464780 24.0 0.468823 25.0 0.472525 26.0 0.475899 27.0 0.478969 28.0 0.481757 29.0 0.484292 30.0 0.486613
27.099352  0.0 0.195666 1.0 0.222485 2.0 0.246599 3.0 0.268339 4.0 0.287998 5.0 0.305830 6.0 0.322060 7.0 0.336879 8.0 0.350456 9.0 0.362939 10.0 0.374447 11.0 0.385091 12.0 0.394961 13.0 0.404133 14.0 0.412674 15.0 0.420636 16.0 0.428061 17.0 0.434993 18.0 0.441454 19.0 0.447473 20.0 0.453069 21.0 0.458262 22.0 0.463062 23.0 0.467489 24.0 0.471552 25.0 0.475273 26.0 0.478666 27.0 0.481751 28.0 0.484554 29.0 0.487102 30.0 0.489436
28.661977  0.0 0.196859 1.0 0.223836 2.0 0.248090 3.0 0.269957 4.0 0.289730 5.0 0.307665 6.0 0.323987 7.0 0.338891 8.0 0.352545 9.0 0.365098 10.0 0.376671 11.0 0.387376 12.0 0.397301 13.0 0.406523 14.0 0.415113 15.0 0.423119 16.0 0.430586 17.0 0.437556 18.0 0.444053 19.0 0.450105 20.0 0.455732 21.0 0.460952 22.0 0.465777 23.0 0.470229 24.0 0.474314 25.0 0.478054 26.0 0.481465 27.0 0.484567 28.0 0.487384 29.0 0.489946 30.0 0.492292
30.314706  0.0 0.198067 1.0 0.225203 2.0 0.249600 3.0 0.271595 4.0 0.291482 5.0 0.309521 6.0 0.325937 7.0 0.340927 8.0 0.354659 9.0 0.367283 10.0 0.378921 11.0 0.389687 12.0 0.399669 13.0 0.408944 14.0 0.417581 15.0 0.425632 16.0 0.433142 17.0 0.440149 18.0 0.446683 19.0 0.452768 20.0 0.458426 21.0 0.463674 22.0 0.468525 23.0 0.473001 24.0 0.477109 25.0 0.480868 26.0 0.484297 27.0 0.487415 28.0 0.490247 29.0 0.492825 30.0 0.495182
32.062737  0.0 0.199289 1.0 0.226587 2.0 0.251128 3.0 0.273252 4.0 0.293256 5.0 0.311399 6.0 0.327911 7.0 0.342987 8.0 0.356799 9.0 0.369495 10.0 0.381199 11.0 0.392027 12.0 0.402065 13.0 0.411394 14.0 0.420079 15.0 0.428174 16.0 0.435728 17.0 0.442774 18.0 0.449344 19.0 0.455463 20.0 0.461152 21.0 0.466429 22.0 0.471307 23.0 0.475807 24.0 0.479938 25.0 0.483716 26.0 0.487164 27.0 0.490298 28.0 0.493146 29.0 0.495737 30.0 0.498107
33.911564  0.0 0.200527 1.0 0.227988 2.0 0.252675 3.0 0.274930 4.0 0.295051 5.0 0.313301 6.0 0.329909 7.0 0.345073 8.0 0.358964 9.0 0.371733 10.0 0.383505 11.0 0.394395 12.0 0.404491 13.0 0.413873 14.0 0.422606 15.0 0.430748 16.0 0.438345 17.0 0.445430 18.0 0.452038 19.0 0.458191 20.0 0.463911 21.0 0.469216 22.0 0.474123 23.0 0.478647 24.0 0.482801 25.0 0.486600 26.0 0.490065 27.0 0.493216 28.0 0.496080 29.0 0.498685 30.0 0.501067
35.866999  0.0 0.201780 1.0 0.229407 2.0 0.254241 3.0 0.276628 4.0 0.296868 5.0 0.315226 6.0 0.331931 7.0 0.347184 8.0 0.361156 9.0 0.373999 10.0 0.385840 11.0 0.396792 12.0 0.406946 13.0 0.416383 14.0 0.425166 15.0 0.433355 16.0 0.440994 17.0 0.448119 18.0 0.454764 19.0 0.460951 20.0 0.466704 21.0 0.472038 22.0 0.476973 23.0 0.481521 24.0 0.485698 25.0 0.489518 26.0 0.493002 27.0 0.496171 28.0 0.499050 29.0 0.501669 30.0 0.504062
37.935191  0.0 0.203049 1.0 0.230843 2.0 0.255827 3.0 0.278348 4.0 0.298708 5.0 0.317175 6.0 0.333978 7.0 0.349320 8.0 0.363375 9.0 0.376292 10.0 0.388203 11.0 0.399218 12.0 0.409431 13.0 0.418923 14.0 0.427757 15.0 0.435993 16.0 0.443676 17.0 0.450840 18.0 0.457523 19.0 0.463746 20.0 0.469531 21.0 0.474895 22.0 0.479857 23.0 0.484430 24.0 0.488631 25.0 0.492472 26.0 0.495975 27.0 0.499162 28.0 0.502056 29.0 0.504689 30.0 0.507095
40.122640  0.0 0.204334 1.0 0.232298 2.0 0.257433 3.0 0.280089 4.0 0.300571 5.0 0.319148 6.0 0.336051 7.0 0.351484 8.0 0.365622 9.0 0.378615 10.0 0.390595 11.0 0.401675 12.0 0.411947 13.0 0.421495 14.0 0.430380 15.0 0.438663 16.0 0.446390 17.0 0.453595 18.0 0.460317 19.0 0.466575 20.0 0.472392 21.0 0.477786 22.0 0.482777 23.0 0.487375 24.0 0.491599 25.0 0.495463 26.0 0.498985 27.0 0.502189 28.0 0.505099 29.0 0.507746 30.0 0.510164
42.436223  0.0 0.205635 1.0 0.233771 2.0 0.259059 3.0 0.281852 4.0 0.302457 5.0 0.321145 6.0 0.338150 7.0 0.353674 8.0 0.367896 9.0 0.380966 10.0 0.393017 11.0 0.404162 12.0 0.414494 13.0 0.424098 14.0 0.433036 15.0 0.441367 16.0 0.449139 17.0 0.456386 18.0 0.463145 19.0 0.469439 20.0 0.475289 21.0 0.480714 22.0 0.485734 23.0 0.490356 24.0 0.494605 25.0 0.498490 26.0 0.502033 27.0 0.505254 28.0 0.508180 29.0 0.510841 30.0 0.513272
44.883214  0.0 0.206953 1.0 0.235262 2.0 0.260705 3.0 0.283637 4.0 0.304367 5.0 0.323168 6.0 0.340275 7.0 0.355892 8.0 0.370199 9.0 0.383347 10.0 0.395470 11.0 0.406680 12.0 0.417074 13.0 0.426734 14.0 0.435725 15.0 0.444105 16.0 0.451921 17.0 0.459211 18.0 0.466009 19.0 0.472339 20.0 0.478223 21.0 0.483679 22.0 0.488727 23.0 0.493375 24.0 0.497648 25.0 0.501556 26.0 0.505118 27.0 0.508357 28.0 0.511299 29.0 0.513974 30.0 0.516419
47.471306  0.0 0.208288 1.0 0.236773 2.0 0.262373 3.0 0.285445 4.0 0.306302 5.0 0.325217 6.0 0.342427 7.0 0.358139 8.0 0.372532 9.0 0.385759 10.0 0.397954 11.0 0.409230 12.0 0.419686 13.0 0.429404 14.0 0.438447 15.0 0.446877 16.0 0.454739 17.0 0.462071 18.0 0.468908 19.0 0.475275 20.0 0.481193 21.0 0.486681 22.0 0.491758 23.0 0.496433 24.0 0.500730 25.0 0.504659 26.0 0.508242 27.0 0.511499 28.0 0.514458 29.0 0.517148 30.0 0.519605
50.208634  0.0 0.209640 1.0 0.238303 2.0 0.264062 3.0 0.287277 4.0 0.308261 5.0 0.327292 6.0 0.344606 7.0 0.360413 8.0 0.374894 9.0 0.388201 10.0 0.400469 11.0 0.411813 12.0 0.422332 13.0 0.432107 14.0 0.441205 15.0 0.449684 16.0 0.457593 17.0 0.464968 18.0 0.471845 19.0 0.478249 20.0 0.484201 21.0 0.489721 22.0 0.494827 23.0 0.499529 24.0 0.503850 25.0 0.507803 26.0 0.511405 27.0 0.514681 28.0 0.517656 29.0 0.520361 30.0 0.522831
53.103804  0.0 0.211010 1.0 0.239853 2.0 0.265773 3.0 0.289132 4.0 0.310245 5.0 0.329393 6.0 0.346814 7.0 0.362717 8.0 0.377286 9.0 0.390674 10.0 0.403016 11.0 0.414428 12.0 0.425011 13.0 0.434845 14.0 0.443997 15.0 0.452527 16.0 0.460483 17.0 0.467902 18.0 0.474819 19.0 0.481261 20.0 0.487247 21.0 0.492800 22.0 0.497936 23.0 0.502665 24.0 0.507011 25.0 0.510986 26.0 0.514609 27.0 0.517904 28.0 0.520896 29.0 0.523615 30.0 0.526100
56.165917  0.0 0.212398 1.0 0.241424 2.0 0.267506 3.0 0.291011 4.0 0.312256 5.0 0.331522 6.0 0.349050 7.0 0.365051 8.0 0.379709 9.0 0.393179 10.0 0.405596 11.0 0.417078 12.0 0.427725 13.0 0.437618 14.0 0.446826 15.0 0.455407 16.0 0.463410 17.0 0.470874 18.0 0.477831 19.0 0.484311 20.0 0.490333 21.0 0.495919 22.0 0.501084 23.0 0.505842 24.0 0.510212 25.0 0.514210 26.0 0.517855 27.0 0.521168 28.0 0.524177 29.0 0.526912 30.0 0.529411
59.404601  0.0 0.213804 1.0 0.243015 2.0 0.269262 3.0 0.292915 4.0 0.314292 5.0 0.333678 6.0 0.351315 7.0 0.367415 8.0 0.382163 9.0 0.395716 10.0 0.408210 11.0 0.419762 12.0 0.430474 13.0 0.440427 14.0 0.449691 15.0 0.458324 16.0 0.466375 17.0 0.473884 18.0 0.480883 19.0 0.487402 20.0 0.493459 21.0 0.499078 22.0 0.504274 23.0 0.509059 24.0 0.513455 25.0 0.517476 26.0 0.521142 27.0 0.524475 28.0 0.527501 29.0 0.530251 30.0 0.532765
62.830036  0.0 0.215228 1.0 0.244627 2.0 0.271042 3.0 0.294844 4.0 0.316356 5.0 0.335863 6.0 0.353610 7.0 0.369811 8.0 0.384650 9.0 0.398287 10.0 0.410858 11.0 0.422481 12.0 0.433259 13.0 0.443273 14.0 0.452593 15.0 0.461279 16.0 0.469379 17.0 0.476934 18.0 0.483974 19.0 0.490532 20.0 0.496626 21.0 0.502279 22.0 0.507505 23.0 0.512319 24.0 0.516740 25.0 0.520785 26.0 0.524472 27.0 0.527824 28.0 0.530868 29.0 0.533634 30.0 0.536162
66.452991  0.0 0.216672 1.0 0.246261 2.0 0.272845 3.0 0.296798 4.0 0.318447 5.0 0.338077 6.0 0.355935 7.0 0.372238 8.0 0.387170 9.0 0.400892 10.0 0.413540 11.0 0.425236 12.0 0.436080 13.0 0.446157 14.0 0.455534 15.0 0.464273 16.0 0.472423 17.0 0.480023 18.0 0.487107 19.0 0.493704 20.0 0.499835 21.0 0.505521 22.0 0.510779 23.0 0.515621 24.0 0.520069 25.0 0.524138 26.0 0.527847 27.0 0.531218 28.0 0.534280 29.0 0.537062 30.0 0.539605
70.284856  0.0 0.218136 1.0 0.247916 2.0 0.274672 3.0 0.298779 4.0 0.320565 5.0 0.340320 6.0 0.358292 7.0 0.374697 8.0 0.389723 9.0 0.403531 10.0 0.416258 11.0 0.428027 12.0 0.438939 13.0 0.449079 14.0 0.458514 15.0 0.467307 16.0 0.475507 17.0 0.483154 18.0 0.490281 19.0 0.496918 20.0 0.503086 21.0 0.508807 22.0 0.514096 23.0 0.518967 24.0 0.523442 25.0 0.527535 26.0 0.531266 27.0 0.534658 28.0 0.537737 29.0 0.540536 30.0 0.543093
74.337677  0.0 0.219619 1.0 0.249594 2.0 0.276524 3.0 0.300786 4.0 0.322713 5.0 0.342594 6.0 0.360680 7.0 0.377189 8.0 0.392310 9.0 0.406205 10.0 0.419013 11.0 0.430856 12.0 0.441836 13.0 0.452039 14.0 0.461533 15.0 0.470381 16.0 0.478632 17.0 0.486326 18.0 0.493497 19.0 0.500175 20.0 0.506381 21.0 0.512136 22.0 0.517458 23.0 0.522358 24.0 0.526860 25.0 0.530978 26.0 0.534731 27.0 0.538143 28.0 0.541241 29.0 0.544056 30.0 0.546628
78.624195  0.0 0.221122 1.0 0.251295 2.0 0.278401 3.0 0.302821 4.0 0.324889 5.0 0.344898 6.0 0.363099 7.0 0.379714 8.0 0.394932 9.0 0.408915 10.0 0.421804 11.0 0.433723 12.0 0.444772 13.0 0.455040 14.0 0.464594 15.0 0.473497 16.0 0.481799 17.0 0.489541 18.0 0.496757 19.0 0.503476 20.0 0.509720 21.0 0.515511 22.0 0.520865 23.0 0.525795 24.0 0.530324 25.0 0.534467 26.0 0.538243 27.0 0.541675 28.0 0.544792 29.0 0.547624 30.0 0.550211
83.157886  0.0 0.222646 1.0 0.253019 2.0 0.280303 3.0 0.304883 4.0 0.327095 5.0 0.347233 6.0 0.365552 7.0 0.382274 8.0 0.397590 9.0 0.411662 10.0 0.424634 11.0 0.436629 12.0 0.447748 13.0 0.458081 14.0 0.467695 15.0 0.476655 16.0 0.485010 17.0 0.492800 18.0 0.500061 19.0 0.506822 20.0 0.513105 21.0 0.518931 22.0 0.524318 23.0 0.529278 24.0 0.533836 25.0 0.538004 26.0 0.541803 27.0 0.545256 28.0 0.548391 29.0 0.551240 30.0 0.553842
87.953002  0.0 0.224191 1.0 0.254767 2.0 0.282232 3.0 0.306973 4.0 0.329331 5.0 0.349600 6.0 0.368039 7.0 0.384869 8.0 0.400284 9.0 0.414447 10.0 0.427502 11.0 0.439574 12.0 0.450765 13.0 0.461164 14.0 0.470839 15.0 0.479856 16.0 0.488264 17.0 0.496103 18.0 0.503411 19.0 0.510214 20.0 0.516536 21.0 0.522398 22.0 0.527819 23.0 0.532809 24.0 0.537395 25.0 0.541589 26.0 0.545411 27.0 0.548886 28.0 0.552040 29.0 0.554907 30.0 0.557524
93.024617  0.0 0.225758 1.0 0.256539 2.0 0.284187 3.0 0.309093 4.0 0.331598 5.0 0.352000 6.0 0.370559 7.0 0.387500 8.0 0.403015 9.0 0.417270 10.0 0.430409 11.0 0.442560 12.0 0.453823 13.0 0.464289 14.0 0.474026 15.0 0.483101 16.0 0.491563 17.0 0.499452 18.0 0.506806 19.0 0.513653 20.0 0.520014 21.0 0.525912 22.0 0.531368 23.0 0.536389 24.0 0.541004 25.0 0.545224 26.0 0.549070 27.0 0.552566 28.0 0.555740 29.0 0.558624 30.0 0.561256
98.388676  0.0 0.227346 1.0 0.258336 2.0 0.286170 3.0 0.311242 4.0 0.333896 5.0 0.354433 6.0 0.373115 7.0 0.390167 8.0 0.405783 9.0 0.420133 10.0 0.433357 11.0 0.445588 12.0 0.456924 13.0 0.467458 14.0 0.477258 15.0 0.486391 16.0 0.494908 17.0 0.502847 18.0 0.510249 19.0 0.517139 20.0 0.523541 21.0 0.529476 22.0 0.534966 23.0 0.540020 24.0 0.544664 25.0 0.548910 26.0 0.552779 27.0 0.556297 28.0 0.559491 29.0 0.562393 30.0 0.565042
104.062042  0.0 0.228957 1.0 0.260158 2.0 0.288180 3.0 0.313420 4.0 0.336226 5.0 0.356900 6.0 0.375706 7.0 0.392871 8.0 0.408591 9.0 0.423036 10.0 0.436345 11.0 0.448658 12.0 0.460069 13.0 0.470670 14.0 0.480534 15.0 0.489727 16.0 0.498300 17.0 0.506290 18.0 0.513740 19.0 0.520675 20.0 0.527118 21.0 0.533090 22.0 0.538615 23.0 0.543701 24.0 0.548375 25.0 0.552647 26.0 0.556541 27.0 0.560081 28.0 0.563295 29.0 0.566216 30.0 0.568881
110.062550  0.0 0.230591 1.0 0.262006 2.0 0.290219 3.0 0.315630 4.0 0.338590 5.0 0.359402 6.0 0.378333 7.0 0.395613 8.0 0.411437 9.0 0.425980 10.0 0.439377 11.0 0.451771 12.0 0.463258 13.0 0.473928 14.0 0.483857 15.0 0.493110 16.0 0.501739 17.0 0.509782 18.0 0.517281 19.0 0.524260 20.0 0.530745 21.0 0.536756 22.0 0.542316 23.0 0.547435 24.0 0.552138 25.0 0.556438 26.0 0.560356 27.0 0.563919 28.0 0.567153 29.0 0.570093 30.0 0.572775
116.409064  0.0 0.232249 1.0 0.263880 2.0 0.292286 3.0 0.317871 4.0 0.340986 5.0 0.361939 6.0 0.380998 7.0 0.398394 8.0 0.414324 9.0 0.428965 10.0 0.442452 11.0 0.454928 12.0 0.466492 13.0 0.477232 14.0 0.487228 15.0 0.496542 16.0 0.505228 17.0 0.513324 18.0 0.520872 19.0 0.527896 20.0 0.534424 21.0 0.540474 22.0 0.546069 23.0 0.551223 24.0 0.555955 25.0 0.560282 26.0 0.564226 27.0 0.567811 28.0 0.571067 29.0 0.574025 30.0 0.576725
123.121536  0.0 0.233931 1.0 0.265782 2.0 0.294384 3.0 0.320144 4.0 0.343417 5.0 0.364513 6.0 0.383701 7.0 0.401214 8.0 0.417253 9.0 0.431993 10.0 0.445571 11.0 0.458131 12.0 0.469772 13.0 0.480584 14.0 0.490648 15.0 0.500023 16.0 0.508766 17.0 0.516918 18.0 0.524514 19.0 0.531585 20.0 0.538156 21.0 0.544246 22.0 0.549877 23.0 0.555065 24.0 0.559828 25.0 0.564183 26.0 0.568152 27.0 0.571760 28.0 0.575037 29.0 0.578015 30.0 0.580733
130.221067  0.0 0.235637 1.0 0.267712 2.0 0.296512 3.0 0.322450 4.0 0.345883 5.0 0.367125 6.0 0.386444 7.0 0.404077 8.0 0.420225 9.0 0.435064 10.0 0.448734 11.0 0.461379 12.0 0.473099 13.0 0.483984 14.0 0.494117 15.0 0.503556 16.0 0.512356 17.0 0.520563 18.0 0.528210 19.0 0.535327 20.0 0.541941 21.0 0.548073 22.0 0.553739 23.0 0.558963 24.0 0.563757 25.0 0.568139 26.0 0.572135 27.0 0.575767 28.0 0.579065 29.0 0.582063 30.0 0.584799
137.729977  0.0 0.237368 1.0 0.269669 2.0 0.298672 3.0 0.324791 4.0 0.348386 5.0 0.369774 6.0 0.389227 7.0 0.406981 8.0 0.423240 9.0 0.438180 10.0 0.451944 11.0 0.464674 12.0 0.476475 13.0 0.487435 14.0 0.497636 15.0 0.507139 16.0 0.515997 17.0 0.524261 18.0 0.531959 19.0 0.539124 20.0 0.545783 21.0 0.551956 22.0 0.557659 23.0 0.562919 24.0 0.567743 25.0 0.572155 26.0 0.576178 27.0 0.579834 28.0 0.583153 29.0 0.586171 30.0 0.588925
145.671872  0.0 0.239124 1.0 0.271655 2.0 0.300863 3.0 0.327165 4.0 0.350925 5.0 0.372462 6.0 0.392050 7.0 0.409927 8.0 0.426299 9.0 0.441342 10.0 0.455200 11.0 0.468018 12.0 0.479900 13.0 0.490936 14.0 0.501207 15.0 0.510775 16.0 0.519694 17.0 0.528013 18.0 0.535763 19.0 0.542977 20.0 0.549680 21.0 0.555896 22.0 0.561638 23.0 0.566932 24.0 0.571788 25.0 0.576231 26.0 0.580282 27.0 0.583962 28.0 0.587302 29.0 0.590340 30.0 0.593113
154.071719  0.0 0.240906 1.0 0.273671 2.0 0.303086 3.0 0.329575 4.0 0.353502 5.0 0.375190 6.0 0.394915 7.0 0.412917 8.0 0.429403 9.0 0.444550 10.0 0.458505 11.0 0.471410 12.0 0.483375 13.0 0.494490 14.0 0.504831 15.0 0.514465 16.0 0.523446 17.0 0.531822 18.0 0.539624 19.0 0.546886 20.0 0.553636 21.0 0.559895 22.0 0.565677 23.0 0.571006 24.0 0.575894 25.0 0.580370 26.0 0.584447 27.0 0.588153 28.0 0.591516 29.0 0.594571 30.0 0.597364
162.955925  0.0 0.242715 1.0 0.275716 2.0 0.305343 3.0 0.332020 4.0 0.356117 5.0 0.377958 6.0 0.397822 7.0 0.415951 8.0 0.432553 9.0 0.447805 10.0 0.461858 11.0 0.474855 12.0 0.486902 13.0 0.498096 14.0 0.508508 15.0 0.518210 16.0 0.527255 17.0 0.535687 18.0 0.543543 19.0 0.550857 20.0 0.557651 21.0 0.563954 22.0 0.569777 23.0 0.575141 24.0 0.580065 25.0 0.584570 26.0 0.588676 27.0 0.592407 28.0 0.595793 29.0 0.598869 30.0 0.601680
172.352418  0.0 0.244552 1.0 0.277791 2.0 0.307632 3.0 0.334501 4.0 0.358771 5.0 0.380766 6.0 0.400772 7.0 0.419030 8.0 0.435749 9.0 0.451111 10.0 0.465261 11.0 0.478352 12.0 0.490484 13.0 0.501756 14.0 0.512241 15.0 0.522011 16.0 0.531120 17.0 0.539610 18.0 0.547523 19.0 0.554888 20.0 0.561730 21.0 0.568074 22.0 0.573939 23.0 0.579339 24.0 0.584299 25.0 0.588835 26.0 0.592969 27.0 0.596726 28.0 0.600136 29.0 0.603233 30.0 0.606061
182.290740  0.0 0.246417 1.0 0.279900 2.0 0.309956 3.0 0.337019 4.0 0.361465 5.0 0.383618 6.0 0.403767 7.0 0.422155 8.0 0.438994 9.0 0.454468 10.0 0.468717 11.0 0.481902 12.0 0.494121 13.0 0.505471 14.0 0.516030 15.0 0.525870 16.0 0.535045 17.0 0.543594 18.0 0.551565 19.0 0.558981 20.0 0.565872 21.0 0.572258 22.0 0.578165 23.0 0.583603 24.0 0.588599 25.0 0.593166 26.0 0.597328 27.0 0.601111 28.0 0.604546 29.0 0.607666 30.0 0.610512
192.802133  0.0 0.248310 1.0 0.282041 2.0 0.312317 3.0 0.339577 4.0 0.364199 5.0 0.386514 6.0 0.406808 7.0 0.425328 8.0 0.442289 9.0 0.457875 10.0 0.472227 11.0 0.485506 12.0 0.497813 13.0 0.509243 14.0 0.519880 15.0 0.529789 16.0 0.539029 17.0 0.547642 18.0 0.555668 19.0 0.563137 20.0 0.570077 21.0 0.576509 22.0 0.582457 23.0 0.587935 24.0 0.592965 25.0 0.597564 26.0 0.601755 27.0 0.605565 28.0 0.609025 29.0 0.612168 30.0 0.615035
203.919642  0.0 0.250232 1.0 0.284214 2.0 0.314715 3.0 0.342175 4.0 0.366977 5.0 0.389455 6.0 0.409897 7.0 0.428552 8.0 0.445636 9.0 0.461334 10.0 0.475790 11.0 0.489165 12.0 0.501562 13.0 0.513075 14.0 0.523790 15.0 0.533771 16.0 0.543075 17.0 0.551752 18.0 0.559835 19.0 0.567358 20.0 0.574347 21.0 0.580827 22.0 0.586815 23.0 0.592335 24.0 0.597399 25.0 0.602030 26.0 0.606251 27.0 0.610089 28.0 0.613574 29.0 0.616741 30.0 0.619630
215.678218  0.0 0.252183 1.0 0.286420 2.0 0.317149 3.0 0.344813 4.0 0.369798 5.0 0.392441 6.0 0.413033 7.0 0.431826 8.0 0.449035 9.0 0.464846 10.0 0.479409 11.0 0.492881 12.0 0.505369 13.0 0.516968 14.0 0.527761 15.0 0.537815 16.0 0.547186 17.0 0.555926 18.0 0.564067 19.0 0.571644 20.0 0.578685 21.0 0.585213 22.0 0.591244 23.0 0.596804 24.0 0.601904 25.0 0.606569 26.0 0.610823 27.0 0.614688 28.0 0.618196 29.0 0.621386 30.0 0.624298
228.114826  0.0 0.254166 1.0 0.288661 2.0 0.319620 3.0 0.347491 4.0 0.372662 5.0 0.395472 6.0 0.416218 7.0 0.435150 8.0 0.452486 9.0 0.468413 10.0 0.483083 11.0 0.496655 12.0 0.509235 13.0 0.520921 14.0 0.531794 15.0 0.541922 16.0 0.551364 17.0 0.560166 18.0 0.568366 19.0 0.575999 20.0 0.583091 21.0 0.589669 22.0 0.595745 23.0 0.601344 24.0 0.606481 25.0 0.611184 26.0 0.615469 27.0 0.619363 28.0 0.622897 29.0 0.626107 30.0 0.629041
241.268564  0.0 0.256181 1.0 0.290938 2.0 0.322130 3.0 0.350211 4.0 0.375571 5.0 0.398551 6.0 0.419452 7.0 0.438526 8.0 0.455991 9.0 0.472039 10.0 0.486816 11.0 0.500491 12.0 0.513164 13.0 0.524938 14.0 0.535890 15.0 0.546095 16.0 0.555608 17.0 0.564474 18.0 0.572737 19.0 0.580427 20.0 0.587571 21.0 0.594195 22.0 0.600319 23.0 0.605958 24.0 0.611136 25.0 0.615873 26.0 0.620190 27.0 0.624113 28.0 0.627674 29.0 0.630909 30.0 0.633862
255.180783  0.0 0.258227 1.0 0.293251 2.0 0.324681 3.0 0.352974 4.0 0.378525 5.0 0.401681 6.0 0.422738 7.0 0.441954 8.0 0.459552 9.0 0.475723 10.0 0.490610 11.0 0.504389 12.0 0.517158 13.0 0.529018 14.0 0.540052 15.0 0.550333 16.0 0.559920 17.0 0.568853 18.0 0.577179 19.0 0.584927 20.0 0.592125 21.0 0.598797 22.0 0.604968 23.0 0.610648 24.0 0.615868 25.0 0.620639 26.0 0.624988 27.0 0.628941 28.0 0.632530 29.0 0.635791 30.0 0.638764
269.895220  0.0 0.260305 1.0 0.295601 2.0 0.327274 3.0 0.355783 4.0 0.381529 5.0 0.404861 6.0 0.426079 7.0 0.445441 8.0 0.463173 9.0 0.479466 10.0 0.494466 11.0 0.508348 12.0 0.521215 13.0 0.533164 14.0 0.544286 15.0 0.554645 16.0 0.564302 17.0 0.573305 18.0 0.581694 19.0 0.589501 20.0 0.596754 21.0 0.603478 22.0 0.609692 23.0 0.615420 24.0 0.620677 25.0 0.625484 26.0 0.629866 27.0 0.633850 28.0 0.637467 29.0 0.640754 30.0 0.643752
285.458131  0.0 0.262418 1.0 0.297988 2.0 0.329907 3.0 0.358637 4.0 0.384581 5.0 0.408092 6.0 0.429472 7.0 0.448984 8.0 0.466852 9.0 0.483268 10.0 0.498384 11.0 0.512371 12.0 0.525338 13.0 0.537382 14.0 0.548588 15.0 0.559027 16.0 0.568756 17.0 0.577831 18.0 0.586283 19.0 0.594149 20.0 0.601458 21.0 0.608236 22.0 0.614497 23.0 0.620270 24.0 0.625566 25.0 0.630410 26.0 0.634828 27.0 0.638842 28.0 0.642487 29.0 0.645801 30.0 0.648824
301.918444  0.0 0.264566 1.0 0.300415 2.0 0.332582 3.0 0.361536 4.0 0.387682 5.0 0.411374 6.0 0.432921 7.0 0.452584 8.0 0.470590 9.0 0.487133 10.0 0.502365 11.0 0.516463 12.0 0.529528 13.0 0.541668 14.0 0.552961 15.0 0.563482 16.0 0.573289 17.0 0.582431 18.0 0.590947 19.0 0.598876 20.0 0.606241 21.0 0.613073 22.0 0.619386 23.0 0.625202 24.0 0.630539 25.0 0.635425 26.0 0.639877 27.0 0.643924 28.0 0.647597 29.0 0.650933 30.0 0.653983
319.327905  0.0 0.266748 1.0 0.302882 2.0 0.335303 3.0 0.364483 4.0 0.390833 5.0 0.414711 6.0 0.436425 7.0 0.456242 8.0 0.474389 9.0 0.491065 10.0 0.506413 11.0 0.520624 12.0 0.533792 13.0 0.546025 14.0 0.557406 15.0 0.568010 16.0 0.577896 17.0 0.587108 18.0 0.595696 19.0 0.603687 20.0 0.611110 21.0 0.617993 22.0 0.624358 23.0 0.630217 24.0 0.635602 25.0 0.640525 26.0 0.645013 27.0 0.649093 28.0 0.652797 29.0 0.656161 30.0 0.659230
337.741243  0.0 0.268966 1.0 0.305390 2.0 0.338069 3.0 0.367481 4.0 0.394038 5.0 0.418105 6.0 0.439991 7.0 0.459963 8.0 0.478254 9.0 0.495062 10.0 0.510531 11.0 0.524853 12.0 0.538128 13.0 0.550455 14.0 0.561930 15.0 0.572617 16.0 0.582581 17.0 0.591870 18.0 0.600525 19.0 0.608580 20.0 0.616063 21.0 0.623001 22.0 0.629415 23.0 0.635325 24.0 0.640751 25.0 0.645714 26.0 0.650237 27.0 0.654351 28.0 0.658087 29.0 0.661481 30.0 0.664576
357.216346  0.0 0.271222 1.0 0.307938 2.0 0.340880 3.0 0.370527 4.0 0.397297 5.0 0.421555 6.0 0.443616 7.0 0.463748 8.0 0.482185 9.0 0.499125 10.0 0.514718 11.0 0.529154 12.0 0.542536 13.0 0.554965 14.0 0.566531 15.0 0.577306 16.0 0.587347 17.0 0.596713 18.0 0.605437 19.0 0.613556 20.0 0.621101 21.0 0.628097 22.0 0.634561 23.0 0.640522 24.0 0.645991 25.0 0.650992 26.0 0.655556 27.0 0.659703 28.0 0.663469 29.0 0.666894 30.0 0.670018
377.814438  0.0 0.273516 1.0 0.310531 2.0 0.343737 3.0 0.373624 4.0 0.400610 5.0 0.425061 6.0 0.447300 7.0 0.467595 8.0 0.486181 9.0 0.503258 10.0 0.518976 11.0 0.533530 12.0 0.547018 13.0 0.559552 14.0 0.571211 15.0 0.582074 16.0 0.592200 17.0 0.601640 18.0 0.610434 19.0 0.618621 20.0 0.626226 21.0 0.633282 22.0 0.639803 23.0 0.645810 24.0 0.651324 25.0 0.656373 26.0 0.660974 27.0 0.665157 28.0 0.668955 29.0 0.672404 30.0 0.675557
399.600273  0.0 0.275848 1.0 0.313167 2.0 0.346646 3.0 0.376775 4.0 0.403978 5.0 0.428630 6.0 0.451049 7.0 0.471507 8.0 0.490245 9.0 0.507465 10.0 0.523308 11.0 0.537984 12.0 0.551584 13.0 0.564218 14.0 0.575972 15.0 0.586925 16.0 0.597138 17.0 0.606654 18.0 0.615525 19.0 0.623780 20.0 0.631449 21.0 0.638559 22.0 0.645138 23.0 0.651193 24.0 0.656759 25.0 0.661849 26.0 0.666489 27.0 0.670709 28.0 0.674541 29.0 0.678022 30.0 0.681197
422.642341  0.0 0.278221 1.0 0.315848 2.0 0.349603 3.0 0.379980 4.0 0.407408 5.0 0.432261 6.0 0.454864 7.0 0.475492 8.0 0.494384 9.0 0.511744 10.0 0.527718 11.0 0.542513 12.0 0.556228 13.0 0.568967 14.0 0.580823 15.0 0.591867 16.0 0.602161 17.0 0.611762 18.0 0.620706 19.0 0.629030 20.0 0.636765 21.0 0.643938 22.0 0.650568 23.0 0.656681 24.0 0.662292 25.0 0.667424 26.0 0.672104 27.0 0.676361 28.0 0.680228 29.0 0.683743 30.0 0.686949
447.013078  0.0 0.280635 1.0 0.318576 2.0 0.352610 3.0 0.383239 4.0 0.410895 5.0 0.435953 6.0 0.458744 7.0 0.479544 8.0 0.498593 9.0 0.516096 10.0 0.532204 11.0 0.547123 12.0 0.560953 13.0 0.573803 14.0 0.585758 15.0 0.596897 16.0 0.607280 17.0 0.616961 18.0 0.625979 19.0 0.634374 20.0 0.642176 21.0 0.649414 22.0 0.656103 23.0 0.662268 24.0 0.667925 25.0 0.673106 26.0 0.677830 27.0 0.682126 28.0 0.686025 29.0 0.689570 30.0 0.692808
472.789100  0.0 0.283090 1.0 0.321352 2.0 0.355672 3.0 0.386557 4.0 0.414441 5.0 0.439711 6.0 0.462692 7.0 0.483666 8.0 0.502875 9.0 0.520531 10.0 0.536771 11.0 0.551820 12.0 0.565767 13.0 0.578725 14.0 0.590781 15.0 0.602016 16.0 0.612492 17.0 0.622253 18.0 0.631355 19.0 0.639824 20.0 0.647692 21.0 0.654990 22.0 0.661742 23.0 0.667957 24.0 0.673672 25.0 0.678899 26.0 0.683665 27.0 0.688000 28.0 0.691937 29.0 0.695515 30.0 0.698778
500.051440  0.0 0.285590 1.0 0.324175 2.0 0.358787 3.0 0.389933 4.0 0.418054 5.0 0.443537 6.0 0.466713 7.0 0.487865 8.0 0.507239 9.0 0.525044 10.0 0.541423 11.0 0.556599 12.0 0.570669 13.0 0.583737 14.0 0.595902 15.0 0.607234 16.0 0.617798 17.0 0.627651 18.0 0.636830 19.0 0.645374 20.0 0.653313 21.0 0.660678 22.0 0.667485 23.0 0.673763 24.0 0.679527 25.0 0.684799 26.0 0.689609 27.0 0.693985 28.0 0.697961 29.0 0.701575 30.0 0.704872
528.885802  0.0 0.288133 1.0 0.327050 2.0 0.361955 3.0 0.393368 4.0 0.421730 5.0 0.447429 6.0 0.470804 7.0 0.492139 8.0 0.511680 9.0 0.529637 10.0 0.546158 11.0 0.561466 12.0 0.575658 13.0 0.588846 14.0 0.601117 15.0 0.612550 16.0 0.623208 17.0 0.633147 18.0 0.642406 19.0 0.651026 20.0 0.659038 21.0 0.666473 22.0 0.673344 23.0 0.679678 24.0 0.685492 25.0 0.690819 26.0 0.695676 27.0 0.700094 28.0 0.704105 29.0 0.707752 30.0 0.711085
559.382834  0.0 0.290721 1.0 0.329976 2.0 0.365184 3.0 0.396867 4.0 0.425471 5.0 0.451394 6.0 0.474970 7.0 0.496489 8.0 0.516200 9.0 0.534320 10.0 0.550980 11.0 0.566427 12.0 0.580745 13.0 0.594048 14.0 0.606426 15.0 0.617963 16.0 0.628721 17.0 0.638747 18.0 0.648096 19.0 0.656796 20.0 0.664880 21.0 0.672378 22.0 0.679318 23.0 0.685708 24.0 0.691584 25.0 0.696959 26.0 0.701862 27.0 0.706324 28.0 0.710377 29.0 0.714061 30.0 0.717422
591.638410  0.0 0.293358 1.0 0.332953 2.0 0.368469 3.0 0.400429 4.0 0.429283 5.0 0.455431 6.0 0.479215 7.0 0.500924 8.0 0.520810 9.0 0.539087 10.0 0.555896 11.0 0.571479 12.0 0.585927 13.0 0.599350 14.0 0.611845 15.0 0.623486 16.0 0.634337 17.0 0.644462 18.0 0.653894 19.0 0.662674 20.0 0.670835 21.0 0.678408 22.0 0.685406 23.0 0.691865 24.0 0.697794 25.0 0.703219 26.0 0.708171 27.0 0.712677 28.0 0.716772 29.0 0.720497 30.0 0.723897
625.753932  0.0 0.296041 1.0 0.335987 2.0 0.371815 3.0 0.404054 4.0 0.433163 5.0 0.459540 6.0 0.483536 7.0 0.505439 8.0 0.525502 9.0 0.543944 10.0 0.560901 11.0 0.576628 12.0 0.591207 13.0 0.604756 14.0 0.617364 15.0 0.629115 16.0 0.640071 17.0 0.650285 18.0 0.659806 19.0 0.668670 20.0 0.676907 21.0 0.684555 22.0 0.691626 23.0 0.698143 24.0 0.704131 25.0 0.709615 26.0 0.714618 27.0 0.719171 28.0 0.723307 29.0 0.727067 30.0 0.730502
661.836651  0.0 0.298774 1.0 0.339075 2.0 0.375223 3.0 0.407750 4.0 0.437117 5.0 0.463731 6.0 0.487941 7.0 0.510040 8.0 0.530286 9.0 0.548897 10.0 0.566007 11.0 0.581878 12.0 0.596594 13.0 0.610264 14.0 0.622993 15.0 0.634853 16.0 0.645914 17.0 0.656228 18.0 0.665842 19.0 0.674791 20.0 0.683110 21.0 0.690829 22.0 0.697969 23.0 0.704554 24.0 0.710604 25.0 0.716141 26.0 0.721194 27.0 0.725795 28.0 0.729977 29.0 0.733781 30.0 0.737254
700.000000  0.0 0.301558 1.0 0.342222 2.0 0.378692 3.0 0.411512 4.0 0.441144 5.0 0.467998 6.0 0.492428 7.0 0.514730 8.0 0.535162 9.0 0.553942 10.0 0.571210 11.0 0.587227 12.0 0.602082 13.0 0.615888 14.0 0.628737 15.0 0.640711 16.0 0.651877 17.0 0.662291 18.0 0.671996 19.0 0.681032 20.0 0.689434 21.0 0.697235 22.0 0.704447 23.0 0.711099 24.0 0.717207 25.0 0.722807 26.0 0.727916 27.0 0.732566 28.0 0.736792 29.0 0.740634 30.0 0.744150
