0.010000  0.0 0.105460 1.0 0.120154 2.0 0.133413 3.0 0.145402 4.0 0.156271 5.0 0.166152 6.0 0.175161 7.0 0.183400 8.0 0.190960 9.0 0.197920 10.0 0.204346 11.0 0.210298 12.0 0.215825 13.0 0.220971 14.0 0.225769 15.0 0.230250 16.0 0.234439 17.0 0.238355 18.0 0.242015 19.0 0.245430 20.0 0.248613 21.0 0.251572 22.0 0.254313 23.0 0.256846 24.0 0.259177 25.0 0.261315 26.0 0.263269 27.0 0.265050 28.0 0.266673 29.0 0.268155 30.0 0.269518
0.010577  0.0 0.105806 1.0 0.120548 2.0 0.133848 3.0 0.145876 4.0 0.156780 5.0 0.166691 6.0 0.175728 7.0 0.183994 8.0 0.191579 9.0 0.198560 10.0 0.205006 11.0 0.210977 12.0 0.216522 13.0 0.221682 14.0 0.226497 15.0 0.230992 16.0 0.235194 17.0 0.239122 18.0 0.242792 19.0 0.246219 20.0 0.249411 21.0 0.252378 22.0 0.255129 23.0 0.257670 24.0 0.260008 25.0 0.262151 26.0 0.264111 27.0 0.265898 28.0 0.267526 29.0 0.269012 30.0 0.270379
0.011187  0.0 0.106155 1.0 0.120943 2.0 0.134287 3.0 0.146353 4.0 0.157292 5.0 0.167235 6.0 0.176302 7.0 0.184593 8.0 0.192201 9.0 0.199205 10.0 0.205672 11.0 0.211661 12.0 0.217223 13.0 0.222401 14.0 0.227229 15.0 0.231738 16.0 0.235953 17.0 0.239894 18.0 0.243576 19.0 0.247012 20.0 0.250215 21.0 0.253192 22.0 0.255950 23.0 0.258498 24.0 0.260843 25.0 0.262994 26.0 0.264960 27.0 0.266752 28.0 0.268385 29.0 0.269876 30.0 0.271246
0.011832  0.0 0.106506 1.0 0.121342 2.0 0.134729 3.0 0.146833 4.0 0.157807 5.0 0.167782 6.0 0.176877 7.0 0.185195 8.0 0.192828 9.0 0.199853 10.0 0.206341 11.0 0.212349 12.0 0.217929 13.0 0.223122 14.0 0.227966 15.0 0.232490 16.0 0.236717 17.0 0.240670 18.0 0.244363 19.0 0.247811 20.0 0.251023 21.0 0.254009 22.0 0.256776 23.0 0.259332 24.0 0.261685 25.0 0.263841 26.0 0.265813 27.0 0.267611 28.0 0.269248 29.0 0.270743 30.0 0.272119
0.012514  0.0 0.106858 1.0 0.121743 2.0 0.135173 3.0 0.147317 4.0 0.158326 5.0 0.168333 6.0 0.177457 7.0 0.185802 8.0 0.193458 9.0 0.200507 10.0 0.207015 11.0 0.213042 12.0 0.218639 13.0 0.223849 14.0 0.228708 15.0 0.233245 16.0 0.237487 17.0 0.241452 18.0 0.245157 19.0 0.248615 20.0 0.251837 21.0 0.254832 22.0 0.257608 23.0 0.260172 24.0 0.262531 25.0 0.264695 26.0 0.266673 27.0 0.268476 28.0 0.270118 29.0 0.271619 30.0 0.272997
0.013235  0.0 0.107214 1.0 0.122148 2.0 0.135621 3.0 0.147804 4.0 0.158848 5.0 0.168887 6.0 0.178040 7.0 0.186412 8.0 0.194094 9.0 0.201163 10.0 0.207692 11.0 0.213739 12.0 0.219354 13.0 0.224580 14.0 0.229455 15.0 0.234007 16.0 0.238261 17.0 0.242239 18.0 0.245955 19.0 0.249424 20.0 0.252656 21.0 0.255660 22.0 0.258445 23.0 0.261017 24.0 0.263384 25.0 0.265553 26.0 0.267537 27.0 0.269346 28.0 0.270993 29.0 0.272497 30.0 0.273881
0.013999  0.0 0.107571 1.0 0.122554 2.0 0.136071 3.0 0.148294 4.0 0.159374 5.0 0.169446 6.0 0.178629 7.0 0.187027 8.0 0.194732 9.0 0.201826 10.0 0.208375 11.0 0.214440 12.0 0.220073 13.0 0.225317 14.0 0.230206 15.0 0.234772 16.0 0.239041 17.0 0.243031 18.0 0.246759 19.0 0.250238 20.0 0.253481 21.0 0.256495 22.0 0.259287 23.0 0.261867 24.0 0.264241 25.0 0.266419 26.0 0.268408 27.0 0.270222 28.0 0.271875 29.0 0.273384 30.0 0.274771
0.014806  0.0 0.107932 1.0 0.122963 2.0 0.136525 3.0 0.148787 4.0 0.159903 5.0 0.170007 6.0 0.179219 7.0 0.187645 8.0 0.195376 9.0 0.202491 10.0 0.209062 11.0 0.215147 12.0 0.220798 13.0 0.226057 14.0 0.230963 15.0 0.235544 16.0 0.239825 17.0 0.243828 18.0 0.247567 19.0 0.251058 20.0 0.254311 21.0 0.257333 22.0 0.260135 23.0 0.262723 24.0 0.265105 25.0 0.267287 26.0 0.269284 27.0 0.271103 28.0 0.272761 29.0 0.274274 30.0 0.275666
0.015659  0.0 0.108294 1.0 0.123375 2.0 0.136981 3.0 0.149284 4.0 0.160435 5.0 0.170573 6.0 0.179815 7.0 0.188268 8.0 0.196023 9.0 0.203162 10.0 0.209754 11.0 0.215858 12.0 0.221527 13.0 0.226804 14.0 0.231724 15.0 0.236319 16.0 0.240615 17.0 0.244630 18.0 0.248382 19.0 0.251883 20.0 0.255146 21.0 0.258179 22.0 0.260989 23.0 0.263584 24.0 0.265973 25.0 0.268164 26.0 0.270166 27.0 0.271991 28.0 0.273654 29.0 0.275172 30.0 0.276567
0.016562  0.0 0.108659 1.0 0.123790 2.0 0.137440 3.0 0.149783 4.0 0.160972 5.0 0.171142 6.0 0.180414 7.0 0.188894 8.0 0.196675 9.0 0.203836 10.0 0.210449 11.0 0.216574 12.0 0.222261 13.0 0.227554 14.0 0.232491 15.0 0.237101 16.0 0.241410 17.0 0.245438 18.0 0.249201 19.0 0.252714 20.0 0.255987 21.0 0.259028 22.0 0.261848 23.0 0.264452 24.0 0.266848 25.0 0.269044 26.0 0.271053 27.0 0.272884 28.0 0.274552 29.0 0.276074 30.0 0.277474
0.017518  0.0 0.109026 1.0 0.124208 2.0 0.137903 3.0 0.150287 4.0 0.161511 5.0 0.171716 6.0 0.181018 7.0 0.189526 8.0 0.197331 9.0 0.204516 10.0 0.211151 11.0 0.217294 12.0 0.222999 13.0 0.228311 14.0 0.233262 15.0 0.237887 16.0 0.242210 17.0 0.246251 18.0 0.250026 19.0 0.253550 20.0 0.256833 21.0 0.259885 22.0 0.262713 23.0 0.265324 24.0 0.267729 25.0 0.269933 26.0 0.271947 27.0 0.273783 28.0 0.275457 29.0 0.276984 30.0 0.278388
0.018528  0.0 0.109397 1.0 0.124628 2.0 0.138369 3.0 0.150793 4.0 0.162056 5.0 0.172292 6.0 0.181625 7.0 0.190161 8.0 0.197992 9.0 0.205199 10.0 0.211855 11.0 0.218020 12.0 0.223744 13.0 0.229071 14.0 0.234040 15.0 0.238680 16.0 0.243016 17.0 0.247069 18.0 0.250856 19.0 0.254392 20.0 0.257685 21.0 0.260746 22.0 0.263583 23.0 0.266204 24.0 0.268615 25.0 0.270825 26.0 0.272846 27.0 0.274688 28.0 0.276366 29.0 0.277898 30.0 0.279307
0.019596  0.0 0.109769 1.0 0.125051 2.0 0.138838 3.0 0.151303 4.0 0.162602 5.0 0.172873 6.0 0.182237 7.0 0.190800 8.0 0.198656 9.0 0.205889 10.0 0.212566 11.0 0.218749 12.0 0.224492 13.0 0.229837 14.0 0.234821 15.0 0.239475 16.0 0.243826 17.0 0.247893 18.0 0.251693 19.0 0.255239 20.0 0.258542 21.0 0.261614 22.0 0.264460 23.0 0.267088 24.0 0.269507 25.0 0.271725 26.0 0.273752 27.0 0.275599 28.0 0.277283 29.0 0.278820 30.0 0.280233
0.020726  0.0 0.110144 1.0 0.125477 2.0 0.139310 3.0 0.151817 4.0 0.163154 5.0 0.173457 6.0 0.182852 7.0 0.191444 8.0 0.199326 9.0 0.206581 10.0 0.213280 11.0 0.219485 12.0 0.225246 13.0 0.230608 14.0 0.235609 15.0 0.240279 16.0 0.244643 17.0 0.248722 18.0 0.252534 19.0 0.256092 20.0 0.259406 21.0 0.262487 22.0 0.265341 23.0 0.267979 24.0 0.270405 25.0 0.272629 26.0 0.274663 27.0 0.276517 28.0 0.278205 29.0 0.279746 30.0 0.281163
0.021921  0.0 0.110521 1.0 0.125907 2.0 0.139786 3.0 0.152334 4.0 0.163707 5.0 0.174047 6.0 0.183472 7.0 0.192092 8.0 0.200000 9.0 0.207280 10.0 0.214001 11.0 0.220224 12.0 0.226004 13.0 0.231385 14.0 0.236401 15.0 0.241085 16.0 0.245464 17.0 0.249558 18.0 0.253381 19.0 0.256950 20.0 0.260275 21.0 0.263366 22.0 0.266230 23.0 0.268874 24.0 0.271309 25.0 0.273541 26.0 0.275581 27.0 0.277440 28.0 0.279134 29.0 0.280681 30.0 0.282102
0.023185  0.0 0.110902 1.0 0.126338 2.0 0.140264 3.0 0.152854 4.0 0.164267 5.0 0.174639 6.0 0.184096 7.0 0.192744 8.0 0.200679 9.0 0.207982 10.0 0.214725 11.0 0.220970 12.0 0.226769 13.0 0.232166 14.0 0.237199 15.0 0.241900 16.0 0.246292 17.0 0.250397 18.0 0.254234 19.0 0.257815 20.0 0.261151 21.0 0.264251 22.0 0.267123 23.0 0.269778 24.0 0.272219 25.0 0.274458 26.0 0.276504 27.0 0.278369 28.0 0.280069 29.0 0.281619 30.0 0.283045
0.024522  0.0 0.111284 1.0 0.126774 2.0 0.140746 3.0 0.153378 4.0 0.164828 5.0 0.175236 6.0 0.184724 7.0 0.193401 8.0 0.201361 9.0 0.208689 10.0 0.215455 11.0 0.221719 12.0 0.227537 13.0 0.232953 14.0 0.238002 15.0 0.242717 16.0 0.247124 17.0 0.251244 18.0 0.255093 19.0 0.258684 20.0 0.262031 21.0 0.265141 22.0 0.268024 23.0 0.270685 24.0 0.273136 25.0 0.275382 26.0 0.277434 27.0 0.279305 28.0 0.281010 29.0 0.282566 30.0 0.283996
0.025936  0.0 0.111670 1.0 0.127211 2.0 0.141231 3.0 0.153906 4.0 0.165395 5.0 0.175837 6.0 0.185357 7.0 0.194063 8.0 0.202050 9.0 0.209401 10.0 0.216189 11.0 0.222476 12.0 0.228313 13.0 0.233745 14.0 0.238812 15.0 0.243542 16.0 0.247964 17.0 0.252095 18.0 0.255957 19.0 0.259561 20.0 0.262918 21.0 0.266038 22.0 0.268929 23.0 0.271601 24.0 0.274057 25.0 0.276311 26.0 0.278370 27.0 0.280247 28.0 0.281957 29.0 0.283518 30.0 0.284952
0.027432  0.0 0.112058 1.0 0.127653 2.0 0.141720 3.0 0.154437 4.0 0.165964 5.0 0.176442 6.0 0.185993 7.0 0.194728 8.0 0.202742 9.0 0.210118 10.0 0.216929 11.0 0.223235 12.0 0.229091 13.0 0.234543 14.0 0.239625 15.0 0.244371 16.0 0.248807 17.0 0.252954 18.0 0.256827 19.0 0.260442 20.0 0.263810 21.0 0.266941 22.0 0.269843 23.0 0.272520 24.0 0.274987 25.0 0.277247 26.0 0.279312 27.0 0.281195 28.0 0.282911 29.0 0.284477 30.0 0.285916
0.029013  0.0 0.112449 1.0 0.128096 2.0 0.142211 3.0 0.154973 4.0 0.166539 5.0 0.177051 6.0 0.186635 7.0 0.195399 8.0 0.203440 9.0 0.210840 10.0 0.217673 11.0 0.224001 12.0 0.229877 13.0 0.235346 14.0 0.240446 15.0 0.245207 16.0 0.249658 17.0 0.253816 18.0 0.257704 19.0 0.261331 20.0 0.264710 21.0 0.267851 22.0 0.270760 23.0 0.273449 24.0 0.275921 25.0 0.278189 26.0 0.280262 27.0 0.282151 28.0 0.283871 29.0 0.285442 30.0 0.286884
0.030686  0.0 0.112842 1.0 0.128544 2.0 0.142707 3.0 0.155511 4.0 0.167116 5.0 0.177665 6.0 0.187280 7.0 0.196073 8.0 0.204142 9.0 0.211567 10.0 0.218423 11.0 0.224772 12.0 0.230667 13.0 0.236154 14.0 0.241270 15.0 0.246048 16.0 0.250513 17.0 0.254687 18.0 0.258586 19.0 0.262224 20.0 0.265614 21.0 0.268765 22.0 0.271686 23.0 0.274381 24.0 0.276863 25.0 0.279138 26.0 0.281216 27.0 0.283111 28.0 0.284837 29.0 0.286414 30.0 0.287862
0.032456  0.0 0.113239 1.0 0.128994 2.0 0.143206 3.0 0.156054 4.0 0.167698 5.0 0.178282 6.0 0.187931 7.0 0.196754 8.0 0.204849 9.0 0.212299 10.0 0.219178 11.0 0.225548 12.0 0.231463 13.0 0.236969 14.0 0.242102 15.0 0.246896 16.0 0.251376 17.0 0.255562 18.0 0.259475 19.0 0.263126 20.0 0.266527 21.0 0.269688 22.0 0.272616 23.0 0.275322 24.0 0.277810 25.0 0.280093 26.0 0.282179 27.0 0.284080 28.0 0.285812 29.0 0.287392 30.0 0.288844
0.034327  0.0 0.113638 1.0 0.129448 2.0 0.143708 3.0 0.156600 4.0 0.168284 5.0 0.178904 6.0 0.188585 7.0 0.197438 8.0 0.205561 9.0 0.213036 10.0 0.219938 11.0 0.226330 12.0 0.232264 13.0 0.237788 14.0 0.242939 15.0 0.247748 16.0 0.252242 17.0 0.256444 18.0 0.260368 19.0 0.264031 20.0 0.267444 21.0 0.270615 22.0 0.273554 23.0 0.276268 24.0 0.278766 25.0 0.281055 26.0 0.283146 27.0 0.285053 28.0 0.286791 29.0 0.288377 30.0 0.289835
0.036307  0.0 0.114039 1.0 0.129904 2.0 0.144214 3.0 0.157150 4.0 0.168874 5.0 0.179531 6.0 0.189245 7.0 0.198128 8.0 0.206277 9.0 0.213778 10.0 0.220704 11.0 0.227117 12.0 0.233071 13.0 0.238614 14.0 0.243781 15.0 0.248607 16.0 0.253117 17.0 0.257331 18.0 0.261270 19.0 0.264945 20.0 0.268368 21.0 0.271550 22.0 0.274498 23.0 0.277221 24.0 0.279725 25.0 0.282023 26.0 0.284122 27.0 0.286036 28.0 0.287778 29.0 0.289369 30.0 0.290830
0.038400  0.0 0.114445 1.0 0.130364 2.0 0.144723 3.0 0.157704 4.0 0.169469 5.0 0.180161 6.0 0.189908 7.0 0.198822 8.0 0.207000 9.0 0.214525 10.0 0.221474 11.0 0.227909 12.0 0.233884 13.0 0.239444 14.0 0.244630 15.0 0.249472 16.0 0.253996 17.0 0.258226 18.0 0.262176 19.0 0.265863 20.0 0.269298 21.0 0.272490 22.0 0.275449 23.0 0.278180 24.0 0.280694 25.0 0.282998 26.0 0.285103 27.0 0.287022 28.0 0.288771 29.0 0.290367 30.0 0.291834
0.040614  0.0 0.114852 1.0 0.130827 2.0 0.145236 3.0 0.158262 4.0 0.170067 5.0 0.180797 6.0 0.190577 7.0 0.199521 8.0 0.207726 9.0 0.215278 10.0 0.222251 11.0 0.228707 12.0 0.234702 13.0 0.240282 14.0 0.245484 15.0 0.250342 16.0 0.254882 17.0 0.259125 18.0 0.263090 19.0 0.266789 20.0 0.270235 21.0 0.273438 22.0 0.276405 23.0 0.279146 24.0 0.281668 25.0 0.283980 26.0 0.286093 27.0 0.288019 28.0 0.289773 29.0 0.291374 30.0 0.292844
0.042956  0.0 0.115263 1.0 0.131294 2.0 0.145752 3.0 0.158824 4.0 0.170670 5.0 0.181436 6.0 0.191250 7.0 0.200225 8.0 0.208459 9.0 0.216035 10.0 0.223032 11.0 0.229511 12.0 0.235526 13.0 0.241124 14.0 0.246345 15.0 0.251220 16.0 0.255774 17.0 0.260032 18.0 0.264009 19.0 0.267721 20.0 0.271179 21.0 0.274391 22.0 0.277369 23.0 0.280119 24.0 0.282649 25.0 0.284968 26.0 0.287087 27.0 0.289020 28.0 0.290779 29.0 0.292385 30.0 0.293862
0.045433  0.0 0.115676 1.0 0.131764 2.0 0.146273 3.0 0.159389 4.0 0.171276 5.0 0.182080 6.0 0.191929 7.0 0.200934 8.0 0.209195 9.0 0.216799 10.0 0.223820 11.0 0.230319 12.0 0.236355 13.0 0.241974 14.0 0.247211 15.0 0.252102 16.0 0.256673 17.0 0.260945 18.0 0.264936 19.0 0.268659 20.0 0.272128 21.0 0.275353 22.0 0.278340 23.0 0.281098 24.0 0.283637 25.0 0.285965 26.0 0.288091 27.0 0.290029 28.0 0.291795 29.0 0.293406 30.0 0.294886
0.048053  0.0 0.116093 1.0 0.132237 2.0 0.146797 3.0 0.159960 4.0 0.171888 5.0 0.182728 6.0 0.192611 7.0 0.201648 8.0 0.209938 9.0 0.217567 10.0 0.224611 11.0 0.231135 12.0 0.237192 13.0 0.242828 14.0 0.248084 15.0 0.252992 16.0 0.257577 17.0 0.261863 18.0 0.265868 19.0 0.269605 20.0 0.273085 21.0 0.276320 22.0 0.279317 23.0 0.282085 24.0 0.284632 25.0 0.286966 26.0 0.289100 27.0 0.291044 28.0 0.292815 29.0 0.294431 30.0 0.295918
0.050824  0.0 0.116512 1.0 0.132714 2.0 0.147325 3.0 0.160533 4.0 0.172503 5.0 0.183383 6.0 0.193299 7.0 0.202367 8.0 0.210685 9.0 0.218342 10.0 0.225411 11.0 0.231955 12.0 0.238032 13.0 0.243689 14.0 0.248962 15.0 0.253886 16.0 0.258488 17.0 0.262789 18.0 0.266807 19.0 0.270556 20.0 0.274048 21.0 0.277294 22.0 0.280302 23.0 0.283078 24.0 0.285634 25.0 0.287977 26.0 0.290117 27.0 0.292068 28.0 0.293845 29.0 0.295467 30.0 0.296957
0.053755  0.0 0.116935 1.0 0.133193 2.0 0.147857 3.0 0.161112 4.0 0.173124 5.0 0.184040 6.0 0.193992 7.0 0.203091 8.0 0.211439 9.0 0.219121 10.0 0.226214 11.0 0.232783 12.0 0.238881 13.0 0.244556 14.0 0.249848 15.0 0.254789 16.0 0.259406 17.0 0.263721 18.0 0.267753 19.0 0.271515 20.0 0.275019 21.0 0.278275 22.0 0.281292 23.0 0.284079 24.0 0.286642 25.0 0.288992 26.0 0.291140 27.0 0.293098 28.0 0.294881 29.0 0.296507 30.0 0.298002
0.056854  0.0 0.117361 1.0 0.133677 2.0 0.148392 3.0 0.161693 4.0 0.173748 5.0 0.184704 6.0 0.194689 7.0 0.203820 8.0 0.212197 9.0 0.219907 10.0 0.227024 11.0 0.233615 12.0 0.239734 13.0 0.245429 14.0 0.250739 15.0 0.255697 16.0 0.260330 17.0 0.264660 18.0 0.268705 19.0 0.272479 20.0 0.275995 21.0 0.279263 22.0 0.282291 23.0 0.285085 24.0 0.287659 25.0 0.290017 26.0 0.292171 27.0 0.294135 28.0 0.295924 29.0 0.297557 30.0 0.299056
0.060133  0.0 0.117789 1.0 0.134164 2.0 0.148932 3.0 0.162281 4.0 0.174377 5.0 0.185371 6.0 0.195392 7.0 0.204556 8.0 0.212961 9.0 0.220698 10.0 0.227840 11.0 0.234454 12.0 0.240594 13.0 0.246309 14.0 0.251637 15.0 0.256612 16.0 0.261261 17.0 0.265605 18.0 0.269665 19.0 0.273452 20.0 0.276980 21.0 0.280259 22.0 0.283295 23.0 0.286101 24.0 0.288681 25.0 0.291048 26.0 0.293210 27.0 0.295180 28.0 0.296975 29.0 0.298612 30.0 0.300116
0.063600  0.0 0.118221 1.0 0.134655 2.0 0.149475 3.0 0.162871 4.0 0.175011 5.0 0.186043 6.0 0.196099 7.0 0.205295 8.0 0.213731 9.0 0.221494 10.0 0.228661 11.0 0.235298 12.0 0.241460 13.0 0.247194 14.0 0.252541 15.0 0.257533 16.0 0.262197 17.0 0.266558 18.0 0.270630 19.0 0.274430 20.0 0.277970 21.0 0.281260 22.0 0.284309 23.0 0.287122 24.0 0.289713 25.0 0.292087 26.0 0.294255 27.0 0.296232 28.0 0.298032 29.0 0.299676 30.0 0.301186
0.067268  0.0 0.118656 1.0 0.135149 2.0 0.150023 3.0 0.163466 4.0 0.175649 5.0 0.186721 6.0 0.196813 7.0 0.206041 8.0 0.214505 9.0 0.222297 10.0 0.229489 11.0 0.236149 12.0 0.242332 13.0 0.248087 14.0 0.253452 15.0 0.258461 16.0 0.263143 17.0 0.267517 18.0 0.271604 19.0 0.275417 20.0 0.278969 21.0 0.282270 22.0 0.285328 23.0 0.288153 24.0 0.290750 25.0 0.293133 26.0 0.295309 27.0 0.297293 28.0 0.299099 29.0 0.300748 30.0 0.302261
0.071146  0.0 0.119094 1.0 0.135647 2.0 0.150573 3.0 0.164066 4.0 0.176293 5.0 0.187403 6.0 0.197531 7.0 0.206791 8.0 0.215287 9.0 0.223104 10.0 0.230322 11.0 0.237006 12.0 0.243211 13.0 0.248984 14.0 0.254369 15.0 0.259396 16.0 0.264093 17.0 0.268483 18.0 0.272583 19.0 0.276410 20.0 0.279974 21.0 0.283286 22.0 0.286355 23.0 0.289189 24.0 0.291796 25.0 0.294186 26.0 0.296368 27.0 0.298359 28.0 0.300171 29.0 0.301826 30.0 0.303346
0.075249  0.0 0.119536 1.0 0.136149 2.0 0.151129 3.0 0.164669 4.0 0.176939 5.0 0.188091 6.0 0.198254 7.0 0.207548 8.0 0.216072 9.0 0.223919 10.0 0.231162 11.0 0.237868 12.0 0.244095 13.0 0.249891 14.0 0.255293 15.0 0.260337 16.0 0.265051 17.0 0.269456 18.0 0.273571 19.0 0.277411 20.0 0.280987 21.0 0.284311 22.0 0.287390 23.0 0.290233 24.0 0.292849 25.0 0.295247 26.0 0.297438 27.0 0.299435 28.0 0.301254 29.0 0.302913 30.0 0.304437
0.079588  0.0 0.119980 1.0 0.136653 2.0 0.151688 3.0 0.165278 4.0 0.177593 5.0 0.188783 6.0 0.198983 7.0 0.208310 8.0 0.216865 9.0 0.224738 10.0 0.232007 11.0 0.238738 12.0 0.244987 13.0 0.250802 14.0 0.256224 15.0 0.261286 16.0 0.266016 17.0 0.270436 18.0 0.274565 19.0 0.278419 20.0 0.282007 21.0 0.285342 22.0 0.288432 23.0 0.291285 24.0 0.293910 25.0 0.296315 26.0 0.298514 27.0 0.300517 28.0 0.302342 29.0 0.304007 30.0 0.305537
0.084177  0.0 0.120429 1.0 0.137163 2.0 0.152252 3.0 0.165890 4.0 0.178250 5.0 0.189481 6.0 0.199717 7.0 0.209076 8.0 0.217663 9.0 0.225565 10.0 0.232860 11.0 0.239613 12.0 0.245884 13.0 0.251720 14.0 0.257160 15.0 0.262240 16.0 0.266987 17.0 0.271424 18.0 0.275567 19.0 0.279433 20.0 0.283034 21.0 0.286381 22.0 0.289482 23.0 0.292344 24.0 0.294978 25.0 0.297393 26.0 0.299598 27.0 0.301608 28.0 0.303439 29.0 0.305110 30.0 0.306645
0.089031  0.0 0.120880 1.0 0.137675 2.0 0.152820 3.0 0.166508 4.0 0.178912 5.0 0.190183 6.0 0.200457 7.0 0.209850 8.0 0.218467 9.0 0.226397 10.0 0.233717 11.0 0.240496 12.0 0.246789 13.0 0.252646 14.0 0.258106 15.0 0.263204 16.0 0.267967 17.0 0.272417 18.0 0.276576 19.0 0.280456 20.0 0.284070 21.0 0.287428 22.0 0.290538 23.0 0.293412 24.0 0.296054 25.0 0.298476 26.0 0.300690 27.0 0.302707 28.0 0.304544 29.0 0.306220 30.0 0.307760
0.094165  0.0 0.121335 1.0 0.138192 2.0 0.153392 3.0 0.167130 4.0 0.179579 5.0 0.190891 6.0 0.201201 7.0 0.210628 8.0 0.219277 9.0 0.227235 10.0 0.234582 11.0 0.241384 12.0 0.247700 13.0 0.253577 14.0 0.259057 15.0 0.264173 16.0 0.268952 17.0 0.273420 18.0 0.277592 19.0 0.281485 20.0 0.285111 21.0 0.288482 22.0 0.291604 23.0 0.294485 24.0 0.297138 25.0 0.299569 26.0 0.301790 27.0 0.303813 28.0 0.305657 29.0 0.307339 30.0 0.308884
0.099595  0.0 0.121793 1.0 0.138713 2.0 0.153969 3.0 0.167757 4.0 0.180250 5.0 0.191604 6.0 0.201952 7.0 0.211414 8.0 0.220092 9.0 0.228080 10.0 0.235453 11.0 0.242280 12.0 0.248618 13.0 0.254517 14.0 0.260015 15.0 0.265149 16.0 0.269947 17.0 0.274429 18.0 0.278617 19.0 0.282524 20.0 0.286163 21.0 0.289544 22.0 0.292676 23.0 0.295569 24.0 0.298229 25.0 0.300669 26.0 0.302898 27.0 0.304929 28.0 0.306778 29.0 0.308466 30.0 0.310015
0.105338  0.0 0.122255 1.0 0.139237 2.0 0.154549 3.0 0.168388 4.0 0.180928 5.0 0.192322 6.0 0.202708 7.0 0.212204 8.0 0.220915 9.0 0.228930 10.0 0.236330 11.0 0.243182 12.0 0.249543 13.0 0.255461 14.0 0.260981 15.0 0.266133 16.0 0.270947 17.0 0.275446 18.0 0.279647 19.0 0.283569 20.0 0.287220 21.0 0.290613 22.0 0.293757 23.0 0.296659 24.0 0.299330 25.0 0.301778 26.0 0.304013 27.0 0.306051 28.0 0.307907 29.0 0.309601 30.0 0.311157
0.111412  0.0 0.122720 1.0 0.139766 2.0 0.155135 3.0 0.169024 4.0 0.181610 5.0 0.193047 6.0 0.203470 7.0 0.213000 8.0 0.221742 9.0 0.229788 10.0 0.237215 11.0 0.244090 12.0 0.250474 13.0 0.256415 14.0 0.261953 15.0 0.267124 16.0 0.271956 17.0 0.276470 18.0 0.280687 19.0 0.284622 20.0 0.288286 21.0 0.291692 22.0 0.294846 23.0 0.297759 24.0 0.300438 25.0 0.302895 26.0 0.305139 27.0 0.307183 28.0 0.309046 29.0 0.310745 30.0 0.312304
0.117836  0.0 0.123189 1.0 0.140298 2.0 0.155724 3.0 0.169666 4.0 0.182298 5.0 0.193776 6.0 0.204238 7.0 0.213803 8.0 0.222577 9.0 0.230651 10.0 0.238104 11.0 0.245006 12.0 0.251413 13.0 0.257375 14.0 0.262934 15.0 0.268123 16.0 0.272971 17.0 0.277502 18.0 0.281734 19.0 0.285683 20.0 0.289360 21.0 0.292777 22.0 0.295943 23.0 0.298866 24.0 0.301555 25.0 0.304018 26.0 0.306270 27.0 0.308322 28.0 0.310191 29.0 0.311896 30.0 0.313462
0.124631  0.0 0.123662 1.0 0.140835 2.0 0.156318 3.0 0.170311 4.0 0.182990 5.0 0.194511 6.0 0.205011 7.0 0.214611 8.0 0.223417 9.0 0.231521 10.0 0.239002 11.0 0.245928 12.0 0.252358 13.0 0.258342 14.0 0.263920 15.0 0.269128 16.0 0.273994 17.0 0.278542 18.0 0.282789 19.0 0.286751 20.0 0.290441 21.0 0.293871 22.0 0.297048 23.0 0.299980 24.0 0.302679 25.0 0.305153 26.0 0.307412 27.0 0.309471 28.0 0.311346 29.0 0.313057 30.0 0.314628
0.131817  0.0 0.124137 1.0 0.141375 2.0 0.156917 3.0 0.170962 4.0 0.183688 5.0 0.195252 6.0 0.205791 7.0 0.215426 8.0 0.224264 9.0 0.232398 10.0 0.239906 11.0 0.246858 12.0 0.253312 13.0 0.259317 14.0 0.264916 15.0 0.270142 16.0 0.275026 17.0 0.279588 18.0 0.283852 19.0 0.287829 20.0 0.291532 21.0 0.294973 22.0 0.298160 23.0 0.301105 24.0 0.303812 25.0 0.306294 26.0 0.308562 27.0 0.310628 28.0 0.312509 29.0 0.314225 30.0 0.315802
0.139418  0.0 0.124617 1.0 0.141920 2.0 0.157520 3.0 0.171618 4.0 0.184392 5.0 0.195997 6.0 0.206575 7.0 0.216247 8.0 0.225118 9.0 0.233281 10.0 0.240817 11.0 0.247794 12.0 0.254271 13.0 0.260298 14.0 0.265918 15.0 0.271163 16.0 0.276064 17.0 0.280645 18.0 0.284921 19.0 0.288912 20.0 0.292629 21.0 0.296083 22.0 0.299283 23.0 0.302236 24.0 0.304954 25.0 0.307445 26.0 0.309720 27.0 0.311793 28.0 0.313681 29.0 0.315404 30.0 0.316986
0.147457  0.0 0.125101 1.0 0.142469 2.0 0.158128 3.0 0.172278 4.0 0.185099 5.0 0.196750 6.0 0.207367 7.0 0.217074 8.0 0.225977 9.0 0.234172 10.0 0.241735 11.0 0.248737 12.0 0.255238 13.0 0.261288 14.0 0.266928 15.0 0.272192 16.0 0.277112 17.0 0.281707 18.0 0.286001 19.0 0.290006 20.0 0.293737 21.0 0.297203 22.0 0.300412 23.0 0.303378 24.0 0.306103 25.0 0.308604 26.0 0.310887 27.0 0.312968 28.0 0.314862 29.0 0.316591 30.0 0.318177
0.155960  0.0 0.125588 1.0 0.143022 2.0 0.158741 3.0 0.172945 4.0 0.185814 5.0 0.197507 6.0 0.208164 7.0 0.217908 8.0 0.226845 9.0 0.235068 10.0 0.242659 11.0 0.249689 12.0 0.256214 13.0 0.262284 14.0 0.267945 15.0 0.273230 16.0 0.278166 17.0 0.282779 18.0 0.287087 19.0 0.291108 20.0 0.294851 21.0 0.298328 22.0 0.301552 23.0 0.304526 24.0 0.307264 25.0 0.309771 26.0 0.312062 27.0 0.314150 28.0 0.316051 29.0 0.317786 30.0 0.319380
0.164953  0.0 0.126079 1.0 0.143580 2.0 0.159358 3.0 0.173615 4.0 0.186534 5.0 0.198271 6.0 0.208967 7.0 0.218747 8.0 0.227717 9.0 0.235972 10.0 0.243592 11.0 0.250646 12.0 0.257195 13.0 0.263290 14.0 0.268970 15.0 0.274273 16.0 0.279229 17.0 0.283859 18.0 0.288183 19.0 0.292217 20.0 0.295974 21.0 0.299466 22.0 0.302699 23.0 0.305684 24.0 0.308431 25.0 0.310949 26.0 0.313248 27.0 0.315343 28.0 0.317251 29.0 0.318992 30.0 0.320589
0.174465  0.0 0.126574 1.0 0.144142 2.0 0.159980 3.0 0.174292 4.0 0.187259 5.0 0.199040 6.0 0.209778 7.0 0.219594 8.0 0.228598 9.0 0.236883 10.0 0.244531 11.0 0.251612 12.0 0.258186 13.0 0.264302 14.0 0.270004 15.0 0.275327 16.0 0.280300 17.0 0.284946 18.0 0.289287 19.0 0.293336 20.0 0.297107 21.0 0.300610 22.0 0.303855 23.0 0.306852 24.0 0.309608 25.0 0.312133 26.0 0.314441 27.0 0.316544 28.0 0.318458 29.0 0.320204 30.0 0.321809
0.184525  0.0 0.127073 1.0 0.144708 2.0 0.160607 3.0 0.174974 4.0 0.187990 5.0 0.199815 6.0 0.210593 7.0 0.220446 8.0 0.229485 9.0 0.237800 10.0 0.245477 11.0 0.252585 12.0 0.259183 13.0 0.265321 14.0 0.271045 15.0 0.276387 16.0 0.281378 17.0 0.286043 18.0 0.290398 19.0 0.294461 20.0 0.298246 21.0 0.301763 22.0 0.305021 23.0 0.308026 24.0 0.310794 25.0 0.313329 26.0 0.315644 27.0 0.317754 28.0 0.319676 29.0 0.321429 30.0 0.323038
0.195165  0.0 0.127576 1.0 0.145280 2.0 0.161239 3.0 0.175660 4.0 0.188726 5.0 0.200598 6.0 0.211416 7.0 0.221306 8.0 0.230377 9.0 0.238726 10.0 0.246432 11.0 0.253565 12.0 0.260187 13.0 0.266350 14.0 0.272094 15.0 0.277457 16.0 0.282467 17.0 0.287147 18.0 0.291520 19.0 0.295598 20.0 0.299397 21.0 0.302926 22.0 0.306193 23.0 0.309212 24.0 0.311987 25.0 0.314532 26.0 0.316857 27.0 0.318974 28.0 0.320902 29.0 0.322661 30.0 0.324275
0.206419  0.0 0.128082 1.0 0.145854 2.0 0.161876 3.0 0.176353 4.0 0.189469 5.0 0.201385 6.0 0.212245 7.0 0.222173 8.0 0.231279 9.0 0.239657 10.0 0.247392 11.0 0.254554 12.0 0.261201 13.0 0.267385 14.0 0.273152 15.0 0.278534 16.0 0.283562 17.0 0.288261 18.0 0.292648 19.0 0.296742 20.0 0.300554 21.0 0.304095 22.0 0.307377 23.0 0.310406 24.0 0.313192 25.0 0.315745 26.0 0.318077 27.0 0.320202 28.0 0.322137 29.0 0.323903 30.0 0.325524
0.218322  0.0 0.128593 1.0 0.146435 2.0 0.162518 3.0 0.177051 4.0 0.190217 5.0 0.202179 6.0 0.213080 7.0 0.223045 8.0 0.232186 9.0 0.240598 10.0 0.248362 11.0 0.255548 12.0 0.262221 13.0 0.268430 14.0 0.274216 15.0 0.279619 16.0 0.284667 17.0 0.289383 18.0 0.293787 19.0 0.297896 20.0 0.301722 21.0 0.305277 22.0 0.308569 23.0 0.311609 24.0 0.314405 25.0 0.316968 26.0 0.319309 27.0 0.321442 28.0 0.323384 29.0 0.325155 30.0 0.326781
0.230911  0.0 0.129108 1.0 0.147019 2.0 0.163166 3.0 0.177754 4.0 0.190971 5.0 0.202979 6.0 0.213922 7.0 0.223926 8.0 0.233101 9.0 0.241544 10.0 0.249338 11.0 0.256553 12.0 0.263251 13.0 0.269482 14.0 0.275292 15.0 0.280714 16.0 0.285780 17.0 0.290513 18.0 0.294934 19.0 0.299058 20.0 0.302899 21.0 0.306466 22.0 0.309770 23.0 0.312822 24.0 0.315628 25.0 0.318199 26.0 0.320549 27.0 0.322690 28.0 0.324638 29.0 0.326415 30.0 0.328048
0.244226  0.0 0.129627 1.0 0.147608 2.0 0.163817 3.0 0.178463 4.0 0.191731 5.0 0.203785 6.0 0.214770 7.0 0.224813 8.0 0.234024 9.0 0.242498 10.0 0.250321 11.0 0.257564 12.0 0.264287 13.0 0.270542 14.0 0.276373 15.0 0.281817 16.0 0.286901 17.0 0.291653 18.0 0.296090 19.0 0.300228 20.0 0.304083 21.0 0.307664 22.0 0.310982 23.0 0.314043 24.0 0.316861 25.0 0.319442 26.0 0.321799 27.0 0.323948 28.0 0.325904 29.0 0.327688 30.0 0.329326
0.258309  0.0 0.130150 1.0 0.148203 2.0 0.164475 3.0 0.179177 4.0 0.192497 5.0 0.204599 6.0 0.215626 7.0 0.225707 8.0 0.234952 9.0 0.243461 10.0 0.251314 11.0 0.258583 12.0 0.265332 13.0 0.271612 14.0 0.277465 15.0 0.282928 16.0 0.288033 17.0 0.292801 18.0 0.297256 19.0 0.301410 20.0 0.305279 21.0 0.308873 22.0 0.312201 23.0 0.315276 24.0 0.318101 25.0 0.320693 26.0 0.323060 27.0 0.325216 28.0 0.327179 29.0 0.328969 30.0 0.330611
0.273204  0.0 0.130677 1.0 0.148801 2.0 0.165138 3.0 0.179899 4.0 0.193270 5.0 0.205418 6.0 0.216488 7.0 0.226608 8.0 0.235890 9.0 0.244430 10.0 0.252313 11.0 0.259612 12.0 0.266386 13.0 0.272688 14.0 0.278565 15.0 0.284049 16.0 0.289172 17.0 0.293959 18.0 0.298429 19.0 0.302600 20.0 0.306483 21.0 0.310089 22.0 0.313432 23.0 0.316517 24.0 0.319354 25.0 0.321954 26.0 0.324328 27.0 0.326492 28.0 0.328462 29.0 0.330260 30.0 0.331910
0.288957  0.0 0.131209 1.0 0.149405 2.0 0.165806 3.0 0.180625 4.0 0.194049 5.0 0.206244 6.0 0.217356 7.0 0.227516 8.0 0.236834 9.0 0.245408 10.0 0.253321 11.0 0.260647 12.0 0.267447 13.0 0.273775 14.0 0.279672 15.0 0.285177 16.0 0.290321 17.0 0.295126 18.0 0.299613 19.0 0.303799 20.0 0.307697 21.0 0.311318 22.0 0.314672 23.0 0.317768 24.0 0.320616 25.0 0.323226 26.0 0.325610 27.0 0.327781 28.0 0.329758 29.0 0.331562 30.0 0.333217
0.305619  0.0 0.131745 1.0 0.150014 2.0 0.166480 3.0 0.181356 4.0 0.194833 5.0 0.207077 6.0 0.218233 7.0 0.228432 8.0 0.237786 9.0 0.246393 10.0 0.254337 11.0 0.261691 12.0 0.268518 13.0 0.274870 14.0 0.280790 15.0 0.286316 16.0 0.291479 17.0 0.296301 18.0 0.300806 19.0 0.305008 20.0 0.308921 21.0 0.312555 22.0 0.315920 23.0 0.319029 24.0 0.321887 25.0 0.324506 26.0 0.326899 27.0 0.329079 28.0 0.331063 29.0 0.332872 30.0 0.334534
0.323242  0.0 0.132285 1.0 0.150627 2.0 0.167159 3.0 0.182095 4.0 0.195625 5.0 0.207915 6.0 0.219116 7.0 0.229355 8.0 0.238746 9.0 0.247385 10.0 0.255360 11.0 0.262744 12.0 0.269597 13.0 0.275972 14.0 0.281916 15.0 0.287464 16.0 0.292645 17.0 0.297488 18.0 0.302008 19.0 0.306226 20.0 0.310153 21.0 0.313801 22.0 0.317181 23.0 0.320299 24.0 0.323169 25.0 0.325798 26.0 0.328199 27.0 0.330387 28.0 0.332379 29.0 0.334196 30.0 0.335863
0.341881  0.0 0.132830 1.0 0.151246 2.0 0.167843 3.0 0.182839 4.0 0.196422 5.0 0.208762 6.0 0.220007 7.0 0.230285 8.0 0.239713 9.0 0.248387 10.0 0.256393 11.0 0.263804 12.0 0.270683 13.0 0.277085 14.0 0.283051 15.0 0.288620 16.0 0.293822 17.0 0.298682 18.0 0.303221 19.0 0.307455 20.0 0.311397 21.0 0.315059 22.0 0.318450 23.0 0.321582 24.0 0.324460 25.0 0.327100 26.0 0.329511 27.0 0.331706 28.0 0.333705 29.0 0.335528 30.0 0.337200
0.361595  0.0 0.133380 1.0 0.151870 2.0 0.168534 3.0 0.183589 4.0 0.197226 5.0 0.209615 6.0 0.220905 7.0 0.231224 8.0 0.240688 9.0 0.249396 10.0 0.257434 11.0 0.264875 12.0 0.271781 13.0 0.278206 14.0 0.284196 15.0 0.289786 16.0 0.295008 17.0 0.299887 18.0 0.304443 19.0 0.308693 20.0 0.312650 21.0 0.316325 22.0 0.319730 23.0 0.322873 24.0 0.325764 25.0 0.328411 26.0 0.330830 27.0 0.333035 28.0 0.335040 29.0 0.336871 30.0 0.338551
0.382446  0.0 0.133933 1.0 0.152498 2.0 0.169230 3.0 0.184346 4.0 0.198038 5.0 0.210475 6.0 0.221809 7.0 0.232170 8.0 0.241672 9.0 0.250413 10.0 0.258483 11.0 0.265953 12.0 0.272886 13.0 0.279336 14.0 0.285349 15.0 0.290961 16.0 0.296203 17.0 0.301102 18.0 0.305675 19.0 0.309940 20.0 0.313912 21.0 0.317603 22.0 0.321021 23.0 0.324174 24.0 0.327076 25.0 0.329735 26.0 0.332163 27.0 0.334375 28.0 0.336389 29.0 0.338226 30.0 0.339911
0.404499  0.0 0.134492 1.0 0.153132 2.0 0.169931 3.0 0.185108 4.0 0.198855 5.0 0.211343 6.0 0.222722 7.0 0.233123 8.0 0.242662 9.0 0.251440 10.0 0.259541 11.0 0.267039 12.0 0.274000 13.0 0.280477 14.0 0.286512 15.0 0.292146 16.0 0.297409 17.0 0.302325 18.0 0.306917 19.0 0.311199 20.0 0.315187 21.0 0.318891 22.0 0.322320 23.0 0.325488 24.0 0.328399 25.0 0.331068 26.0 0.333506 27.0 0.335726 28.0 0.337747 29.0 0.339590 30.0 0.341282
0.427823  0.0 0.135055 1.0 0.153772 2.0 0.170639 3.0 0.185877 4.0 0.199679 5.0 0.212217 6.0 0.223642 7.0 0.234085 8.0 0.243662 9.0 0.252474 10.0 0.260606 11.0 0.268136 12.0 0.275124 13.0 0.281625 14.0 0.287685 15.0 0.293341 16.0 0.298624 17.0 0.303560 18.0 0.308168 19.0 0.312468 20.0 0.316470 21.0 0.320187 22.0 0.323632 23.0 0.326810 24.0 0.329734 25.0 0.332412 26.0 0.334858 27.0 0.337087 28.0 0.339116 29.0 0.340967 30.0 0.342665
0.452493  0.0 0.135623 1.0 0.154416 2.0 0.171352 3.0 0.186652 4.0 0.200511 5.0 0.213099 6.0 0.224568 7.0 0.235054 8.0 0.244670 9.0 0.253517 10.0 0.261682 11.0 0.269240 12.0 0.276256 13.0 0.282784 14.0 0.288866 15.0 0.294545 16.0 0.299849 17.0 0.304804 18.0 0.309431 19.0 0.313746 20.0 0.317764 21.0 0.321497 22.0 0.324954 23.0 0.328144 24.0 0.331079 25.0 0.333768 26.0 0.336224 27.0 0.338461 28.0 0.340497 29.0 0.342354 30.0 0.344058
0.478584  0.0 0.136196 1.0 0.155067 2.0 0.172072 3.0 0.187434 4.0 0.201348 5.0 0.213988 6.0 0.225505 7.0 0.236032 8.0 0.245685 9.0 0.254569 10.0 0.262766 11.0 0.270355 12.0 0.277399 13.0 0.283952 14.0 0.290059 15.0 0.295760 16.0 0.301085 17.0 0.306058 18.0 0.310704 19.0 0.315036 20.0 0.319070 21.0 0.322816 22.0 0.326286 23.0 0.329490 24.0 0.332435 25.0 0.335133 26.0 0.337599 27.0 0.339845 28.0 0.341888 29.0 0.343751 30.0 0.345463
0.506181  0.0 0.136774 1.0 0.155722 2.0 0.172798 3.0 0.188223 4.0 0.202194 5.0 0.214884 6.0 0.226448 7.0 0.237018 8.0 0.246711 9.0 0.255628 10.0 0.263858 11.0 0.271479 12.0 0.278550 13.0 0.285128 14.0 0.291261 15.0 0.296984 16.0 0.302329 17.0 0.307324 18.0 0.311986 19.0 0.316336 20.0 0.320385 21.0 0.324146 22.0 0.327630 23.0 0.330845 24.0 0.333803 25.0 0.336512 26.0 0.338986 27.0 0.341240 28.0 0.343292 29.0 0.345163 30.0 0.346880
0.535369  0.0 0.137356 1.0 0.156383 2.0 0.173529 3.0 0.189018 4.0 0.203046 5.0 0.215788 6.0 0.227398 7.0 0.238010 8.0 0.247743 9.0 0.256698 10.0 0.264962 11.0 0.272610 12.0 0.279710 13.0 0.286317 14.0 0.292472 15.0 0.298218 16.0 0.303586 17.0 0.308599 18.0 0.313281 19.0 0.317647 20.0 0.321712 21.0 0.325488 22.0 0.328985 23.0 0.332213 24.0 0.335180 25.0 0.337901 26.0 0.340385 27.0 0.342648 28.0 0.344707 29.0 0.346585 30.0 0.348307
0.566240  0.0 0.137944 1.0 0.157050 2.0 0.174267 3.0 0.189819 4.0 0.203905 5.0 0.216700 6.0 0.228358 7.0 0.239014 8.0 0.248785 9.0 0.257776 10.0 0.266073 11.0 0.273754 12.0 0.280882 13.0 0.287514 14.0 0.293695 15.0 0.299464 16.0 0.304852 17.0 0.309885 18.0 0.314585 19.0 0.318969 20.0 0.323050 21.0 0.326840 22.0 0.330350 23.0 0.333591 24.0 0.336571 25.0 0.339300 26.0 0.341794 27.0 0.344065 28.0 0.346132 29.0 0.348017 30.0 0.349748
0.598891  0.0 0.138536 1.0 0.157723 2.0 0.175012 3.0 0.190628 4.0 0.204772 5.0 0.217619 6.0 0.229325 7.0 0.240024 8.0 0.249836 9.0 0.258862 10.0 0.267193 11.0 0.274906 12.0 0.282063 13.0 0.288720 14.0 0.294927 15.0 0.300719 16.0 0.306128 17.0 0.311183 18.0 0.315900 19.0 0.320300 20.0 0.324397 21.0 0.328204 22.0 0.331729 23.0 0.334980 24.0 0.337973 25.0 0.340714 26.0 0.343216 27.0 0.345496 28.0 0.347571 29.0 0.349464 30.0 0.351200
0.633424  0.0 0.139134 1.0 0.158401 2.0 0.175762 3.0 0.191444 4.0 0.205646 5.0 0.218547 6.0 0.230300 7.0 0.241043 8.0 0.250895 9.0 0.259959 10.0 0.268324 11.0 0.276066 12.0 0.283252 13.0 0.289939 14.0 0.296169 15.0 0.301984 16.0 0.307416 17.0 0.312490 18.0 0.317228 19.0 0.321646 20.0 0.325759 21.0 0.329580 22.0 0.333117 23.0 0.336383 24.0 0.339385 25.0 0.342137 26.0 0.344650 27.0 0.346939 28.0 0.349022 29.0 0.350921 30.0 0.352662
0.669949  0.0 0.139737 1.0 0.159085 2.0 0.176519 3.0 0.192266 4.0 0.206527 5.0 0.219482 6.0 0.231284 7.0 0.242072 8.0 0.251963 9.0 0.261065 10.0 0.269464 11.0 0.277239 12.0 0.284455 13.0 0.291167 14.0 0.297423 15.0 0.303262 16.0 0.308715 17.0 0.313808 18.0 0.318565 19.0 0.323001 20.0 0.327131 21.0 0.330965 22.0 0.334518 23.0 0.337796 24.0 0.340811 25.0 0.343572 26.0 0.346094 27.0 0.348392 28.0 0.350483 29.0 0.352390 30.0 0.354140
0.708581  0.0 0.140345 1.0 0.159775 2.0 0.177283 3.0 0.193096 4.0 0.207417 5.0 0.220425 6.0 0.232276 7.0 0.243108 8.0 0.253042 9.0 0.262179 10.0 0.270613 11.0 0.278420 12.0 0.285665 13.0 0.292404 14.0 0.298687 15.0 0.304549 16.0 0.310023 17.0 0.315139 18.0 0.319913 19.0 0.324366 20.0 0.328512 21.0 0.332364 22.0 0.335931 23.0 0.339220 24.0 0.342248 25.0 0.345021 26.0 0.347553 27.0 0.349860 28.0 0.351959 29.0 0.353873 30.0 0.355628
0.749439  0.0 0.140958 1.0 0.160471 2.0 0.178052 3.0 0.193933 4.0 0.208314 5.0 0.221376 6.0 0.233276 7.0 0.244153 8.0 0.254128 9.0 0.263305 10.0 0.271773 11.0 0.279611 12.0 0.286886 13.0 0.293654 14.0 0.299961 15.0 0.305847 16.0 0.311345 17.0 0.316480 18.0 0.321275 19.0 0.325746 20.0 0.329909 21.0 0.333775 22.0 0.337354 23.0 0.340659 24.0 0.343696 25.0 0.346481 26.0 0.349024 27.0 0.351339 28.0 0.353446 29.0 0.355367 30.0 0.357129
0.792654  0.0 0.141577 1.0 0.161174 2.0 0.178830 3.0 0.194776 4.0 0.209218 5.0 0.222336 6.0 0.234286 7.0 0.245209 8.0 0.255224 9.0 0.264439 10.0 0.272942 11.0 0.280814 12.0 0.288119 13.0 0.294914 14.0 0.301247 15.0 0.307157 16.0 0.312677 17.0 0.317832 18.0 0.322646 19.0 0.327136 20.0 0.331315 21.0 0.335196 22.0 0.338791 23.0 0.342109 24.0 0.345159 25.0 0.347953 26.0 0.350505 27.0 0.352829 28.0 0.354944 29.0 0.356874 30.0 0.358644
0.838361  0.0 0.142201 1.0 0.161882 2.0 0.179614 3.0 0.195629 4.0 0.210132 5.0 0.223303 6.0 0.235304 7.0 0.246273 8.0 0.256331 9.0 0.265582 10.0 0.274121 11.0 0.282026 12.0 0.289361 13.0 0.296183 14.0 0.302543 15.0 0.308478 16.0 0.314019 17.0 0.319197 18.0 0.324030 19.0 0.328537 20.0 0.332733 21.0 0.336631 22.0 0.340240 23.0 0.343570 24.0 0.346633 25.0 0.349439 26.0 0.352001 27.0 0.354335 28.0 0.356459 29.0 0.358395 30.0 0.360170
0.886703  0.0 0.142831 1.0 0.162596 2.0 0.180404 3.0 0.196488 4.0 0.211052 5.0 0.224280 6.0 0.236331 7.0 0.247345 8.0 0.257445 9.0 0.266737 10.0 0.275312 11.0 0.283247 12.0 0.290613 13.0 0.297466 14.0 0.303850 15.0 0.309809 16.0 0.315375 17.0 0.320573 18.0 0.325427 19.0 0.329952 20.0 0.334166 21.0 0.338078 22.0 0.341700 23.0 0.345046 24.0 0.348119 25.0 0.350937 26.0 0.353509 27.0 0.355852 28.0 0.357984 29.0 0.359927 30.0 0.361710
0.937833  0.0 0.143466 1.0 0.163318 2.0 0.181202 3.0 0.197353 4.0 0.211980 5.0 0.225265 6.0 0.237367 7.0 0.248428 8.0 0.258570 9.0 0.267901 10.0 0.276512 11.0 0.284482 12.0 0.291878 13.0 0.298758 14.0 0.305170 15.0 0.311154 16.0 0.316742 17.0 0.321961 18.0 0.326834 19.0 0.331379 20.0 0.335609 21.0 0.339537 22.0 0.343175 23.0 0.346532 24.0 0.349620 25.0 0.352447 26.0 0.355029 27.0 0.357381 28.0 0.359521 29.0 0.361473 30.0 0.363264
0.991911  0.0 0.144107 1.0 0.164045 2.0 0.182007 3.0 0.198228 4.0 0.212918 5.0 0.226258 6.0 0.238412 7.0 0.249520 8.0 0.259706 9.0 0.269075 10.0 0.277722 11.0 0.285726 12.0 0.293153 13.0 0.300061 14.0 0.306501 15.0 0.312509 16.0 0.318119 17.0 0.323362 18.0 0.328254 19.0 0.332816 20.0 0.337064 21.0 0.341009 22.0 0.344662 23.0 0.348032 24.0 0.351132 25.0 0.353972 26.0 0.356565 27.0 0.358926 28.0 0.361075 29.0 0.363034 30.0 0.364830
1.049107  0.0 0.144754 1.0 0.164778 2.0 0.182818 3.0 0.199110 4.0 0.213863 5.0 0.227261 6.0 0.239466 7.0 0.250621 8.0 0.260851 9.0 0.270260 10.0 0.278944 11.0 0.286980 12.0 0.294438 13.0 0.301378 14.0 0.307842 15.0 0.313876 16.0 0.319511 17.0 0.324773 18.0 0.329687 19.0 0.334269 20.0 0.338534 21.0 0.342494 22.0 0.346161 23.0 0.349546 24.0 0.352657 25.0 0.355509 26.0 0.358112 27.0 0.360483 28.0 0.362640 29.0 0.364606 30.0 0.366409
1.109601  0.0 0.145407 1.0 0.165519 2.0 0.183638 3.0 0.199999 4.0 0.214816 5.0 0.228273 6.0 0.240531 7.0 0.251733 8.0 0.262005 9.0 0.271456 10.0 0.280176 11.0 0.288247 12.0 0.295737 13.0 0.302704 14.0 0.309197 15.0 0.315256 16.0 0.320914 17.0 0.326198 18.0 0.331132 19.0 0.335733 20.0 0.340015 21.0 0.343991 22.0 0.347674 23.0 0.351072 24.0 0.354197 25.0 0.357059 26.0 0.359672 27.0 0.362052 28.0 0.364218 29.0 0.366193 30.0 0.368004
1.173584  0.0 0.146065 1.0 0.166266 2.0 0.184464 3.0 0.200898 4.0 0.215778 5.0 0.229293 6.0 0.241604 7.0 0.252855 8.0 0.263171 9.0 0.272661 10.0 0.281418 11.0 0.289525 12.0 0.297046 13.0 0.304042 14.0 0.310563 15.0 0.316647 16.0 0.322328 17.0 0.327636 18.0 0.332589 19.0 0.337208 20.0 0.341508 21.0 0.345502 22.0 0.349200 23.0 0.352611 24.0 0.355750 25.0 0.358624 26.0 0.361248 27.0 0.363637 28.0 0.365812 29.0 0.367794 30.0 0.369612
1.241256  0.0 0.146729 1.0 0.167020 2.0 0.185298 3.0 0.201804 4.0 0.216750 5.0 0.230321 6.0 0.242686 7.0 0.253986 8.0 0.264347 9.0 0.273878 10.0 0.282673 11.0 0.290812 12.0 0.298366 13.0 0.305394 14.0 0.311940 15.0 0.318050 16.0 0.323757 17.0 0.329085 18.0 0.334061 19.0 0.338699 20.0 0.343017 21.0 0.347027 22.0 0.350739 23.0 0.354166 24.0 0.357314 25.0 0.360201 26.0 0.362836 27.0 0.365236 28.0 0.367419 29.0 0.369408 30.0 0.371233
1.312831  0.0 0.147400 1.0 0.167781 2.0 0.186139 3.0 0.202718 4.0 0.217729 5.0 0.231361 6.0 0.243779 7.0 0.255128 8.0 0.265532 9.0 0.275106 10.0 0.283938 11.0 0.292113 12.0 0.299700 13.0 0.306756 14.0 0.313332 15.0 0.319467 16.0 0.325197 17.0 0.330547 18.0 0.335544 19.0 0.340202 20.0 0.344538 21.0 0.348564 22.0 0.352292 23.0 0.355733 24.0 0.358896 25.0 0.361792 26.0 0.364438 27.0 0.366847 28.0 0.369038 29.0 0.371037 30.0 0.372870
1.388532  0.0 0.148077 1.0 0.168549 2.0 0.186989 3.0 0.203640 4.0 0.218717 5.0 0.232409 6.0 0.244882 7.0 0.256280 8.0 0.266730 9.0 0.276343 10.0 0.285214 11.0 0.293425 12.0 0.301044 13.0 0.308130 14.0 0.314734 15.0 0.320896 16.0 0.326649 17.0 0.332024 18.0 0.337040 19.0 0.341718 20.0 0.346072 21.0 0.350115 22.0 0.353860 23.0 0.357312 24.0 0.360490 25.0 0.363399 26.0 0.366055 27.0 0.368474 28.0 0.370675 29.0 0.372681 30.0 0.374521
1.468599  0.0 0.148759 1.0 0.169323 2.0 0.187846 3.0 0.204572 4.0 0.219715 5.0 0.233466 6.0 0.245993 7.0 0.257442 8.0 0.267938 9.0 0.277593 10.0 0.286503 11.0 0.294748 12.0 0.302400 13.0 0.309518 14.0 0.316149 15.0 0.322337 16.0 0.328116 17.0 0.333513 18.0 0.338551 19.0 0.343249 20.0 0.347621 21.0 0.351681 22.0 0.355440 23.0 0.358909 24.0 0.362097 25.0 0.365020 26.0 0.367687 27.0 0.370116 28.0 0.372325 29.0 0.374339 30.0 0.376185
1.553282  0.0 0.149449 1.0 0.170105 2.0 0.188710 3.0 0.205511 4.0 0.220722 5.0 0.234534 6.0 0.247116 7.0 0.258614 8.0 0.269156 9.0 0.278855 10.0 0.287803 11.0 0.296084 12.0 0.303769 13.0 0.310918 14.0 0.317578 15.0 0.323793 16.0 0.329596 17.0 0.335015 18.0 0.340075 19.0 0.344793 20.0 0.349184 21.0 0.353260 22.0 0.357035 23.0 0.360519 24.0 0.363721 25.0 0.366653 26.0 0.369332 27.0 0.371770 28.0 0.373989 29.0 0.376011 30.0 0.377866
1.642849  0.0 0.150145 1.0 0.170895 2.0 0.189584 3.0 0.206458 4.0 0.221737 5.0 0.235612 6.0 0.248249 7.0 0.259798 8.0 0.270387 9.0 0.280127 10.0 0.289114 11.0 0.297433 12.0 0.305151 13.0 0.312329 14.0 0.319020 15.0 0.325261 16.0 0.331089 17.0 0.336532 18.0 0.341612 19.0 0.346350 20.0 0.350759 21.0 0.354853 22.0 0.358645 23.0 0.362142 24.0 0.365359 25.0 0.368304 26.0 0.370992 27.0 0.373441 28.0 0.375669 29.0 0.377700 30.0 0.379562
1.737580  0.0 0.150847 1.0 0.171691 2.0 0.190465 3.0 0.207416 4.0 0.222763 5.0 0.236698 6.0 0.249392 7.0 0.260993 8.0 0.271629 9.0 0.281410 10.0 0.290438 11.0 0.298793 12.0 0.306545 13.0 0.313755 14.0 0.320473 15.0 0.326742 16.0 0.332595 17.0 0.338062 18.0 0.343165 19.0 0.347922 20.0 0.352350 21.0 0.356462 22.0 0.360269 23.0 0.363781 24.0 0.367010 25.0 0.369969 26.0 0.372669 27.0 0.375128 28.0 0.377365 29.0 0.379403 30.0 0.381271
1.837774  0.0 0.151555 1.0 0.172495 2.0 0.191354 3.0 0.208382 4.0 0.223798 5.0 0.237795 6.0 0.250545 7.0 0.262197 8.0 0.272881 9.0 0.282707 10.0 0.291774 11.0 0.300164 12.0 0.307951 13.0 0.315194 14.0 0.321941 15.0 0.328237 16.0 0.334116 17.0 0.339605 18.0 0.344731 19.0 0.349509 20.0 0.353956 21.0 0.358085 22.0 0.361906 23.0 0.365435 24.0 0.368677 25.0 0.371647 26.0 0.374359 27.0 0.376828 28.0 0.379074 29.0 0.381120 30.0 0.382998
1.943745  0.0 0.152271 1.0 0.173306 2.0 0.192251 3.0 0.209356 4.0 0.224842 5.0 0.238903 6.0 0.251711 7.0 0.263415 8.0 0.274144 9.0 0.284015 10.0 0.293122 11.0 0.301551 12.0 0.309371 13.0 0.316645 14.0 0.323423 15.0 0.329746 16.0 0.335650 17.0 0.341164 18.0 0.346310 19.0 0.351110 20.0 0.355575 21.0 0.359721 22.0 0.363561 23.0 0.367103 24.0 0.370360 25.0 0.373342 26.0 0.376064 27.0 0.378544 28.0 0.380800 29.0 0.382856 30.0 0.384741
2.055827  0.0 0.152993 1.0 0.174126 2.0 0.193158 3.0 0.210340 4.0 0.225895 5.0 0.240021 6.0 0.252886 7.0 0.264643 8.0 0.275421 9.0 0.285335 10.0 0.294482 11.0 0.302949 12.0 0.310804 13.0 0.318109 14.0 0.324917 15.0 0.331268 16.0 0.337197 17.0 0.342737 18.0 0.347905 19.0 0.352724 20.0 0.357209 21.0 0.361375 22.0 0.365231 23.0 0.368787 24.0 0.372058 25.0 0.375054 26.0 0.377788 27.0 0.380277 28.0 0.382542 29.0 0.384606 30.0 0.386498
2.174371  0.0 0.153722 1.0 0.174953 2.0 0.194072 3.0 0.211333 4.0 0.226960 5.0 0.241148 6.0 0.254072 7.0 0.265882 8.0 0.276709 9.0 0.286667 10.0 0.295856 11.0 0.304359 12.0 0.312250 13.0 0.319589 14.0 0.326425 15.0 0.332804 16.0 0.338761 17.0 0.344324 18.0 0.349516 19.0 0.354356 20.0 0.358860 21.0 0.363043 22.0 0.366914 23.0 0.370487 24.0 0.373770 25.0 0.376779 26.0 0.379525 27.0 0.382026 28.0 0.384300 29.0 0.386371 30.0 0.388271
2.299752  0.0 0.154457 1.0 0.175787 2.0 0.194995 3.0 0.212336 4.0 0.228034 5.0 0.242288 6.0 0.255270 7.0 0.267133 8.0 0.278009 9.0 0.288013 10.0 0.297243 11.0 0.305784 12.0 0.313710 13.0 0.321081 14.0 0.327949 15.0 0.334356 16.0 0.340339 17.0 0.345924 18.0 0.351140 19.0 0.356001 20.0 0.360526 21.0 0.364726 22.0 0.368614 23.0 0.372203 24.0 0.375501 25.0 0.378520 26.0 0.381278 27.0 0.383789 28.0 0.386072 29.0 0.388154 30.0 0.390063
2.432362  0.0 0.155201 1.0 0.176630 2.0 0.195927 3.0 0.213347 4.0 0.229118 5.0 0.243438 6.0 0.256480 7.0 0.268397 8.0 0.279321 9.0 0.289371 10.0 0.298642 11.0 0.307222 12.0 0.315184 13.0 0.322587 14.0 0.329486 15.0 0.335922 16.0 0.341931 17.0 0.347542 18.0 0.352778 19.0 0.357662 20.0 0.362205 21.0 0.366424 22.0 0.370331 23.0 0.373933 24.0 0.377246 25.0 0.380280 26.0 0.383049 27.0 0.385570 28.0 0.387864 29.0 0.389954 30.0 0.391869
2.572619  0.0 0.155952 1.0 0.177481 2.0 0.196868 3.0 0.214370 4.0 0.230213 5.0 0.244598 6.0 0.257700 7.0 0.269672 8.0 0.280647 9.0 0.290740 10.0 0.300054 11.0 0.308674 12.0 0.316671 13.0 0.324107 14.0 0.331037 15.0 0.337502 16.0 0.343537 17.0 0.349174 18.0 0.354434 19.0 0.359338 20.0 0.363902 21.0 0.368140 22.0 0.372062 23.0 0.375681 24.0 0.379007 25.0 0.382055 26.0 0.384836 27.0 0.387368 28.0 0.389671 29.0 0.391769 30.0 0.393692
2.720963  0.0 0.156709 1.0 0.178340 2.0 0.197818 3.0 0.215402 4.0 0.231319 5.0 0.245769 6.0 0.258931 7.0 0.270958 8.0 0.281984 9.0 0.292124 10.0 0.301481 11.0 0.310138 12.0 0.318171 13.0 0.325643 14.0 0.332603 15.0 0.339097 16.0 0.345160 17.0 0.350821 18.0 0.356106 19.0 0.361031 20.0 0.365615 21.0 0.369871 22.0 0.373809 23.0 0.377446 24.0 0.380786 25.0 0.383845 26.0 0.386639 27.0 0.389182 28.0 0.391494 29.0 0.393601 30.0 0.395534
2.877861  0.0 0.157473 1.0 0.179207 2.0 0.198777 3.0 0.216443 4.0 0.232435 5.0 0.246953 6.0 0.260176 7.0 0.272258 8.0 0.283333 9.0 0.293522 10.0 0.302921 11.0 0.311618 12.0 0.319688 13.0 0.327193 14.0 0.334185 15.0 0.340708 16.0 0.346798 17.0 0.352484 18.0 0.357792 19.0 0.362740 20.0 0.367344 21.0 0.371617 22.0 0.375575 23.0 0.379226 24.0 0.382582 25.0 0.385654 26.0 0.388458 27.0 0.391012 28.0 0.393335 29.0 0.395452 30.0 0.397393
3.043807  0.0 0.158246 1.0 0.180084 2.0 0.199746 3.0 0.217494 4.0 0.233561 5.0 0.248148 6.0 0.261432 7.0 0.273570 8.0 0.284697 9.0 0.294931 10.0 0.304373 11.0 0.313112 12.0 0.321218 13.0 0.328756 14.0 0.335781 15.0 0.342334 16.0 0.348450 17.0 0.354164 18.0 0.359493 19.0 0.364463 20.0 0.369088 21.0 0.373382 22.0 0.377357 23.0 0.381022 24.0 0.384394 25.0 0.387480 26.0 0.390297 27.0 0.392862 28.0 0.395195 29.0 0.397320 30.0 0.399268
3.219321  0.0 0.159027 1.0 0.180969 2.0 0.200724 3.0 0.218557 4.0 0.234699 5.0 0.249353 6.0 0.262700 7.0 0.274895 8.0 0.286074 9.0 0.296354 10.0 0.305840 11.0 0.314619 12.0 0.322763 13.0 0.330336 14.0 0.337392 15.0 0.343974 16.0 0.350120 17.0 0.355859 18.0 0.361213 19.0 0.366205 20.0 0.370851 21.0 0.375164 22.0 0.379155 23.0 0.382838 24.0 0.386222 25.0 0.389323 26.0 0.392153 27.0 0.394728 28.0 0.397071 29.0 0.399205 30.0 0.401160
3.404956  0.0 0.159814 1.0 0.181862 2.0 0.201712 3.0 0.219630 4.0 0.235848 5.0 0.250570 6.0 0.263980 7.0 0.276232 8.0 0.287463 9.0 0.297793 10.0 0.307323 11.0 0.316140 12.0 0.324322 13.0 0.331932 14.0 0.339019 15.0 0.345632 16.0 0.351806 17.0 0.357569 18.0 0.362949 19.0 0.367964 20.0 0.372630 21.0 0.376961 22.0 0.380970 23.0 0.384670 24.0 0.388069 25.0 0.391182 26.0 0.394025 27.0 0.396612 28.0 0.398964 29.0 0.401108 30.0 0.403073
3.601296  0.0 0.160609 1.0 0.182763 2.0 0.202709 3.0 0.220713 4.0 0.237008 5.0 0.251801 6.0 0.265273 7.0 0.277582 8.0 0.288866 9.0 0.299245 10.0 0.308819 11.0 0.317678 12.0 0.325898 13.0 0.333542 14.0 0.340663 15.0 0.347306 16.0 0.353507 17.0 0.359297 18.0 0.364701 19.0 0.369738 20.0 0.374425 21.0 0.378775 22.0 0.382804 23.0 0.386519 24.0 0.389935 25.0 0.393062 26.0 0.395915 27.0 0.398513 28.0 0.400877 29.0 0.403030 30.0 0.405003
3.808956  0.0 0.161413 1.0 0.183675 2.0 0.203716 3.0 0.221806 4.0 0.238179 5.0 0.253043 6.0 0.266580 7.0 0.278947 8.0 0.290284 9.0 0.300710 10.0 0.310329 11.0 0.319231 12.0 0.327489 13.0 0.335167 14.0 0.342322 15.0 0.348995 16.0 0.355224 17.0 0.361042 18.0 0.366469 19.0 0.371529 20.0 0.376237 21.0 0.380609 22.0 0.384655 23.0 0.388386 24.0 0.391817 25.0 0.394959 26.0 0.397825 27.0 0.400435 28.0 0.402809 29.0 0.404971 30.0 0.406951
4.028591  0.0 0.162225 1.0 0.184595 2.0 0.204734 3.0 0.222911 4.0 0.239362 5.0 0.254297 6.0 0.267898 7.0 0.280324 8.0 0.291715 9.0 0.302190 10.0 0.311854 11.0 0.320798 12.0 0.329094 13.0 0.336809 14.0 0.343996 15.0 0.350700 16.0 0.356959 17.0 0.362804 18.0 0.368257 19.0 0.373339 20.0 0.378069 21.0 0.382460 22.0 0.386523 23.0 0.390273 24.0 0.393717 25.0 0.396873 26.0 0.399753 27.0 0.402374 28.0 0.404758 29.0 0.406929 30.0 0.408918
4.260891  0.0 0.163045 1.0 0.185525 2.0 0.205762 3.0 0.224027 4.0 0.240558 5.0 0.255563 6.0 0.269229 7.0 0.281715 8.0 0.293160 9.0 0.303685 10.0 0.313396 11.0 0.322380 12.0 0.330715 13.0 0.338468 14.0 0.345688 15.0 0.352423 16.0 0.358712 17.0 0.364582 18.0 0.370061 19.0 0.375167 20.0 0.379919 21.0 0.384329 22.0 0.388410 23.0 0.392177 24.0 0.395637 25.0 0.398806 26.0 0.401699 27.0 0.404332 28.0 0.406725 29.0 0.408906 30.0 0.410906
4.506586  0.0 0.163873 1.0 0.186463 2.0 0.206800 3.0 0.225154 4.0 0.241765 5.0 0.256843 6.0 0.270574 7.0 0.283119 8.0 0.294619 9.0 0.305196 10.0 0.314952 11.0 0.323979 12.0 0.332354 13.0 0.340142 14.0 0.347397 15.0 0.354164 16.0 0.360481 17.0 0.366378 18.0 0.371882 19.0 0.377013 20.0 0.381786 21.0 0.386215 22.0 0.390317 23.0 0.394099 24.0 0.397577 25.0 0.400759 26.0 0.403664 27.0 0.406308 28.0 0.408714 29.0 0.410905 30.0 0.412912
4.766448  0.0 0.164709 1.0 0.187411 2.0 0.207847 3.0 0.226292 4.0 0.242983 5.0 0.258136 6.0 0.271933 7.0 0.284539 8.0 0.296093 9.0 0.306720 10.0 0.316523 11.0 0.325594 12.0 0.334009 13.0 0.341832 14.0 0.349122 15.0 0.355921 16.0 0.362267 17.0 0.368193 18.0 0.373721 19.0 0.378875 20.0 0.383670 21.0 0.388122 22.0 0.392242 23.0 0.396040 24.0 0.399534 25.0 0.402732 26.0 0.405650 27.0 0.408306 28.0 0.410722 29.0 0.412922 30.0 0.414937
5.041295  0.0 0.165555 1.0 0.188370 2.0 0.208907 3.0 0.227441 4.0 0.244214 5.0 0.259441 6.0 0.273306 7.0 0.285973 8.0 0.297583 9.0 0.308260 10.0 0.318109 11.0 0.327224 12.0 0.335679 13.0 0.343540 14.0 0.350864 15.0 0.357695 16.0 0.364071 17.0 0.370026 18.0 0.375580 19.0 0.380757 20.0 0.385575 21.0 0.390047 22.0 0.394185 23.0 0.398002 24.0 0.401510 25.0 0.404723 26.0 0.407655 27.0 0.410323 28.0 0.412749 29.0 0.414959 30.0 0.416982
5.331990  0.0 0.166409 1.0 0.189338 2.0 0.209978 3.0 0.228603 4.0 0.245459 5.0 0.260759 6.0 0.274692 7.0 0.287420 8.0 0.299087 9.0 0.309815 10.0 0.319713 11.0 0.328871 12.0 0.337366 13.0 0.345266 14.0 0.352623 15.0 0.359487 16.0 0.365895 17.0 0.371876 18.0 0.377458 19.0 0.382659 20.0 0.387499 21.0 0.391991 22.0 0.396147 23.0 0.399984 24.0 0.403507 25.0 0.406733 26.0 0.409679 27.0 0.412359 28.0 0.414796 29.0 0.417015 30.0 0.419050
5.639448  0.0 0.167271 1.0 0.190316 2.0 0.211059 3.0 0.229777 4.0 0.246716 5.0 0.262091 6.0 0.276091 7.0 0.288882 8.0 0.300606 9.0 0.311388 10.0 0.321333 11.0 0.330534 12.0 0.339071 13.0 0.347009 14.0 0.354402 15.0 0.361299 16.0 0.367736 17.0 0.373744 18.0 0.379353 19.0 0.384579 20.0 0.389442 21.0 0.393954 22.0 0.398131 23.0 0.401984 24.0 0.405524 25.0 0.408765 26.0 0.411722 27.0 0.414415 28.0 0.416864 29.0 0.419094 30.0 0.421137
5.964634  0.0 0.168143 1.0 0.191304 2.0 0.212150 3.0 0.230962 4.0 0.247986 5.0 0.263437 6.0 0.277506 7.0 0.290360 8.0 0.302140 9.0 0.312975 10.0 0.322969 11.0 0.332216 12.0 0.340794 13.0 0.348769 14.0 0.356199 15.0 0.363128 16.0 0.369595 17.0 0.375634 18.0 0.381266 19.0 0.386518 20.0 0.391403 21.0 0.395937 22.0 0.400134 23.0 0.404003 24.0 0.407561 25.0 0.410818 26.0 0.413789 27.0 0.416494 28.0 0.418954 29.0 0.421194 30.0 0.423245
6.308571  0.0 0.169023 1.0 0.192302 2.0 0.213253 3.0 0.232160 4.0 0.249268 5.0 0.264797 6.0 0.278936 7.0 0.291853 8.0 0.303692 9.0 0.314579 10.0 0.324621 11.0 0.333914 12.0 0.342533 13.0 0.350546 14.0 0.358013 15.0 0.364975 16.0 0.371473 17.0 0.377541 18.0 0.383201 19.0 0.388476 20.0 0.393385 21.0 0.397941 22.0 0.402157 23.0 0.406045 24.0 0.409618 25.0 0.412891 26.0 0.415876 27.0 0.418593 28.0 0.421064 29.0 0.423313 30.0 0.425372
6.672341  0.0 0.169914 1.0 0.193311 2.0 0.214369 3.0 0.233370 4.0 0.250563 5.0 0.266171 6.0 0.280380 7.0 0.293361 8.0 0.305259 9.0 0.316198 10.0 0.326290 11.0 0.335629 12.0 0.344290 13.0 0.352343 14.0 0.359844 15.0 0.366841 16.0 0.373372 17.0 0.379468 18.0 0.385156 19.0 0.390457 20.0 0.395388 21.0 0.399966 22.0 0.404200 23.0 0.408108 24.0 0.411696 25.0 0.414984 26.0 0.417984 27.0 0.420713 28.0 0.423194 29.0 0.425453 30.0 0.427524
7.057087  0.0 0.170813 1.0 0.194331 2.0 0.215496 3.0 0.234593 4.0 0.251874 5.0 0.267558 6.0 0.281839 7.0 0.294884 8.0 0.306842 9.0 0.317836 10.0 0.327978 11.0 0.337361 12.0 0.346065 13.0 0.354159 14.0 0.361696 15.0 0.368727 16.0 0.375290 17.0 0.381414 18.0 0.387130 19.0 0.392457 20.0 0.397412 21.0 0.402010 22.0 0.406265 23.0 0.410191 24.0 0.413797 25.0 0.417098 26.0 0.420112 27.0 0.422854 28.0 0.425346 29.0 0.427617 30.0 0.429698
7.464018  0.0 0.171722 1.0 0.195361 2.0 0.216635 3.0 0.235830 4.0 0.253198 5.0 0.268960 6.0 0.283312 7.0 0.296423 8.0 0.308441 9.0 0.319491 10.0 0.329683 11.0 0.339112 12.0 0.347859 13.0 0.355993 14.0 0.363568 15.0 0.370633 16.0 0.377227 17.0 0.383381 18.0 0.389124 19.0 0.394477 20.0 0.399455 21.0 0.404075 22.0 0.408352 23.0 0.412295 24.0 0.415919 25.0 0.419236 26.0 0.422263 27.0 0.425017 28.0 0.427522 29.0 0.429804 30.0 0.431892
7.894415  0.0 0.172641 1.0 0.196402 2.0 0.217785 3.0 0.237078 4.0 0.254535 5.0 0.270378 6.0 0.284803 7.0 0.297980 8.0 0.310056 9.0 0.321162 10.0 0.331405 11.0 0.340882 12.0 0.349673 13.0 0.357845 14.0 0.365458 15.0 0.372558 16.0 0.379184 17.0 0.385369 18.0 0.391138 19.0 0.396517 20.0 0.401519 21.0 0.406162 22.0 0.410459 23.0 0.414420 24.0 0.418062 25.0 0.421396 26.0 0.424437 27.0 0.427204 28.0 0.429721 29.0 0.432012 30.0 0.434109
8.349629  0.0 0.173569 1.0 0.197454 2.0 0.218948 3.0 0.238340 4.0 0.255886 5.0 0.271811 6.0 0.286309 7.0 0.299552 8.0 0.311690 9.0 0.322851 10.0 0.333145 11.0 0.342670 12.0 0.351505 13.0 0.359717 14.0 0.367368 15.0 0.374503 16.0 0.381160 17.0 0.387378 18.0 0.393175 19.0 0.398578 20.0 0.403606 21.0 0.408272 22.0 0.412589 23.0 0.416569 24.0 0.420227 25.0 0.423577 26.0 0.426633 27.0 0.429414 28.0 0.431941 29.0 0.434243 30.0 0.436349
8.831092  0.0 0.174508 1.0 0.198518 2.0 0.220123 3.0 0.239616 4.0 0.257252 5.0 0.273258 6.0 0.287831 7.0 0.301142 8.0 0.313341 9.0 0.324557 10.0 0.334903 11.0 0.344477 12.0 0.353356 13.0 0.361610 14.0 0.369298 15.0 0.376468 16.0 0.383160 17.0 0.389406 18.0 0.395234 19.0 0.400664 20.0 0.405715 21.0 0.410403 22.0 0.414739 23.0 0.418741 24.0 0.422415 25.0 0.425781 26.0 0.428851 27.0 0.431645 28.0 0.434184 29.0 0.436496 30.0 0.438614
9.340317  0.0 0.175457 1.0 0.199594 2.0 0.221312 3.0 0.240905 4.0 0.258633 5.0 0.274721 6.0 0.289368 7.0 0.302747 8.0 0.315009 9.0 0.326282 10.0 0.336682 11.0 0.346302 12.0 0.355225 13.0 0.363522 14.0 0.371248 15.0 0.378454 16.0 0.385180 17.0 0.391456 18.0 0.397313 19.0 0.402770 20.0 0.407846 21.0 0.412556 22.0 0.416914 23.0 0.420935 24.0 0.424627 25.0 0.428007 26.0 0.431092 27.0 0.433899 28.0 0.436450 29.0 0.438774 30.0 0.440903
9.878906  0.0 0.176416 1.0 0.200681 2.0 0.222513 3.0 0.242209 4.0 0.260029 5.0 0.276199 6.0 0.290922 7.0 0.304370 8.0 0.316695 9.0 0.328027 10.0 0.338479 11.0 0.348147 12.0 0.357116 13.0 0.365455 14.0 0.373220 15.0 0.380462 16.0 0.387221 17.0 0.393528 18.0 0.399414 19.0 0.404898 20.0 0.409999 21.0 0.414731 22.0 0.419112 23.0 0.423151 24.0 0.426863 25.0 0.430259 26.0 0.433358 27.0 0.436178 28.0 0.438742 29.0 0.441077 30.0 0.443214
10.448551  0.0 0.177386 1.0 0.201780 2.0 0.223727 3.0 0.243527 4.0 0.261440 5.0 0.277694 6.0 0.292492 7.0 0.306010 8.0 0.318398 9.0 0.329789 10.0 0.340295 11.0 0.350013 12.0 0.359028 13.0 0.367408 14.0 0.375213 15.0 0.382492 16.0 0.389284 17.0 0.395623 18.0 0.401537 19.0 0.407049 20.0 0.412174 21.0 0.416931 22.0 0.421333 23.0 0.425390 24.0 0.429121 25.0 0.432535 26.0 0.435649 27.0 0.438483 28.0 0.441059 29.0 0.443404 30.0 0.445550
11.051044  0.0 0.178366 1.0 0.202890 2.0 0.224955 3.0 0.244859 4.0 0.262866 5.0 0.279206 6.0 0.294081 7.0 0.307669 8.0 0.320120 9.0 0.331571 10.0 0.342130 11.0 0.351899 12.0 0.360960 13.0 0.369382 14.0 0.377227 15.0 0.384543 16.0 0.391368 17.0 0.397741 18.0 0.403684 19.0 0.409222 20.0 0.414373 21.0 0.419155 22.0 0.423578 23.0 0.427655 24.0 0.431403 25.0 0.434834 26.0 0.437963 27.0 0.440811 28.0 0.443399 29.0 0.445755 30.0 0.447910
11.688278  0.0 0.179357 1.0 0.204013 2.0 0.226195 3.0 0.246205 4.0 0.264307 5.0 0.280734 6.0 0.295687 7.0 0.309346 8.0 0.321862 9.0 0.333371 10.0 0.343984 11.0 0.353805 12.0 0.362912 13.0 0.371377 14.0 0.379263 15.0 0.386615 16.0 0.393476 17.0 0.399881 18.0 0.405854 19.0 0.411420 20.0 0.416597 21.0 0.421402 22.0 0.425846 23.0 0.429945 24.0 0.433709 25.0 0.437158 26.0 0.440303 27.0 0.443164 28.0 0.445764 29.0 0.448130 30.0 0.450298
12.362256  0.0 0.180359 1.0 0.205148 2.0 0.227449 3.0 0.247566 4.0 0.265764 5.0 0.282278 6.0 0.297311 7.0 0.311041 8.0 0.323623 9.0 0.335191 10.0 0.345860 11.0 0.355731 12.0 0.364885 13.0 0.373395 14.0 0.381320 15.0 0.388710 16.0 0.395607 17.0 0.402044 18.0 0.408048 19.0 0.413642 20.0 0.418845 21.0 0.423673 22.0 0.428138 23.0 0.432259 24.0 0.436042 25.0 0.439506 26.0 0.442666 27.0 0.445541 28.0 0.448154 29.0 0.450532 30.0 0.452711
13.075099  0.0 0.181373 1.0 0.206297 2.0 0.228719 3.0 0.248942 4.0 0.267237 5.0 0.283839 6.0 0.298952 7.0 0.312754 8.0 0.325403 9.0 0.337031 10.0 0.347757 11.0 0.357678 12.0 0.366880 13.0 0.375435 14.0 0.383400 15.0 0.390828 16.0 0.397761 17.0 0.404230 18.0 0.410265 19.0 0.415888 20.0 0.421117 21.0 0.425969 22.0 0.430457 23.0 0.434598 24.0 0.438400 25.0 0.441880 26.0 0.445055 27.0 0.447944 28.0 0.450570 29.0 0.452962 30.0 0.455150
13.829045  0.0 0.182398 1.0 0.207459 2.0 0.230002 3.0 0.250335 4.0 0.268728 5.0 0.285418 6.0 0.300611 7.0 0.314486 8.0 0.327202 9.0 0.338892 10.0 0.349674 11.0 0.359646 12.0 0.368897 13.0 0.377497 14.0 0.385504 15.0 0.392971 16.0 0.399939 17.0 0.406440 18.0 0.412506 19.0 0.418158 20.0 0.423413 21.0 0.428289 22.0 0.432802 23.0 0.436961 24.0 0.440784 25.0 0.444282 26.0 0.447472 27.0 0.450375 28.0 0.453015 29.0 0.455417 30.0 0.457615
14.626467  0.0 0.183435 1.0 0.208633 2.0 0.231300 3.0 0.251743 4.0 0.270236 5.0 0.287014 6.0 0.302288 7.0 0.316238 8.0 0.329021 9.0 0.340774 10.0 0.351613 11.0 0.361638 12.0 0.370937 13.0 0.379582 14.0 0.387631 15.0 0.395137 16.0 0.402140 17.0 0.408676 18.0 0.414772 19.0 0.420453 20.0 0.425735 21.0 0.430635 22.0 0.435172 23.0 0.439351 24.0 0.443194 25.0 0.446709 26.0 0.449916 27.0 0.452833 28.0 0.455485 29.0 0.457899 30.0 0.460107
15.469869  0.0 0.184484 1.0 0.209821 2.0 0.232612 3.0 0.253167 4.0 0.271760 5.0 0.288628 6.0 0.303984 7.0 0.318009 8.0 0.330861 9.0 0.342677 10.0 0.353573 11.0 0.363652 12.0 0.373000 13.0 0.381689 14.0 0.389782 15.0 0.397327 16.0 0.404366 17.0 0.410936 18.0 0.417063 19.0 0.422772 20.0 0.428081 21.0 0.433009 22.0 0.437567 23.0 0.441768 24.0 0.445629 25.0 0.449163 26.0 0.452386 27.0 0.455318 28.0 0.457983 29.0 0.460408 30.0 0.462626
16.361905  0.0 0.185544 1.0 0.211022 2.0 0.233939 3.0 0.254607 4.0 0.273301 5.0 0.290262 6.0 0.305701 7.0 0.319801 8.0 0.332721 9.0 0.344601 10.0 0.355555 11.0 0.365688 12.0 0.375086 13.0 0.383820 14.0 0.391956 15.0 0.399540 16.0 0.406616 17.0 0.413222 18.0 0.419381 19.0 0.425119 20.0 0.430456 21.0 0.435409 22.0 0.439989 23.0 0.444213 24.0 0.448092 25.0 0.451644 26.0 0.454883 27.0 0.457830 28.0 0.460508 29.0 0.462944 30.0 0.465174
17.305378  0.0 0.186617 1.0 0.212237 2.0 0.235281 3.0 0.256063 4.0 0.274859 5.0 0.291913 6.0 0.307436 7.0 0.321613 8.0 0.334603 9.0 0.346546 10.0 0.357559 11.0 0.367747 12.0 0.377195 13.0 0.385976 14.0 0.394154 15.0 0.401779 16.0 0.408893 17.0 0.415533 18.0 0.421724 19.0 0.427493 20.0 0.432857 21.0 0.437835 22.0 0.442438 23.0 0.446684 24.0 0.450582 25.0 0.454152 26.0 0.457408 27.0 0.460370 28.0 0.463061 29.0 0.465508 30.0 0.467751
18.303255  0.0 0.187702 1.0 0.213466 2.0 0.236638 3.0 0.257535 4.0 0.276436 5.0 0.293584 6.0 0.309192 7.0 0.323446 8.0 0.336507 9.0 0.348514 10.0 0.359585 11.0 0.369829 12.0 0.379328 13.0 0.388157 14.0 0.396377 15.0 0.404042 16.0 0.411195 17.0 0.417869 18.0 0.424094 19.0 0.429893 20.0 0.435286 21.0 0.440289 22.0 0.444914 23.0 0.449184 24.0 0.453102 25.0 0.456689 26.0 0.459961 27.0 0.462938 28.0 0.465642 29.0 0.468104 30.0 0.470357
19.358672  0.0 0.188800 1.0 0.214709 2.0 0.238011 3.0 0.259025 4.0 0.278030 5.0 0.295273 6.0 0.310967 7.0 0.325299 8.0 0.338432 9.0 0.350503 10.0 0.361637 11.0 0.371935 12.0 0.381485 13.0 0.390362 14.0 0.398626 15.0 0.406333 16.0 0.413524 17.0 0.420232 18.0 0.426491 19.0 0.432320 20.0 0.437741 21.0 0.442769 22.0 0.447421 23.0 0.451711 24.0 0.455651 25.0 0.459255 26.0 0.462543 27.0 0.465535 28.0 0.468253 29.0 0.470728 30.0 0.472992
20.474947  0.0 0.189910 1.0 0.215967 2.0 0.239401 3.0 0.260532 4.0 0.279643 5.0 0.296982 6.0 0.312763 7.0 0.327174 8.0 0.340379 9.0 0.352517 10.0 0.363711 11.0 0.374065 12.0 0.383666 13.0 0.392593 14.0 0.400902 15.0 0.408650 16.0 0.415879 17.0 0.422622 18.0 0.428915 19.0 0.434775 20.0 0.440224 21.0 0.445278 22.0 0.449956 23.0 0.454267 24.0 0.458228 25.0 0.461851 26.0 0.465156 27.0 0.468163 28.0 0.470896 29.0 0.473382 30.0 0.475657
21.655589  0.0 0.191034 1.0 0.217240 2.0 0.240807 3.0 0.262057 4.0 0.281275 5.0 0.298711 6.0 0.314579 7.0 0.329071 8.0 0.342349 9.0 0.354554 10.0 0.365810 11.0 0.376219 12.0 0.385874 13.0 0.394849 14.0 0.403204 15.0 0.410993 16.0 0.418261 17.0 0.425041 18.0 0.431366 19.0 0.437258 20.0 0.442736 21.0 0.447816 22.0 0.452519 23.0 0.456852 24.0 0.460834 25.0 0.464477 26.0 0.467799 27.0 0.470821 28.0 0.473568 29.0 0.476067 30.0 0.478352
22.904311  0.0 0.192172 1.0 0.218528 2.0 0.242229 3.0 0.263600 4.0 0.282927 5.0 0.300460 6.0 0.316417 7.0 0.330989 8.0 0.344341 9.0 0.356615 10.0 0.367932 11.0 0.378400 12.0 0.388108 13.0 0.397131 14.0 0.405532 15.0 0.413364 16.0 0.420671 17.0 0.427488 18.0 0.433846 19.0 0.439769 20.0 0.445276 21.0 0.450385 22.0 0.455112 23.0 0.459466 24.0 0.463470 25.0 0.467132 26.0 0.470472 27.0 0.473510 28.0 0.476270 29.0 0.478782 30.0 0.481078
24.225038  0.0 0.193323 1.0 0.219832 2.0 0.243669 3.0 0.265162 4.0 0.284598 5.0 0.302229 6.0 0.318276 7.0 0.332930 8.0 0.346357 9.0 0.358700 10.0 0.370080 11.0 0.380606 12.0 0.390367 13.0 0.399440 14.0 0.407887 15.0 0.415762 16.0 0.423108 17.0 0.429963 18.0 0.436354 19.0 0.442309 20.0 0.447846 21.0 0.452983 22.0 0.457735 23.0 0.462113 24.0 0.466137 25.0 0.469819 26.0 0.473176 27.0 0.476230 28.0 0.479004 29.0 0.481528 30.0 0.483835
25.621921  0.0 0.194487 1.0 0.221151 2.0 0.245125 3.0 0.266741 4.0 0.286289 5.0 0.304020 6.0 0.320158 7.0 0.334894 8.0 0.348396 9.0 0.360809 10.0 0.372252 11.0 0.382837 12.0 0.392653 13.0 0.401775 14.0 0.410270 15.0 0.418188 16.0 0.425574 17.0 0.432467 18.0 0.438894 19.0 0.444880 20.0 0.450447 21.0 0.455612 22.0 0.460388 23.0 0.464791 24.0 0.468834 25.0 0.472536 26.0 0.475911 27.0 0.478981 28.0 0.481770 29.0 0.484306 30.0 0.486627
27.099352  0.0 0.195666 1.0 0.222486 2.0 0.246599 3.0 0.268340 4.0 0.288000 5.0 0.305832 6.0 0.322062 7.0 0.336882 8.0 0.350460 9.0 0.362943 10.0 0.374451 11.0 0.385096 12.0 0.394966 13.0 0.404138 14.0 0.412680 15.0 0.420642 16.0 0.428069 17.0 0.435001 18.0 0.441463 19.0 0.447482 20.0 0.453079 21.0 0.458272 22.0 0.463073 23.0 0.467500 24.0 0.471564 25.0 0.475286 26.0 0.478679 27.0 0.481765 28.0 0.484568 29.0 0.487117 30.0 0.489451
28.661977  0.0 0.196860 1.0 0.223837 2.0 0.248091 3.0 0.269958 4.0 0.289731 5.0 0.307667 6.0 0.323989 7.0 0.338894 8.0 0.352549 9.0 0.365102 10.0 0.376675 11.0 0.387381 12.0 0.397307 13.0 0.406530 14.0 0.415120 15.0 0.423126 16.0 0.430594 17.0 0.437564 18.0 0.444062 19.0 0.450114 20.0 0.455742 21.0 0.460963 22.0 0.465789 23.0 0.470241 24.0 0.474327 25.0 0.478067 26.0 0.481479 27.0 0.484581 28.0 0.487399 29.0 0.489962 30.0 0.492308
30.314706  0.0 0.198067 1.0 0.225204 2.0 0.249601 3.0 0.271596 4.0 0.291484 5.0 0.309523 6.0 0.325940 7.0 0.340930 8.0 0.354663 9.0 0.367288 10.0 0.378926 11.0 0.389693 12.0 0.399675 13.0 0.408951 14.0 0.417588 15.0 0.425639 16.0 0.433150 17.0 0.440158 18.0 0.446693 19.0 0.452778 20.0 0.458437 21.0 0.463686 22.0 0.468537 23.0 0.473014 24.0 0.477123 25.0 0.480882 26.0 0.484312 27.0 0.487431 28.0 0.490263 29.0 0.492841 30.0 0.495199
32.062737  0.0 0.199290 1.0 0.226588 2.0 0.251129 3.0 0.273253 4.0 0.293257 5.0 0.311402 6.0 0.327914 7.0 0.342991 8.0 0.356803 9.0 0.369499 10.0 0.381204 11.0 0.392033 12.0 0.402072 13.0 0.411401 14.0 0.420086 15.0 0.428183 16.0 0.435737 17.0 0.442784 18.0 0.449355 19.0 0.455474 20.0 0.461164 21.0 0.466441 22.0 0.471320 23.0 0.475821 24.0 0.479952 25.0 0.483732 26.0 0.487179 27.0 0.490315 28.0 0.493163 29.0 0.495755 30.0 0.498125
33.911564  0.0 0.200528 1.0 0.227989 2.0 0.252676 3.0 0.274931 4.0 0.295053 5.0 0.313304 6.0 0.329912 7.0 0.345076 8.0 0.358969 9.0 0.371738 10.0 0.383510 11.0 0.394401 12.0 0.404498 13.0 0.413881 14.0 0.422615 15.0 0.430757 16.0 0.438355 17.0 0.445440 18.0 0.452049 19.0 0.458203 20.0 0.463924 21.0 0.469230 22.0 0.474137 23.0 0.478662 24.0 0.482816 25.0 0.486616 26.0 0.490082 27.0 0.493234 28.0 0.496098 29.0 0.498704 30.0 0.501086
35.866999  0.0 0.201781 1.0 0.229408 2.0 0.254243 3.0 0.276630 4.0 0.296870 5.0 0.315229 6.0 0.331934 7.0 0.347187 8.0 0.361161 9.0 0.374004 10.0 0.385845 11.0 0.396799 12.0 0.406953 13.0 0.416391 14.0 0.425175 15.0 0.433364 16.0 0.441005 17.0 0.448130 18.0 0.454776 19.0 0.460964 20.0 0.466717 21.0 0.472053 22.0 0.476988 23.0 0.481537 24.0 0.485714 25.0 0.489536 26.0 0.493020 27.0 0.496190 28.0 0.499070 29.0 0.501689 30.0 0.504083
37.935191  0.0 0.203050 1.0 0.230844 2.0 0.255828 3.0 0.278350 4.0 0.298710 5.0 0.317178 6.0 0.333982 7.0 0.349325 8.0 0.363380 9.0 0.376298 10.0 0.388209 11.0 0.399225 12.0 0.409439 13.0 0.418932 14.0 0.427766 15.0 0.436003 16.0 0.443687 17.0 0.450852 18.0 0.457536 19.0 0.463760 20.0 0.469545 21.0 0.474910 22.0 0.479873 23.0 0.484447 24.0 0.488648 25.0 0.492491 26.0 0.495995 27.0 0.499182 28.0 0.502077 29.0 0.504710 30.0 0.507117
40.122640  0.0 0.204335 1.0 0.232299 2.0 0.257434 3.0 0.280091 4.0 0.300573 5.0 0.319151 6.0 0.336055 7.0 0.351488 8.0 0.365627 9.0 0.378621 10.0 0.390602 11.0 0.401682 12.0 0.411955 13.0 0.421504 14.0 0.430390 15.0 0.438674 16.0 0.446402 17.0 0.453608 18.0 0.460330 19.0 0.466590 20.0 0.472408 21.0 0.477802 22.0 0.482795 23.0 0.487393 24.0 0.491618 25.0 0.495483 26.0 0.499006 27.0 0.502211 28.0 0.505122 29.0 0.507769 30.0 0.510188
42.436223  0.0 0.205636 1.0 0.233772 2.0 0.259060 3.0 0.281854 4.0 0.302460 5.0 0.321149 6.0 0.338154 7.0 0.353679 8.0 0.367902 9.0 0.380973 10.0 0.393025 11.0 0.404170 12.0 0.414503 13.0 0.424108 14.0 0.433047 15.0 0.441379 16.0 0.449151 17.0 0.456399 18.0 0.463160 19.0 0.469455 20.0 0.475306 21.0 0.480731 22.0 0.485752 23.0 0.490376 24.0 0.494625 25.0 0.498512 26.0 0.502055 27.0 0.505277 28.0 0.508204 29.0 0.510866 30.0 0.513298
44.883214  0.0 0.206954 1.0 0.235263 2.0 0.260707 3.0 0.283639 4.0 0.304370 5.0 0.323172 6.0 0.340279 7.0 0.355898 8.0 0.370205 9.0 0.383354 10.0 0.395478 11.0 0.406689 12.0 0.417083 13.0 0.426745 14.0 0.435736 15.0 0.444117 16.0 0.451935 17.0 0.459225 18.0 0.466024 19.0 0.472356 20.0 0.478240 21.0 0.483697 22.0 0.488747 23.0 0.493396 24.0 0.497670 25.0 0.501578 26.0 0.505142 27.0 0.508382 28.0 0.511325 29.0 0.514001 30.0 0.516446
47.471306  0.0 0.208289 1.0 0.236774 2.0 0.262375 3.0 0.285448 4.0 0.306305 5.0 0.325221 6.0 0.342431 7.0 0.358144 8.0 0.372538 9.0 0.385766 10.0 0.397962 11.0 0.409239 12.0 0.419696 13.0 0.429415 14.0 0.438460 15.0 0.446890 16.0 0.454754 17.0 0.462087 18.0 0.468925 19.0 0.475293 20.0 0.481212 21.0 0.486701 22.0 0.491779 23.0 0.496455 24.0 0.500753 25.0 0.504684 26.0 0.508267 27.0 0.511526 28.0 0.514485 29.0 0.517176 30.0 0.519634
50.208634  0.0 0.209641 1.0 0.238304 2.0 0.264064 3.0 0.287279 4.0 0.308264 5.0 0.327296 6.0 0.344611 7.0 0.360419 8.0 0.374900 9.0 0.388209 10.0 0.400477 11.0 0.411822 12.0 0.422343 13.0 0.432119 14.0 0.441218 15.0 0.449699 16.0 0.457608 17.0 0.464985 18.0 0.471863 19.0 0.478268 20.0 0.484221 21.0 0.489743 22.0 0.494850 23.0 0.499553 24.0 0.503875 25.0 0.507829 26.0 0.511433 27.0 0.514710 28.0 0.517686 29.0 0.520392 30.0 0.522863
53.103804  0.0 0.211011 1.0 0.239855 2.0 0.265775 3.0 0.289134 4.0 0.310249 5.0 0.329398 6.0 0.346819 7.0 0.362724 8.0 0.377293 9.0 0.390682 10.0 0.403025 11.0 0.414439 12.0 0.425023 13.0 0.434858 14.0 0.444011 15.0 0.452543 16.0 0.460499 17.0 0.467920 18.0 0.474838 19.0 0.481281 20.0 0.487269 21.0 0.492823 22.0 0.497960 23.0 0.502691 24.0 0.507038 25.0 0.511014 26.0 0.514639 27.0 0.517934 28.0 0.520927 29.0 0.523648 30.0 0.526134
56.165917  0.0 0.212399 1.0 0.241425 2.0 0.267508 3.0 0.291014 4.0 0.312260 5.0 0.331527 6.0 0.349056 7.0 0.365058 8.0 0.379717 9.0 0.393188 10.0 0.405606 11.0 0.417089 12.0 0.427738 13.0 0.437632 14.0 0.446841 15.0 0.455424 16.0 0.463428 17.0 0.470893 18.0 0.477852 19.0 0.484333 20.0 0.490357 21.0 0.495944 22.0 0.501110 23.0 0.505869 24.0 0.510241 25.0 0.514240 26.0 0.517886 27.0 0.521201 28.0 0.524211 29.0 0.526947 30.0 0.529447
59.404601  0.0 0.213805 1.0 0.243016 2.0 0.269265 3.0 0.292918 4.0 0.314296 5.0 0.333683 6.0 0.351321 7.0 0.367423 8.0 0.382172 9.0 0.395726 10.0 0.408221 11.0 0.419774 12.0 0.430487 13.0 0.440442 14.0 0.449707 15.0 0.458342 16.0 0.466394 17.0 0.473905 18.0 0.480905 19.0 0.487425 20.0 0.493484 21.0 0.499105 22.0 0.504302 23.0 0.509088 24.0 0.513486 25.0 0.517509 26.0 0.521176 27.0 0.524510 28.0 0.527537 29.0 0.530289 30.0 0.532803
62.830036  0.0 0.215230 1.0 0.244629 2.0 0.271044 3.0 0.294847 4.0 0.316360 5.0 0.335869 6.0 0.353617 7.0 0.369819 8.0 0.384659 9.0 0.398298 10.0 0.410869 11.0 0.422494 12.0 0.433273 13.0 0.443289 14.0 0.452611 15.0 0.461298 16.0 0.469400 17.0 0.476956 18.0 0.483998 19.0 0.490558 20.0 0.496653 21.0 0.502307 22.0 0.507535 23.0 0.512350 24.0 0.516773 25.0 0.520820 26.0 0.524509 27.0 0.527862 28.0 0.530907 29.0 0.533675 30.0 0.536204
66.452991  0.0 0.216674 1.0 0.246263 2.0 0.272847 3.0 0.296802 4.0 0.318451 5.0 0.338083 6.0 0.355943 7.0 0.372246 8.0 0.387180 9.0 0.400903 10.0 0.413553 11.0 0.425250 12.0 0.436096 13.0 0.446174 14.0 0.455553 15.0 0.464294 16.0 0.472445 17.0 0.480047 18.0 0.487132 19.0 0.493731 20.0 0.499863 21.0 0.505552 22.0 0.510811 23.0 0.515655 24.0 0.520104 25.0 0.524175 26.0 0.527885 27.0 0.531259 28.0 0.534322 29.0 0.537106 30.0 0.539649
70.284856  0.0 0.218137 1.0 0.247918 2.0 0.274675 3.0 0.298783 4.0 0.320570 5.0 0.340326 6.0 0.358299 7.0 0.374706 8.0 0.389733 9.0 0.403543 10.0 0.416272 11.0 0.428042 12.0 0.438956 13.0 0.449097 14.0 0.458534 15.0 0.467329 16.0 0.475530 17.0 0.483179 18.0 0.490308 19.0 0.496947 20.0 0.503117 21.0 0.508839 22.0 0.514130 23.0 0.519003 24.0 0.523480 25.0 0.527575 26.0 0.531307 27.0 0.534701 28.0 0.537782 29.0 0.540582 30.0 0.543141
74.337677  0.0 0.219620 1.0 0.249596 2.0 0.276527 3.0 0.300790 4.0 0.322718 5.0 0.342600 6.0 0.360688 7.0 0.377198 8.0 0.392321 9.0 0.406218 10.0 0.419027 11.0 0.430872 12.0 0.441854 13.0 0.452059 14.0 0.461555 15.0 0.470405 16.0 0.478657 17.0 0.486353 18.0 0.493526 19.0 0.500207 20.0 0.506414 21.0 0.512171 22.0 0.517494 23.0 0.522397 24.0 0.526901 25.0 0.531020 26.0 0.534775 27.0 0.538189 28.0 0.541289 29.0 0.544106 30.0 0.546679
78.624195  0.0 0.221124 1.0 0.251297 2.0 0.278404 3.0 0.302825 4.0 0.324895 5.0 0.344905 6.0 0.363108 7.0 0.379725 8.0 0.394944 9.0 0.408929 10.0 0.421820 11.0 0.433740 12.0 0.444791 13.0 0.455061 14.0 0.464617 15.0 0.473522 16.0 0.481827 17.0 0.489570 18.0 0.496788 19.0 0.503510 20.0 0.509755 21.0 0.515548 22.0 0.520904 23.0 0.525837 24.0 0.530368 25.0 0.534513 26.0 0.538290 27.0 0.541725 28.0 0.544843 29.0 0.547677 30.0 0.550266
83.157886  0.0 0.222648 1.0 0.253022 2.0 0.280307 3.0 0.304888 4.0 0.327101 5.0 0.347240 6.0 0.365562 7.0 0.382285 8.0 0.397603 9.0 0.411677 10.0 0.424650 11.0 0.436647 12.0 0.447768 13.0 0.458104 14.0 0.467720 15.0 0.476682 16.0 0.485039 17.0 0.492831 18.0 0.500095 19.0 0.506858 20.0 0.513143 21.0 0.518971 22.0 0.524360 23.0 0.529323 24.0 0.533883 25.0 0.538053 26.0 0.541854 27.0 0.545309 28.0 0.548446 29.0 0.551297 30.0 0.553901
87.953002  0.0 0.224193 1.0 0.254770 2.0 0.282235 3.0 0.306978 4.0 0.329337 5.0 0.349608 6.0 0.368049 7.0 0.384881 8.0 0.400297 9.0 0.414463 10.0 0.427519 11.0 0.439594 12.0 0.450787 13.0 0.461188 14.0 0.470866 15.0 0.479885 16.0 0.488295 17.0 0.496136 18.0 0.503447 19.0 0.510253 20.0 0.516576 21.0 0.522440 22.0 0.527864 23.0 0.532857 24.0 0.537446 25.0 0.541642 26.0 0.545466 27.0 0.548942 28.0 0.552099 29.0 0.554968 30.0 0.557587
93.024617  0.0 0.225759 1.0 0.256542 2.0 0.284191 3.0 0.309098 4.0 0.331605 5.0 0.352009 6.0 0.370570 7.0 0.387512 8.0 0.403029 9.0 0.417288 10.0 0.430428 11.0 0.442582 12.0 0.453847 13.0 0.464315 14.0 0.474055 15.0 0.483132 16.0 0.491597 17.0 0.499487 18.0 0.506845 19.0 0.513694 20.0 0.520058 21.0 0.525958 22.0 0.531416 23.0 0.536440 24.0 0.541058 25.0 0.545280 26.0 0.549128 27.0 0.552627 28.0 0.555803 29.0 0.558690 30.0 0.561324
98.388676  0.0 0.227348 1.0 0.258339 2.0 0.286174 3.0 0.311247 4.0 0.333903 5.0 0.354442 6.0 0.373126 7.0 0.390180 8.0 0.405799 9.0 0.420152 10.0 0.433377 11.0 0.445611 12.0 0.456950 13.0 0.467485 14.0 0.477288 15.0 0.486424 16.0 0.494944 17.0 0.502885 18.0 0.510291 19.0 0.517183 20.0 0.523588 21.0 0.529525 22.0 0.535018 23.0 0.540075 24.0 0.544721 25.0 0.548970 26.0 0.552842 27.0 0.556362 28.0 0.559559 29.0 0.562464 30.0 0.565115
104.062042  0.0 0.228959 1.0 0.260161 2.0 0.288185 3.0 0.313427 4.0 0.336234 5.0 0.356910 6.0 0.375718 7.0 0.392885 8.0 0.408608 9.0 0.423056 10.0 0.436367 11.0 0.448682 12.0 0.460096 13.0 0.470700 14.0 0.480567 15.0 0.489763 16.0 0.498338 17.0 0.506331 18.0 0.513785 19.0 0.520722 20.0 0.527168 21.0 0.533143 22.0 0.538671 23.0 0.543761 24.0 0.548437 25.0 0.552712 26.0 0.556608 27.0 0.560151 28.0 0.563368 29.0 0.566291 30.0 0.568960
110.062550  0.0 0.230593 1.0 0.262009 2.0 0.290224 3.0 0.315637 4.0 0.338598 5.0 0.359412 6.0 0.378346 7.0 0.395629 8.0 0.411456 9.0 0.426001 10.0 0.439400 11.0 0.451797 12.0 0.463287 13.0 0.473960 14.0 0.483892 15.0 0.493148 16.0 0.501781 17.0 0.509827 18.0 0.517329 19.0 0.524311 20.0 0.530799 21.0 0.536813 22.0 0.542376 23.0 0.547499 24.0 0.552205 25.0 0.556507 26.0 0.560428 27.0 0.563994 28.0 0.567231 29.0 0.570174 30.0 0.572859
116.409064  0.0 0.232251 1.0 0.263884 2.0 0.292292 3.0 0.317878 4.0 0.340996 5.0 0.361950 6.0 0.381012 7.0 0.398411 8.0 0.414344 9.0 0.428988 10.0 0.442477 11.0 0.454956 12.0 0.466523 13.0 0.477267 14.0 0.487266 15.0 0.496583 16.0 0.505272 17.0 0.513372 18.0 0.520923 19.0 0.527951 20.0 0.534481 21.0 0.540536 22.0 0.546134 23.0 0.551291 24.0 0.556027 25.0 0.560357 26.0 0.564304 27.0 0.567892 28.0 0.571151 29.0 0.574112 30.0 0.576816
123.121536  0.0 0.233933 1.0 0.265786 2.0 0.294389 3.0 0.320151 4.0 0.343427 5.0 0.364526 6.0 0.383717 7.0 0.401232 8.0 0.417274 9.0 0.432017 10.0 0.445598 11.0 0.458161 12.0 0.469805 13.0 0.480620 14.0 0.490688 15.0 0.500068 16.0 0.508814 17.0 0.516969 18.0 0.524569 19.0 0.531643 20.0 0.538217 21.0 0.544312 22.0 0.549946 23.0 0.555138 24.0 0.559904 25.0 0.564262 26.0 0.568235 27.0 0.571847 28.0 0.575127 29.0 0.578108 30.0 0.580830
130.221067  0.0 0.235639 1.0 0.267716 2.0 0.296518 3.0 0.322459 4.0 0.345894 5.0 0.367138 6.0 0.386461 7.0 0.404096 8.0 0.420248 9.0 0.435090 10.0 0.448763 11.0 0.461411 12.0 0.473135 13.0 0.484024 14.0 0.494160 15.0 0.503603 16.0 0.512406 17.0 0.520618 18.0 0.528268 19.0 0.535390 20.0 0.542008 21.0 0.548144 22.0 0.553813 23.0 0.559042 24.0 0.563839 25.0 0.568225 26.0 0.572224 27.0 0.575860 28.0 0.579162 29.0 0.582163 30.0 0.584903
137.729977  0.0 0.237371 1.0 0.269674 2.0 0.298678 3.0 0.324800 4.0 0.348397 5.0 0.369789 6.0 0.389245 7.0 0.407001 8.0 0.423264 9.0 0.438208 10.0 0.451975 11.0 0.464709 12.0 0.476513 13.0 0.487478 14.0 0.497683 15.0 0.507190 16.0 0.516052 17.0 0.524320 18.0 0.532022 19.0 0.539191 20.0 0.545854 21.0 0.552031 22.0 0.557739 23.0 0.563003 24.0 0.567831 25.0 0.572247 26.0 0.576274 27.0 0.579934 28.0 0.583256 29.0 0.586278 30.0 0.589037
145.671872  0.0 0.239127 1.0 0.271660 2.0 0.300870 3.0 0.327175 4.0 0.350938 5.0 0.372478 6.0 0.392069 7.0 0.409949 8.0 0.426325 9.0 0.441372 10.0 0.455234 11.0 0.468055 12.0 0.479941 13.0 0.490982 14.0 0.501257 15.0 0.510830 16.0 0.519753 17.0 0.528077 18.0 0.535831 19.0 0.543048 20.0 0.549757 21.0 0.555977 22.0 0.561724 23.0 0.567022 24.0 0.571883 25.0 0.576330 26.0 0.580385 27.0 0.584070 28.0 0.587414 29.0 0.590455 30.0 0.593233
154.071719  0.0 0.240909 1.0 0.273676 2.0 0.303094 3.0 0.329585 4.0 0.353515 5.0 0.375206 6.0 0.394935 7.0 0.412941 8.0 0.429431 9.0 0.444582 10.0 0.458540 11.0 0.471450 12.0 0.483420 13.0 0.494539 14.0 0.504884 15.0 0.514524 16.0 0.523510 17.0 0.531889 18.0 0.539696 19.0 0.546964 20.0 0.553718 21.0 0.559982 22.0 0.565770 23.0 0.571103 24.0 0.575996 25.0 0.580476 26.0 0.584558 27.0 0.588268 28.0 0.591636 29.0 0.594695 30.0 0.597492
162.955925  0.0 0.242718 1.0 0.275721 2.0 0.305351 3.0 0.332030 4.0 0.356131 5.0 0.377975 6.0 0.397844 7.0 0.415977 8.0 0.432583 9.0 0.447839 10.0 0.461896 11.0 0.474898 12.0 0.486950 13.0 0.498148 14.0 0.508566 15.0 0.518273 16.0 0.527323 17.0 0.535759 18.0 0.543621 19.0 0.550941 20.0 0.557740 21.0 0.564047 22.0 0.569876 23.0 0.575245 24.0 0.580174 25.0 0.584684 26.0 0.588795 27.0 0.592531 28.0 0.595922 29.0 0.599002 30.0 0.601817
172.352418  0.0 0.244556 1.0 0.277797 2.0 0.307641 3.0 0.334513 4.0 0.358786 5.0 0.380785 6.0 0.400795 7.0 0.419058 8.0 0.435781 9.0 0.451148 10.0 0.465302 11.0 0.478399 12.0 0.490536 13.0 0.501812 14.0 0.512303 15.0 0.522079 16.0 0.531193 17.0 0.539688 18.0 0.547607 19.0 0.554978 20.0 0.561825 21.0 0.568174 22.0 0.574046 23.0 0.579450 24.0 0.584416 25.0 0.588958 26.0 0.593096 27.0 0.596859 28.0 0.600274 29.0 0.603377 30.0 0.606209
182.290740  0.0 0.246421 1.0 0.279906 2.0 0.309966 3.0 0.337032 4.0 0.361481 5.0 0.383638 6.0 0.403792 7.0 0.422185 8.0 0.439028 9.0 0.454507 10.0 0.468761 11.0 0.481952 12.0 0.494176 13.0 0.505532 14.0 0.516097 15.0 0.525942 16.0 0.535123 17.0 0.543678 18.0 0.551655 19.0 0.559077 20.0 0.565974 21.0 0.572366 22.0 0.578279 23.0 0.583723 24.0 0.588724 25.0 0.593297 26.0 0.597465 27.0 0.601254 28.0 0.604694 29.0 0.607820 30.0 0.610671
192.802133  0.0 0.248314 1.0 0.282048 2.0 0.312327 3.0 0.339591 4.0 0.364216 5.0 0.386536 6.0 0.406835 7.0 0.425360 8.0 0.442326 9.0 0.457917 10.0 0.472274 11.0 0.485559 12.0 0.497872 13.0 0.509308 14.0 0.519952 15.0 0.529867 16.0 0.539113 17.0 0.547732 18.0 0.555765 19.0 0.563240 20.0 0.570186 21.0 0.576625 22.0 0.582579 23.0 0.588064 24.0 0.593100 25.0 0.597704 26.0 0.601902 27.0 0.605718 28.0 0.609184 29.0 0.612333 30.0 0.615206
203.919642  0.0 0.250237 1.0 0.284221 2.0 0.314725 3.0 0.342190 4.0 0.366995 5.0 0.389478 6.0 0.409926 7.0 0.428586 8.0 0.445676 9.0 0.461380 10.0 0.475841 11.0 0.489222 12.0 0.501625 13.0 0.513145 14.0 0.523867 15.0 0.533855 16.0 0.543165 17.0 0.551849 18.0 0.559939 19.0 0.567468 20.0 0.574465 21.0 0.580952 22.0 0.586946 23.0 0.592473 24.0 0.597544 25.0 0.602182 26.0 0.606409 27.0 0.610254 28.0 0.613745 29.0 0.616918 30.0 0.619813
215.678218  0.0 0.252188 1.0 0.286428 2.0 0.317160 3.0 0.344828 4.0 0.369818 5.0 0.392466 6.0 0.413064 7.0 0.431862 8.0 0.449078 9.0 0.464896 10.0 0.479463 11.0 0.492942 12.0 0.505437 13.0 0.517043 14.0 0.527843 15.0 0.537905 16.0 0.547283 17.0 0.556030 18.0 0.564178 19.0 0.571763 20.0 0.578811 21.0 0.585347 22.0 0.591385 23.0 0.596952 24.0 0.602059 25.0 0.606732 26.0 0.610993 27.0 0.614866 28.0 0.618380 29.0 0.621577 30.0 0.624495
228.114826  0.0 0.254172 1.0 0.288669 2.0 0.319633 3.0 0.347508 4.0 0.372684 5.0 0.395500 6.0 0.416251 7.0 0.435189 8.0 0.452532 9.0 0.468466 10.0 0.483142 11.0 0.496721 12.0 0.509308 13.0 0.521002 14.0 0.531882 15.0 0.542019 16.0 0.551468 17.0 0.560278 18.0 0.568485 19.0 0.576127 20.0 0.583227 21.0 0.589812 22.0 0.595897 23.0 0.601504 24.0 0.606649 25.0 0.611359 26.0 0.615652 27.0 0.619553 28.0 0.623095 29.0 0.626311 30.0 0.629253
241.268564  0.0 0.256187 1.0 0.290947 2.0 0.322143 3.0 0.350229 4.0 0.375594 5.0 0.398580 6.0 0.419487 7.0 0.438568 8.0 0.456041 9.0 0.472096 10.0 0.486879 11.0 0.500562 12.0 0.513243 13.0 0.525025 14.0 0.535985 15.0 0.546198 16.0 0.555720 17.0 0.564594 18.0 0.572866 19.0 0.580565 20.0 0.587717 21.0 0.594350 22.0 0.600483 23.0 0.606129 24.0 0.611317 25.0 0.616062 26.0 0.620386 27.0 0.624318 28.0 0.627887 29.0 0.631130 30.0 0.634089
255.180783  0.0 0.258234 1.0 0.293261 2.0 0.324696 3.0 0.352994 4.0 0.378550 5.0 0.401712 6.0 0.422776 7.0 0.442000 8.0 0.459605 9.0 0.475784 10.0 0.490678 11.0 0.504465 12.0 0.517243 13.0 0.529111 14.0 0.540155 15.0 0.550444 16.0 0.560040 17.0 0.568982 18.0 0.577318 19.0 0.585075 20.0 0.592282 21.0 0.598963 22.0 0.605143 23.0 0.610834 24.0 0.616061 25.0 0.620842 26.0 0.625199 27.0 0.629161 28.0 0.632759 29.0 0.636028 30.0 0.639010
269.895220  0.0 0.260312 1.0 0.295612 2.0 0.327289 3.0 0.355804 4.0 0.381556 5.0 0.404895 6.0 0.426120 7.0 0.445490 8.0 0.463230 9.0 0.479531 10.0 0.494539 11.0 0.508430 12.0 0.521306 13.0 0.533265 14.0 0.544396 15.0 0.554765 16.0 0.564431 17.0 0.573445 18.0 0.581843 19.0 0.589659 20.0 0.596922 21.0 0.603657 22.0 0.609881 23.0 0.615619 24.0 0.620885 25.0 0.625701 26.0 0.630092 27.0 0.634086 28.0 0.637713 29.0 0.641009 30.0 0.644016
285.458131  0.0 0.262426 1.0 0.298000 2.0 0.329923 3.0 0.358659 4.0 0.384610 5.0 0.408128 6.0 0.429517 7.0 0.449036 8.0 0.466913 9.0 0.483339 10.0 0.498462 11.0 0.512459 12.0 0.525436 13.0 0.537490 14.0 0.548707 15.0 0.559156 16.0 0.568896 17.0 0.577981 18.0 0.586443 19.0 0.594319 20.0 0.601639 21.0 0.608428 22.0 0.614700 23.0 0.620484 24.0 0.625790 25.0 0.630645 26.0 0.635073 27.0 0.639098 28.0 0.642751 29.0 0.646074 30.0 0.649108
301.918444  0.0 0.264574 1.0 0.300427 2.0 0.332600 3.0 0.361560 4.0 0.387713 5.0 0.411413 6.0 0.432968 7.0 0.452640 8.0 0.470656 9.0 0.487209 10.0 0.502449 11.0 0.516558 12.0 0.529634 13.0 0.541784 14.0 0.553088 15.0 0.563620 16.0 0.573439 17.0 0.582592 18.0 0.591120 19.0 0.599060 20.0 0.606436 21.0 0.613280 22.0 0.619605 23.0 0.625431 24.0 0.630781 25.0 0.635677 26.0 0.640141 27.0 0.644199 28.0 0.647883 29.0 0.651229 30.0 0.654288
319.327905  0.0 0.266757 1.0 0.302895 2.0 0.335322 3.0 0.364509 4.0 0.390867 5.0 0.414753 6.0 0.436476 7.0 0.456303 8.0 0.474460 9.0 0.491147 10.0 0.506504 11.0 0.520726 12.0 0.533906 13.0 0.546150 14.0 0.557542 15.0 0.568159 16.0 0.578057 17.0 0.587281 18.0 0.595882 19.0 0.603885 20.0 0.611321 21.0 0.618214 22.0 0.624593 23.0 0.630464 24.0 0.635861 25.0 0.640797 26.0 0.645296 27.0 0.649388 28.0 0.653103 29.0 0.656479 30.0 0.659559
337.741243  0.0 0.268975 1.0 0.305404 2.0 0.338089 3.0 0.367508 4.0 0.394074 5.0 0.418150 6.0 0.440046 7.0 0.460029 8.0 0.478331 9.0 0.495150 10.0 0.510629 11.0 0.524963 12.0 0.538250 13.0 0.550590 14.0 0.562077 15.0 0.572778 16.0 0.582754 17.0 0.592057 18.0 0.600725 19.0 0.608792 20.0 0.616289 21.0 0.623241 22.0 0.629667 23.0 0.635591 24.0 0.641031 25.0 0.646005 26.0 0.650542 27.0 0.654668 28.0 0.658416 29.0 0.661823 30.0 0.664931
357.216346  0.0 0.271232 1.0 0.307953 2.0 0.340902 3.0 0.370557 4.0 0.397336 5.0 0.421603 6.0 0.443675 7.0 0.463818 8.0 0.482267 9.0 0.499219 10.0 0.514823 11.0 0.529271 12.0 0.542667 13.0 0.555110 14.0 0.566690 15.0 0.577478 16.0 0.587534 17.0 0.596914 18.0 0.605651 19.0 0.613784 20.0 0.621344 21.0 0.628355 22.0 0.634834 23.0 0.640808 24.0 0.646291 25.0 0.651308 26.0 0.655885 27.0 0.660046 28.0 0.663824 29.0 0.667261 30.0 0.670399
377.814438  0.0 0.273527 1.0 0.310547 2.0 0.343761 3.0 0.373656 4.0 0.400652 5.0 0.425113 6.0 0.447364 7.0 0.467671 8.0 0.486269 9.0 0.503360 10.0 0.519088 11.0 0.533657 12.0 0.547160 13.0 0.559708 14.0 0.571381 15.0 0.582259 16.0 0.592401 17.0 0.601855 18.0 0.610666 19.0 0.618868 20.0 0.626488 21.0 0.633559 22.0 0.640096 23.0 0.646118 24.0 0.651649 25.0 0.656712 26.0 0.661328 27.0 0.665526 28.0 0.669338 29.0 0.672802 30.0 0.675966
399.600273  0.0 0.275860 1.0 0.313185 2.0 0.346671 3.0 0.376810 4.0 0.404023 5.0 0.428687 6.0 0.451117 7.0 0.471589 8.0 0.490340 9.0 0.507574 10.0 0.523430 11.0 0.538120 12.0 0.551736 13.0 0.564385 14.0 0.576156 15.0 0.587124 16.0 0.597353 17.0 0.606887 18.0 0.615774 19.0 0.624046 20.0 0.631731 21.0 0.638859 22.0 0.645453 23.0 0.651527 24.0 0.657108 25.0 0.662214 26.0 0.666870 27.0 0.671105 28.0 0.674953 29.0 0.678450 30.0 0.681641
422.642341  0.0 0.278234 1.0 0.315867 2.0 0.349630 3.0 0.380017 4.0 0.407456 5.0 0.432321 6.0 0.454938 7.0 0.475579 8.0 0.494486 9.0 0.511861 10.0 0.527849 11.0 0.542660 12.0 0.556392 13.0 0.569147 14.0 0.581021 15.0 0.592082 16.0 0.602393 17.0 0.612012 18.0 0.620974 19.0 0.629316 20.0 0.637069 21.0 0.644261 22.0 0.650907 23.0 0.657039 24.0 0.662667 25.0 0.667816 26.0 0.672515 27.0 0.676788 28.0 0.680672 29.0 0.684203 30.0 0.687427
447.013078  0.0 0.280649 1.0 0.318597 2.0 0.352639 3.0 0.383279 4.0 0.410947 5.0 0.436018 6.0 0.458823 7.0 0.479638 8.0 0.498703 9.0 0.516223 10.0 0.532345 11.0 0.547282 12.0 0.561129 13.0 0.573998 14.0 0.585971 15.0 0.597128 16.0 0.607530 17.0 0.617230 18.0 0.626267 19.0 0.634683 20.0 0.642503 21.0 0.649761 22.0 0.656470 23.0 0.662653 24.0 0.668331 25.0 0.673531 26.0 0.678274 27.0 0.682588 28.0 0.686506 29.0 0.690066 30.0 0.693322
472.789100  0.0 0.283105 1.0 0.321374 2.0 0.355704 3.0 0.386600 4.0 0.414497 5.0 0.439781 6.0 0.462777 7.0 0.483767 8.0 0.502994 9.0 0.520668 10.0 0.536923 11.0 0.551990 12.0 0.565957 13.0 0.578934 14.0 0.591010 15.0 0.602265 16.0 0.612762 17.0 0.622544 18.0 0.631666 19.0 0.640156 20.0 0.648046 21.0 0.655364 22.0 0.662137 23.0 0.668374 24.0 0.674109 25.0 0.679356 26.0 0.684142 27.0 0.688497 28.0 0.692454 29.0 0.696051 30.0 0.699334
500.051440  0.0 0.285606 1.0 0.324198 2.0 0.358821 3.0 0.389980 4.0 0.418115 5.0 0.443612 6.0 0.466805 7.0 0.487974 8.0 0.507367 9.0 0.525190 10.0 0.541586 11.0 0.556783 12.0 0.570873 13.0 0.583963 14.0 0.596149 15.0 0.607503 16.0 0.618088 17.0 0.627964 18.0 0.637165 19.0 0.645731 20.0 0.653693 21.0 0.661081 22.0 0.667910 23.0 0.674212 24.0 0.679997 25.0 0.685291 26.0 0.690123 27.0 0.694520 28.0 0.698516 29.0 0.702152 30.0 0.705472
528.885802  0.0 0.288150 1.0 0.327075 2.0 0.361992 3.0 0.393418 4.0 0.421795 5.0 0.447510 6.0 0.470903 7.0 0.492257 8.0 0.511817 9.0 0.529795 10.0 0.546333 11.0 0.561664 12.0 0.575877 13.0 0.589089 14.0 0.601382 15.0 0.612839 16.0 0.623522 17.0 0.633484 18.0 0.642767 19.0 0.651413 20.0 0.659447 21.0 0.666907 22.0 0.673804 23.0 0.680161 24.0 0.686002 25.0 0.691352 26.0 0.696232 27.0 0.700673 28.0 0.704708 29.0 0.708377 30.0 0.711730
559.382834  0.0 0.290739 1.0 0.330003 2.0 0.365224 3.0 0.396921 4.0 0.425541 5.0 0.451481 6.0 0.475077 7.0 0.496616 8.0 0.516349 9.0 0.534490 10.0 0.551170 11.0 0.566640 12.0 0.580983 13.0 0.594309 14.0 0.606714 15.0 0.618274 16.0 0.629059 17.0 0.639112 18.0 0.648486 19.0 0.657212 20.0 0.665323 21.0 0.672848 22.0 0.679813 23.0 0.686232 24.0 0.692132 25.0 0.697533 26.0 0.702461 27.0 0.706947 28.0 0.711026 29.0 0.714735 30.0 0.718122
591.638410  0.0 0.293377 1.0 0.332983 2.0 0.368512 3.0 0.400486 4.0 0.429358 5.0 0.455525 6.0 0.479330 7.0 0.501061 8.0 0.520969 9.0 0.539270 10.0 0.556100 11.0 0.571708 12.0 0.586183 13.0 0.599633 14.0 0.612154 15.0 0.623823 16.0 0.634702 17.0 0.644855 18.0 0.654314 19.0 0.663122 20.0 0.671312 21.0 0.678914 22.0 0.685942 23.0 0.692429 24.0 0.698384 25.0 0.703840 26.0 0.708821 27.0 0.713354 28.0 0.717473 29.0 0.721223 30.0 0.724650
625.753932  0.0 0.296062 1.0 0.336019 2.0 0.371860 3.0 0.404117 4.0 0.433244 5.0 0.459642 6.0 0.483659 7.0 0.505586 8.0 0.525674 9.0 0.544142 10.0 0.561121 11.0 0.576876 12.0 0.591483 13.0 0.605061 14.0 0.617697 15.0 0.629477 16.0 0.640464 17.0 0.650707 18.0 0.660261 19.0 0.669156 20.0 0.677424 21.0 0.685099 22.0 0.692204 23.0 0.698749 24.0 0.704771 25.0 0.710285 26.0 0.715317 27.0 0.719899 28.0 0.724065 29.0 0.727855 30.0 0.731314
661.836651  0.0 0.298797 1.0 0.339109 2.0 0.375272 3.0 0.407817 4.0 0.437204 5.0 0.463840 6.0 0.488074 7.0 0.510199 8.0 0.530471 9.0 0.549110 10.0 0.566245 11.0 0.582145 12.0 0.596891 13.0 0.610593 14.0 0.623354 15.0 0.635246 16.0 0.646337 17.0 0.656685 18.0 0.666331 19.0 0.675313 20.0 0.683665 21.0 0.691420 22.0 0.698591 23.0 0.705211 24.0 0.711293 25.0 0.716861 26.0 0.721948 27.0 0.726580 28.0 0.730793 29.0 0.734629 30.0 0.738134
700.000000  0.0 0.301582 1.0 0.342259 2.0 0.378745 3.0 0.411584 4.0 0.441238 5.0 0.468115 6.0 0.492571 7.0 0.514901 8.0 0.535361 9.0 0.554172 10.0 0.571466 11.0 0.587516 12.0 0.602402 13.0 0.616242 14.0 0.629125 15.0 0.641134 16.0 0.652335 17.0 0.662784 18.0 0.672524 19.0 0.681598 20.0 0.690033 21.0 0.697871 22.0 0.705122 23.0 0.711807 24.0 0.717955 25.0 0.723589 26.0 0.728733 27.0 0.733417 28.0 0.737678 29.0 0.741555 30.0 0.745098
