0.000500  0.0 0.094950 1.0 0.108205 2.0 0.120169 3.0 0.130993 4.0 0.140808 5.0 0.149733 6.0 0.157872 7.0 0.165318 8.0 0.172151 9.0 0.178442 10.0 0.184253 11.0 0.189635 12.0 0.194634 13.0 0.199289 14.0 0.203630 15.0 0.207686 16.0 0.211478 17.0 0.215024 18.0 0.218339 19.0 0.221432 20.0 0.224316 21.0 0.226998 22.0 0.229484 23.0 0.231780 24.0 0.233895 25.0 0.235835 26.0 0.237608 27.0 0.239225 28.0 0.240699 29.0 0.242046 30.0 0.243284
0.000537  0.0 0.095306 1.0 0.108610 2.0 0.120618 3.0 0.131481 4.0 0.141332 5.0 0.150289 6.0 0.158458 7.0 0.165931 8.0 0.172789 9.0 0.179103 10.0 0.184934 11.0 0.190336 12.0 0.195353 13.0 0.200024 14.0 0.204382 15.0 0.208452 16.0 0.212258 17.0 0.215816 18.0 0.219142 19.0 0.222248 20.0 0.225142 21.0 0.227832 22.0 0.230326 23.0 0.232632 24.0 0.234753 25.0 0.236700 26.0 0.238479 27.0 0.240102 28.0 0.241581 29.0 0.242932 30.0 0.244174
0.000576  0.0 0.095665 1.0 0.109017 2.0 0.121070 3.0 0.131973 4.0 0.141860 5.0 0.150850 6.0 0.159049 7.0 0.166549 8.0 0.173431 9.0 0.179769 10.0 0.185621 11.0 0.191042 12.0 0.196077 13.0 0.200766 14.0 0.205138 15.0 0.209223 16.0 0.213042 17.0 0.216614 18.0 0.219952 19.0 0.223067 20.0 0.225972 21.0 0.228673 22.0 0.231177 23.0 0.233489 24.0 0.235619 25.0 0.237572 26.0 0.239357 27.0 0.240985 28.0 0.242469 29.0 0.243826 30.0 0.245073
0.000619  0.0 0.096026 1.0 0.109429 2.0 0.121526 3.0 0.132469 4.0 0.142393 5.0 0.151415 6.0 0.159644 7.0 0.167171 8.0 0.174080 9.0 0.180439 10.0 0.186312 11.0 0.191754 12.0 0.196808 13.0 0.201512 14.0 0.205901 15.0 0.210001 16.0 0.213834 17.0 0.217417 18.0 0.220767 19.0 0.223895 20.0 0.226810 21.0 0.229520 22.0 0.232031 23.0 0.234353 24.0 0.236489 25.0 0.238450 26.0 0.240242 27.0 0.241876 28.0 0.243365 29.0 0.244726 30.0 0.245976
0.000665  0.0 0.096390 1.0 0.109843 2.0 0.121985 3.0 0.132969 4.0 0.142928 5.0 0.151985 6.0 0.160244 7.0 0.167798 8.0 0.174731 9.0 0.181115 10.0 0.187010 11.0 0.192470 12.0 0.197542 13.0 0.202265 14.0 0.206669 15.0 0.210784 16.0 0.214630 17.0 0.218227 18.0 0.221588 19.0 0.224727 20.0 0.227652 21.0 0.230372 22.0 0.232894 23.0 0.235223 24.0 0.237368 25.0 0.239334 26.0 0.241131 27.0 0.242771 28.0 0.244266 29.0 0.245631 30.0 0.246888
0.000714  0.0 0.096757 1.0 0.110260 2.0 0.122447 3.0 0.133472 4.0 0.143469 5.0 0.152558 6.0 0.160848 7.0 0.168431 8.0 0.175389 9.0 0.181796 10.0 0.187712 11.0 0.193193 12.0 0.198283 13.0 0.203023 14.0 0.207443 15.0 0.211573 16.0 0.215433 17.0 0.219043 18.0 0.222417 19.0 0.225567 20.0 0.228502 21.0 0.231232 22.0 0.233762 23.0 0.236099 24.0 0.238251 25.0 0.240226 26.0 0.242030 27.0 0.243675 28.0 0.245175 29.0 0.246545 30.0 0.247805
0.000766  0.0 0.097127 1.0 0.110681 2.0 0.122914 3.0 0.133979 4.0 0.144013 5.0 0.153137 6.0 0.161456 7.0 0.169066 8.0 0.176051 9.0 0.182481 10.0 0.188420 11.0 0.193921 12.0 0.199030 13.0 0.203786 14.0 0.208223 15.0 0.212368 16.0 0.216242 17.0 0.219865 18.0 0.223250 19.0 0.226412 20.0 0.229358 21.0 0.232097 22.0 0.234636 23.0 0.236983 24.0 0.239142 25.0 0.241122 26.0 0.242934 27.0 0.244585 28.0 0.246090 29.0 0.247464 30.0 0.248729
0.000823  0.0 0.097500 1.0 0.111104 2.0 0.123383 3.0 0.134490 4.0 0.144561 5.0 0.153719 6.0 0.162070 7.0 0.169709 8.0 0.176718 9.0 0.183173 10.0 0.189133 11.0 0.194653 12.0 0.199781 13.0 0.204556 14.0 0.209008 15.0 0.213168 16.0 0.217057 17.0 0.220693 18.0 0.224091 19.0 0.227263 20.0 0.230220 21.0 0.232970 22.0 0.235518 23.0 0.237872 24.0 0.240040 25.0 0.242028 26.0 0.243845 27.0 0.245502 28.0 0.247012 29.0 0.248392 30.0 0.249661
0.000883  0.0 0.097875 1.0 0.111531 2.0 0.123856 3.0 0.135005 4.0 0.145114 5.0 0.154305 6.0 0.162687 7.0 0.170355 8.0 0.177391 9.0 0.183868 10.0 0.189851 11.0 0.195393 12.0 0.200539 13.0 0.205330 14.0 0.209800 15.0 0.213975 16.0 0.217878 17.0 0.221527 18.0 0.224938 19.0 0.228122 20.0 0.231090 21.0 0.233848 22.0 0.236405 23.0 0.238769 24.0 0.240943 25.0 0.242939 26.0 0.244763 27.0 0.246426 28.0 0.247942 29.0 0.249326 30.0 0.250598
0.000948  0.0 0.098253 1.0 0.111961 2.0 0.124333 3.0 0.135524 4.0 0.145671 5.0 0.154897 6.0 0.163310 7.0 0.171006 8.0 0.178068 9.0 0.184571 10.0 0.190575 11.0 0.196136 12.0 0.201302 13.0 0.206112 14.0 0.210597 15.0 0.214787 16.0 0.218705 17.0 0.222368 18.0 0.225791 19.0 0.228986 20.0 0.231964 21.0 0.234733 22.0 0.237301 23.0 0.239672 24.0 0.241855 25.0 0.243857 26.0 0.245686 27.0 0.247355 28.0 0.248877 29.0 0.250267 30.0 0.251545
0.001018  0.0 0.098635 1.0 0.112395 2.0 0.124813 3.0 0.136047 4.0 0.146232 5.0 0.155492 6.0 0.163938 7.0 0.171663 8.0 0.178751 9.0 0.185277 10.0 0.191304 11.0 0.196887 12.0 0.202072 13.0 0.206899 14.0 0.211402 15.0 0.215607 16.0 0.219539 17.0 0.223214 18.0 0.226651 19.0 0.229858 20.0 0.232847 21.0 0.235626 22.0 0.238202 23.0 0.240582 24.0 0.242772 25.0 0.244782 26.0 0.246619 27.0 0.248294 28.0 0.249821 29.0 0.251215 30.0 0.252497
0.001093  0.0 0.099019 1.0 0.112832 2.0 0.125298 3.0 0.136573 4.0 0.146797 5.0 0.156093 6.0 0.164570 7.0 0.172323 8.0 0.179439 9.0 0.185990 10.0 0.192039 11.0 0.197643 12.0 0.202847 13.0 0.207692 14.0 0.212211 15.0 0.216433 16.0 0.220378 17.0 0.224068 18.0 0.227516 19.0 0.230736 20.0 0.233736 21.0 0.236524 22.0 0.239111 23.0 0.241499 24.0 0.243698 25.0 0.245714 26.0 0.247557 27.0 0.249238 28.0 0.250770 29.0 0.252169 30.0 0.253457
0.001174  0.0 0.099406 1.0 0.113272 2.0 0.125786 3.0 0.137105 4.0 0.147367 5.0 0.156698 6.0 0.165207 7.0 0.172990 8.0 0.180132 9.0 0.186708 10.0 0.192780 11.0 0.198404 12.0 0.203628 13.0 0.208491 14.0 0.213027 15.0 0.217264 16.0 0.221225 17.0 0.224928 18.0 0.228390 19.0 0.231620 20.0 0.234631 21.0 0.237431 22.0 0.240026 23.0 0.242423 24.0 0.244630 25.0 0.246654 26.0 0.248504 27.0 0.250191 28.0 0.251728 29.0 0.253133 30.0 0.254424
0.001260  0.0 0.099797 1.0 0.113716 2.0 0.126278 3.0 0.137640 4.0 0.147942 5.0 0.157308 6.0 0.165849 7.0 0.173662 8.0 0.180831 9.0 0.187430 10.0 0.193526 11.0 0.199172 12.0 0.204415 13.0 0.209296 14.0 0.213850 15.0 0.218103 16.0 0.222078 17.0 0.225795 18.0 0.229269 19.0 0.232512 20.0 0.235534 21.0 0.238344 22.0 0.240948 23.0 0.243355 24.0 0.245569 25.0 0.247600 26.0 0.249457 27.0 0.251150 28.0 0.252693 29.0 0.254102 30.0 0.255398
0.001353  0.0 0.100190 1.0 0.114163 2.0 0.126774 3.0 0.138179 4.0 0.148520 5.0 0.157923 6.0 0.166497 7.0 0.174339 8.0 0.181535 9.0 0.188160 10.0 0.194279 11.0 0.199945 12.0 0.205208 13.0 0.210108 14.0 0.214678 15.0 0.218946 16.0 0.222937 17.0 0.226669 18.0 0.230155 19.0 0.233409 20.0 0.236443 21.0 0.239263 22.0 0.241878 23.0 0.244292 24.0 0.246516 25.0 0.248554 26.0 0.250417 27.0 0.252116 28.0 0.253665 29.0 0.255080 30.0 0.256381
0.001453  0.0 0.100587 1.0 0.114614 2.0 0.127273 3.0 0.138723 4.0 0.149104 5.0 0.158542 6.0 0.167149 7.0 0.175021 8.0 0.182245 9.0 0.188895 10.0 0.195036 11.0 0.200725 12.0 0.206008 13.0 0.210926 14.0 0.215514 15.0 0.219798 16.0 0.223804 17.0 0.227548 18.0 0.231049 19.0 0.234316 20.0 0.237360 21.0 0.240191 22.0 0.242814 23.0 0.245238 24.0 0.247468 25.0 0.249515 26.0 0.251386 27.0 0.253091 28.0 0.254646 29.0 0.256065 30.0 0.257370
0.001560  0.0 0.100986 1.0 0.115069 2.0 0.127777 3.0 0.139270 4.0 0.149692 5.0 0.159167 6.0 0.167806 7.0 0.175708 8.0 0.182960 9.0 0.189635 10.0 0.195800 11.0 0.201510 12.0 0.206814 13.0 0.211750 14.0 0.216355 15.0 0.220656 16.0 0.224676 17.0 0.228436 18.0 0.231948 19.0 0.235228 20.0 0.238284 21.0 0.241124 22.0 0.243758 23.0 0.246191 24.0 0.248430 25.0 0.250483 26.0 0.252361 27.0 0.254073 28.0 0.255632 29.0 0.257057 30.0 0.258368
0.001675  0.0 0.101389 1.0 0.115526 2.0 0.128284 3.0 0.139823 4.0 0.150284 5.0 0.159796 6.0 0.168469 7.0 0.176402 8.0 0.183680 9.0 0.190382 10.0 0.196571 11.0 0.202302 12.0 0.207625 13.0 0.212582 14.0 0.217203 15.0 0.221520 16.0 0.225556 17.0 0.229329 18.0 0.232856 19.0 0.236147 20.0 0.239215 21.0 0.242067 22.0 0.244710 23.0 0.247151 24.0 0.249399 25.0 0.251460 26.0 0.253344 27.0 0.255062 28.0 0.256628 29.0 0.258058 30.0 0.259373
0.001798  0.0 0.101795 1.0 0.115988 2.0 0.128796 3.0 0.140379 4.0 0.150882 5.0 0.160430 6.0 0.169136 7.0 0.177100 8.0 0.184407 9.0 0.191134 10.0 0.197346 11.0 0.203101 12.0 0.208444 13.0 0.213418 14.0 0.218059 15.0 0.222392 16.0 0.226443 17.0 0.230230 18.0 0.233770 19.0 0.237074 20.0 0.240153 21.0 0.243015 22.0 0.245668 23.0 0.248120 24.0 0.250375 25.0 0.252444 26.0 0.254335 27.0 0.256060 28.0 0.257631 29.0 0.259066 30.0 0.260385
0.001931  0.0 0.102204 1.0 0.116454 2.0 0.129312 3.0 0.140941 4.0 0.151483 5.0 0.161069 6.0 0.169809 7.0 0.177804 8.0 0.185139 9.0 0.191893 10.0 0.198129 11.0 0.203904 12.0 0.209268 13.0 0.214263 14.0 0.218920 15.0 0.223270 16.0 0.227336 17.0 0.231139 18.0 0.234691 19.0 0.238007 20.0 0.241098 21.0 0.243971 22.0 0.246635 23.0 0.249094 24.0 0.251359 25.0 0.253436 26.0 0.255333 27.0 0.257064 28.0 0.258641 29.0 0.260082 30.0 0.261407
0.002073  0.0 0.102617 1.0 0.116923 2.0 0.129831 3.0 0.141506 4.0 0.152091 5.0 0.161713 6.0 0.170488 7.0 0.178514 8.0 0.185878 9.0 0.192657 10.0 0.198917 11.0 0.204716 12.0 0.210100 13.0 0.215113 14.0 0.219789 15.0 0.224156 16.0 0.228238 17.0 0.232053 18.0 0.235620 19.0 0.238950 20.0 0.242052 21.0 0.244936 22.0 0.247608 23.0 0.250078 24.0 0.252350 25.0 0.254435 26.0 0.256340 27.0 0.258078 28.0 0.259661 29.0 0.261106 30.0 0.262435
0.002226  0.0 0.103033 1.0 0.117396 2.0 0.130356 3.0 0.142076 4.0 0.152702 5.0 0.162363 6.0 0.171171 7.0 0.179228 8.0 0.186622 9.0 0.193427 10.0 0.199712 11.0 0.205533 12.0 0.210938 13.0 0.215970 14.0 0.220664 15.0 0.225048 16.0 0.229145 17.0 0.232976 18.0 0.236556 19.0 0.239898 20.0 0.243012 21.0 0.245906 22.0 0.248590 23.0 0.251069 24.0 0.253350 25.0 0.255441 26.0 0.257354 27.0 0.259098 28.0 0.260687 29.0 0.262137 30.0 0.263472
0.002390  0.0 0.103453 1.0 0.117872 2.0 0.130884 3.0 0.142651 4.0 0.153319 5.0 0.163018 6.0 0.171861 7.0 0.179950 8.0 0.187371 9.0 0.194204 10.0 0.200513 11.0 0.206356 12.0 0.211783 13.0 0.216835 14.0 0.221546 15.0 0.225946 16.0 0.230061 17.0 0.233906 18.0 0.237500 19.0 0.240854 20.0 0.243980 21.0 0.246886 22.0 0.249580 23.0 0.252067 24.0 0.254358 25.0 0.256458 26.0 0.258377 27.0 0.260127 28.0 0.261722 29.0 0.263179 30.0 0.264518
0.002566  0.0 0.103876 1.0 0.118353 2.0 0.131416 3.0 0.143231 4.0 0.153941 5.0 0.163677 6.0 0.172556 7.0 0.180676 8.0 0.188128 9.0 0.194986 10.0 0.201320 11.0 0.207187 12.0 0.212635 13.0 0.217706 14.0 0.222436 15.0 0.226854 16.0 0.230983 17.0 0.234843 18.0 0.238451 19.0 0.241819 20.0 0.244957 21.0 0.247874 22.0 0.250576 23.0 0.253075 24.0 0.255372 25.0 0.257481 26.0 0.259408 27.0 0.261165 28.0 0.262765 29.0 0.264227 30.0 0.265570
0.002756  0.0 0.104302 1.0 0.118838 2.0 0.131954 3.0 0.143814 4.0 0.154567 5.0 0.164344 6.0 0.173257 7.0 0.181409 8.0 0.188889 9.0 0.195776 10.0 0.202135 11.0 0.208024 12.0 0.213493 13.0 0.218584 14.0 0.223333 15.0 0.227768 16.0 0.231912 17.0 0.235789 18.0 0.239409 19.0 0.242790 20.0 0.245940 21.0 0.248868 22.0 0.251583 23.0 0.254089 24.0 0.256397 25.0 0.258512 26.0 0.260446 27.0 0.262209 28.0 0.263816 29.0 0.265284 30.0 0.266633
0.002959  0.0 0.104732 1.0 0.119326 2.0 0.132495 3.0 0.144404 4.0 0.155200 5.0 0.165014 6.0 0.173963 7.0 0.182148 8.0 0.189658 9.0 0.196571 10.0 0.202955 11.0 0.208868 12.0 0.214358 13.0 0.219470 14.0 0.224237 15.0 0.228689 16.0 0.232851 17.0 0.236741 18.0 0.240377 19.0 0.243770 20.0 0.246932 21.0 0.249872 22.0 0.252596 23.0 0.255112 24.0 0.257428 25.0 0.259553 26.0 0.261494 27.0 0.263264 28.0 0.264877 29.0 0.266350 30.0 0.267703
0.003177  0.0 0.105165 1.0 0.119819 2.0 0.133041 3.0 0.144997 4.0 0.155837 5.0 0.165690 6.0 0.174675 7.0 0.182892 8.0 0.190433 9.0 0.197373 10.0 0.203782 11.0 0.209719 12.0 0.215231 13.0 0.220362 14.0 0.225148 15.0 0.229618 16.0 0.233796 17.0 0.237701 18.0 0.241351 19.0 0.244758 20.0 0.247932 21.0 0.250882 22.0 0.253617 23.0 0.256144 24.0 0.258469 25.0 0.260600 26.0 0.262549 27.0 0.264326 28.0 0.265945 29.0 0.267423 30.0 0.268782
0.003411  0.0 0.105602 1.0 0.120315 2.0 0.133591 3.0 0.145596 4.0 0.156479 5.0 0.166373 6.0 0.175393 7.0 0.183643 8.0 0.191213 9.0 0.198182 10.0 0.204617 11.0 0.210575 12.0 0.216110 13.0 0.221262 14.0 0.226066 15.0 0.230554 16.0 0.234748 17.0 0.238670 18.0 0.242333 19.0 0.245752 20.0 0.248939 21.0 0.251902 22.0 0.254648 23.0 0.257183 24.0 0.259518 25.0 0.261658 26.0 0.263613 27.0 0.265397 28.0 0.267022 29.0 0.268506 30.0 0.269871
0.003662  0.0 0.106043 1.0 0.120816 2.0 0.134146 3.0 0.146200 4.0 0.157127 5.0 0.167060 6.0 0.176117 7.0 0.184401 8.0 0.192001 9.0 0.198997 10.0 0.205458 11.0 0.211441 12.0 0.216997 13.0 0.222170 14.0 0.226993 15.0 0.231498 16.0 0.235709 17.0 0.239645 18.0 0.243324 19.0 0.246757 20.0 0.249956 21.0 0.252930 22.0 0.255685 23.0 0.258232 24.0 0.260574 25.0 0.262723 26.0 0.264687 27.0 0.266477 28.0 0.268109 29.0 0.269598 30.0 0.270967
0.003932  0.0 0.106487 1.0 0.121321 2.0 0.134705 3.0 0.146808 4.0 0.157780 5.0 0.167753 6.0 0.176846 7.0 0.185163 8.0 0.192795 9.0 0.199819 10.0 0.206305 11.0 0.212313 12.0 0.217892 13.0 0.223083 14.0 0.227927 15.0 0.232450 16.0 0.236677 17.0 0.240629 18.0 0.244322 19.0 0.247769 20.0 0.250981 21.0 0.253965 22.0 0.256733 23.0 0.259288 24.0 0.261640 25.0 0.263796 26.0 0.265768 27.0 0.267565 28.0 0.269202 29.0 0.270697 30.0 0.272073
0.004222  0.0 0.106935 1.0 0.121830 2.0 0.135270 3.0 0.147422 4.0 0.158438 5.0 0.168453 6.0 0.177583 7.0 0.185933 8.0 0.193595 9.0 0.200648 10.0 0.207161 11.0 0.213191 12.0 0.218792 13.0 0.224007 14.0 0.228868 15.0 0.233409 16.0 0.237654 17.0 0.241622 18.0 0.245329 19.0 0.248789 20.0 0.252013 21.0 0.255011 22.0 0.257788 23.0 0.260353 24.0 0.262715 25.0 0.264880 26.0 0.266859 27.0 0.268663 28.0 0.270307 29.0 0.271808 30.0 0.273188
0.004533  0.0 0.107387 1.0 0.122344 2.0 0.135838 3.0 0.148041 4.0 0.159102 5.0 0.169157 6.0 0.178325 7.0 0.186710 8.0 0.194403 9.0 0.201484 10.0 0.208022 11.0 0.214079 12.0 0.219702 13.0 0.224936 14.0 0.229818 15.0 0.234377 16.0 0.238639 17.0 0.242621 18.0 0.246344 19.0 0.249818 20.0 0.253055 21.0 0.256064 22.0 0.258851 23.0 0.261428 24.0 0.263797 25.0 0.265972 26.0 0.267959 27.0 0.269770 28.0 0.271420 29.0 0.272926 30.0 0.274310
0.004867  0.0 0.107842 1.0 0.122862 2.0 0.136412 3.0 0.148665 4.0 0.159772 5.0 0.169868 6.0 0.179073 7.0 0.187491 8.0 0.195216 9.0 0.202326 10.0 0.208892 11.0 0.214972 12.0 0.220618 13.0 0.225874 14.0 0.230775 15.0 0.235353 16.0 0.239630 17.0 0.243631 18.0 0.247366 19.0 0.250855 20.0 0.254105 21.0 0.257125 22.0 0.259925 23.0 0.262511 24.0 0.264891 25.0 0.267072 26.0 0.269066 27.0 0.270884 28.0 0.272541 29.0 0.274054 30.0 0.275444
0.005226  0.0 0.108302 1.0 0.123384 2.0 0.136991 3.0 0.149294 4.0 0.160447 5.0 0.170585 6.0 0.179828 7.0 0.188281 8.0 0.196037 9.0 0.203177 10.0 0.209769 11.0 0.215873 12.0 0.221542 13.0 0.226820 14.0 0.231740 15.0 0.236336 16.0 0.240632 17.0 0.244647 18.0 0.248400 19.0 0.251901 20.0 0.255164 21.0 0.258197 22.0 0.261007 23.0 0.263603 24.0 0.265992 25.0 0.268183 26.0 0.270185 27.0 0.272010 28.0 0.273673 29.0 0.275192 30.0 0.276587
0.005611  0.0 0.108766 1.0 0.123911 2.0 0.137574 3.0 0.149929 4.0 0.161128 5.0 0.171307 6.0 0.180589 7.0 0.189077 8.0 0.196865 9.0 0.204033 10.0 0.210652 11.0 0.216783 12.0 0.222475 13.0 0.227773 14.0 0.232715 15.0 0.237329 16.0 0.241642 17.0 0.245672 18.0 0.249440 19.0 0.252956 20.0 0.256232 21.0 0.259276 22.0 0.262097 23.0 0.264705 24.0 0.267102 25.0 0.269302 26.0 0.271312 27.0 0.273145 28.0 0.274814 29.0 0.276338 30.0 0.277738
0.006025  0.0 0.109233 1.0 0.124442 2.0 0.138163 3.0 0.150569 4.0 0.161815 5.0 0.172037 6.0 0.181356 7.0 0.189879 8.0 0.197700 9.0 0.204897 10.0 0.211544 11.0 0.217699 12.0 0.223414 13.0 0.228734 14.0 0.233696 15.0 0.238329 16.0 0.242658 17.0 0.246707 18.0 0.250489 19.0 0.254019 20.0 0.257308 21.0 0.260364 22.0 0.263198 23.0 0.265814 24.0 0.268223 25.0 0.270431 26.0 0.272448 27.0 0.274287 28.0 0.275963 29.0 0.277494 30.0 0.278901
0.006469  0.0 0.109704 1.0 0.124978 2.0 0.138757 3.0 0.151215 4.0 0.162507 5.0 0.172772 6.0 0.182131 7.0 0.190689 8.0 0.198541 9.0 0.205769 10.0 0.212443 11.0 0.218623 12.0 0.224362 13.0 0.229705 14.0 0.234686 15.0 0.239338 16.0 0.243686 17.0 0.247750 18.0 0.251548 19.0 0.255092 20.0 0.258394 21.0 0.261463 22.0 0.264308 23.0 0.266934 24.0 0.269352 25.0 0.271569 26.0 0.273595 27.0 0.275442 28.0 0.277124 29.0 0.278661 30.0 0.280072
0.006946  0.0 0.110180 1.0 0.125518 2.0 0.139355 3.0 0.151866 4.0 0.163206 5.0 0.173513 6.0 0.182911 7.0 0.191505 8.0 0.199391 9.0 0.206648 10.0 0.213349 11.0 0.219556 12.0 0.225319 13.0 0.230682 14.0 0.235685 15.0 0.240356 16.0 0.244721 17.0 0.248801 18.0 0.252615 19.0 0.256174 20.0 0.259489 21.0 0.262571 22.0 0.265426 23.0 0.268064 24.0 0.270491 25.0 0.272716 26.0 0.274751 27.0 0.276605 28.0 0.278294 29.0 0.279836 30.0 0.281253
0.007458  0.0 0.110660 1.0 0.126064 2.0 0.139959 3.0 0.152522 4.0 0.163911 5.0 0.174262 6.0 0.183698 7.0 0.192328 8.0 0.200247 9.0 0.207535 10.0 0.214264 11.0 0.220495 12.0 0.226282 13.0 0.231668 14.0 0.236691 15.0 0.241381 16.0 0.245764 17.0 0.249863 18.0 0.253691 19.0 0.257264 20.0 0.260593 21.0 0.263687 22.0 0.266555 23.0 0.269202 24.0 0.271640 25.0 0.273874 26.0 0.275915 27.0 0.277777 28.0 0.279473 29.0 0.281022 30.0 0.282445
0.008007  0.0 0.111143 1.0 0.126613 2.0 0.140569 3.0 0.153185 4.0 0.164621 5.0 0.175016 6.0 0.184493 7.0 0.193159 8.0 0.201110 9.0 0.208429 10.0 0.215186 11.0 0.221444 12.0 0.227254 13.0 0.232663 14.0 0.237707 15.0 0.242416 16.0 0.246818 17.0 0.250932 18.0 0.254777 19.0 0.258365 20.0 0.261707 21.0 0.264814 22.0 0.267692 23.0 0.270351 24.0 0.272798 25.0 0.275042 26.0 0.277092 27.0 0.278961 28.0 0.280664 29.0 0.282218 30.0 0.283646
0.008598  0.0 0.111632 1.0 0.127168 2.0 0.141182 3.0 0.153854 4.0 0.165339 5.0 0.175777 6.0 0.185294 7.0 0.193997 8.0 0.201982 9.0 0.209330 10.0 0.216116 11.0 0.222401 12.0 0.228236 13.0 0.233666 14.0 0.238731 15.0 0.243461 16.0 0.247880 17.0 0.252011 18.0 0.255872 19.0 0.259474 20.0 0.262831 21.0 0.265949 22.0 0.268840 23.0 0.271510 24.0 0.273966 25.0 0.276218 26.0 0.278277 27.0 0.280154 28.0 0.281863 29.0 0.283423 30.0 0.284857
0.009231  0.0 0.112124 1.0 0.127728 2.0 0.141803 3.0 0.154527 4.0 0.166062 5.0 0.176545 6.0 0.186102 7.0 0.194841 8.0 0.202860 9.0 0.210240 10.0 0.217055 11.0 0.223365 12.0 0.229225 13.0 0.234678 14.0 0.239764 15.0 0.244513 16.0 0.248951 17.0 0.253100 18.0 0.256975 19.0 0.260593 20.0 0.263962 21.0 0.267095 22.0 0.269998 23.0 0.272678 24.0 0.275145 25.0 0.277406 26.0 0.279473 27.0 0.281356 28.0 0.283073 29.0 0.284640 30.0 0.286080
0.009912  0.0 0.112621 1.0 0.128292 2.0 0.142428 3.0 0.155208 4.0 0.166791 5.0 0.177320 6.0 0.186917 7.0 0.195694 8.0 0.203746 9.0 0.211158 10.0 0.218002 11.0 0.224338 12.0 0.230222 13.0 0.235700 14.0 0.240806 15.0 0.245575 16.0 0.250032 17.0 0.254198 18.0 0.258090 19.0 0.261722 20.0 0.265106 21.0 0.268251 22.0 0.271165 23.0 0.273857 24.0 0.276333 25.0 0.278605 26.0 0.280680 27.0 0.282571 28.0 0.284294 29.0 0.285867 30.0 0.287312
0.010642  0.0 0.113122 1.0 0.128861 2.0 0.143059 3.0 0.155894 4.0 0.167527 5.0 0.178100 6.0 0.187739 7.0 0.196554 8.0 0.204641 9.0 0.212084 10.0 0.218956 11.0 0.225320 12.0 0.231229 13.0 0.236729 14.0 0.241858 15.0 0.246647 16.0 0.251122 17.0 0.255305 18.0 0.259213 19.0 0.262861 20.0 0.266259 21.0 0.269416 22.0 0.272342 23.0 0.275046 24.0 0.277532 25.0 0.279812 26.0 0.281896 27.0 0.283795 28.0 0.285525 29.0 0.287104 30.0 0.288555
0.011426  0.0 0.113628 1.0 0.129437 2.0 0.143695 3.0 0.156586 4.0 0.168270 5.0 0.178889 6.0 0.188569 7.0 0.197421 8.0 0.205543 9.0 0.213018 10.0 0.219919 11.0 0.226310 12.0 0.232245 13.0 0.237767 14.0 0.242918 15.0 0.247727 16.0 0.252220 17.0 0.256422 18.0 0.260346 19.0 0.264009 20.0 0.267421 21.0 0.270592 22.0 0.273531 23.0 0.276244 24.0 0.278742 25.0 0.281031 26.0 0.283122 27.0 0.285029 28.0 0.286766 29.0 0.288353 30.0 0.289810
0.012269  0.0 0.114138 1.0 0.130016 2.0 0.144338 3.0 0.157284 4.0 0.169018 5.0 0.179684 6.0 0.189406 7.0 0.198297 8.0 0.206452 9.0 0.213960 10.0 0.220891 11.0 0.227309 12.0 0.233269 13.0 0.238816 14.0 0.243987 15.0 0.248817 16.0 0.253331 17.0 0.257549 18.0 0.261490 19.0 0.265168 20.0 0.268594 21.0 0.271779 22.0 0.274729 23.0 0.277454 24.0 0.279961 25.0 0.282261 26.0 0.284361 27.0 0.286276 28.0 0.288020 29.0 0.289612 30.0 0.291075
0.013173  0.0 0.114653 1.0 0.130601 2.0 0.144985 3.0 0.157989 4.0 0.169775 5.0 0.180486 6.0 0.190250 7.0 0.199180 8.0 0.207371 9.0 0.214910 10.0 0.221871 11.0 0.228318 12.0 0.234303 13.0 0.239873 14.0 0.245067 15.0 0.249917 16.0 0.254450 17.0 0.258685 18.0 0.262644 19.0 0.266337 20.0 0.269778 21.0 0.272975 22.0 0.275937 23.0 0.278675 24.0 0.281192 25.0 0.283500 26.0 0.285610 27.0 0.287532 28.0 0.289284 29.0 0.290882 30.0 0.292350
0.014144  0.0 0.115173 1.0 0.131191 2.0 0.145639 3.0 0.158700 4.0 0.170537 5.0 0.181295 6.0 0.191102 7.0 0.200070 8.0 0.208298 9.0 0.215869 10.0 0.222860 11.0 0.229334 12.0 0.235345 13.0 0.240939 14.0 0.246156 15.0 0.251027 16.0 0.255578 17.0 0.259833 18.0 0.263806 19.0 0.267516 20.0 0.270971 21.0 0.274182 22.0 0.277158 23.0 0.279905 24.0 0.282434 25.0 0.284751 26.0 0.286869 27.0 0.288799 28.0 0.290558 29.0 0.292163 30.0 0.293639
0.015186  0.0 0.115697 1.0 0.131787 2.0 0.146299 3.0 0.159417 4.0 0.171306 5.0 0.182112 6.0 0.191962 7.0 0.200969 8.0 0.209231 9.0 0.216837 10.0 0.223859 11.0 0.230359 12.0 0.236396 13.0 0.242016 14.0 0.247254 15.0 0.252145 16.0 0.256717 17.0 0.260990 18.0 0.264981 19.0 0.268706 20.0 0.272176 21.0 0.275400 22.0 0.278388 23.0 0.281147 24.0 0.283686 25.0 0.286014 26.0 0.288141 27.0 0.290079 28.0 0.291845 29.0 0.293457 30.0 0.294937
0.016306  0.0 0.116225 1.0 0.132388 2.0 0.146965 3.0 0.160142 4.0 0.172083 5.0 0.182936 6.0 0.192830 7.0 0.201876 8.0 0.210175 9.0 0.217813 10.0 0.224865 11.0 0.231396 12.0 0.237459 13.0 0.243101 14.0 0.248363 15.0 0.253276 16.0 0.257867 17.0 0.262156 18.0 0.266166 19.0 0.269907 20.0 0.273391 21.0 0.276629 22.0 0.279628 23.0 0.282401 24.0 0.284949 25.0 0.287287 26.0 0.289423 27.0 0.291370 28.0 0.293142 29.0 0.294760 30.0 0.296246
0.017507  0.0 0.116760 1.0 0.132995 2.0 0.147636 3.0 0.160872 4.0 0.172867 5.0 0.183767 6.0 0.193704 7.0 0.202791 8.0 0.211127 9.0 0.218798 10.0 0.225881 11.0 0.232440 12.0 0.238530 13.0 0.244196 14.0 0.249481 15.0 0.254415 16.0 0.259025 17.0 0.263335 18.0 0.267360 19.0 0.271117 20.0 0.274617 21.0 0.277868 22.0 0.280882 23.0 0.283664 24.0 0.286225 25.0 0.288571 26.0 0.290715 27.0 0.292670 28.0 0.294450 29.0 0.296076 30.0 0.297570
0.018798  0.0 0.117299 1.0 0.133607 2.0 0.148314 3.0 0.161608 4.0 0.173657 5.0 0.184607 6.0 0.194588 7.0 0.203714 8.0 0.212087 9.0 0.219793 10.0 0.226907 11.0 0.233493 12.0 0.239609 13.0 0.245302 14.0 0.250609 15.0 0.255564 16.0 0.260196 17.0 0.264524 18.0 0.268567 19.0 0.272339 20.0 0.275853 21.0 0.279120 22.0 0.282146 23.0 0.284939 24.0 0.287511 25.0 0.289868 26.0 0.292022 27.0 0.293985 28.0 0.295773 29.0 0.297405 30.0 0.298903
0.020183  0.0 0.117842 1.0 0.134224 2.0 0.148999 3.0 0.162353 4.0 0.174455 5.0 0.185454 6.0 0.195479 7.0 0.204647 8.0 0.213056 9.0 0.220796 10.0 0.227941 11.0 0.234557 12.0 0.240701 13.0 0.246418 14.0 0.251748 15.0 0.256725 16.0 0.261377 17.0 0.265722 18.0 0.269784 19.0 0.273573 20.0 0.277102 21.0 0.280382 22.0 0.283420 23.0 0.286227 24.0 0.288808 25.0 0.291176 26.0 0.293339 27.0 0.295310 28.0 0.297106 29.0 0.298744 30.0 0.300248
0.021671  0.0 0.118391 1.0 0.134848 2.0 0.149689 3.0 0.163104 4.0 0.175261 5.0 0.186308 6.0 0.196379 7.0 0.205587 8.0 0.214034 9.0 0.221807 10.0 0.228984 11.0 0.235631 12.0 0.241801 13.0 0.247543 14.0 0.252898 15.0 0.257897 16.0 0.262568 17.0 0.266933 18.0 0.271011 19.0 0.274817 20.0 0.278362 21.0 0.281655 22.0 0.284707 23.0 0.287526 24.0 0.290119 25.0 0.292495 26.0 0.294667 27.0 0.296647 28.0 0.298449 29.0 0.300095 30.0 0.301607
0.023268  0.0 0.118945 1.0 0.135477 2.0 0.150386 3.0 0.163862 4.0 0.176074 5.0 0.187171 6.0 0.197286 7.0 0.206535 8.0 0.215021 9.0 0.222830 10.0 0.230039 11.0 0.236714 12.0 0.242912 13.0 0.248679 14.0 0.254057 15.0 0.259078 16.0 0.263769 17.0 0.268155 18.0 0.272250 19.0 0.276072 20.0 0.279632 21.0 0.282941 22.0 0.286006 23.0 0.288835 24.0 0.291441 25.0 0.293828 26.0 0.296009 27.0 0.297996 28.0 0.299807 29.0 0.301460 30.0 0.302978
0.024983  0.0 0.119504 1.0 0.136113 2.0 0.151090 3.0 0.164626 4.0 0.176893 5.0 0.188042 6.0 0.198203 7.0 0.207494 8.0 0.216016 9.0 0.223861 10.0 0.231102 11.0 0.237807 12.0 0.244032 13.0 0.249826 14.0 0.255227 15.0 0.260270 16.0 0.264983 17.0 0.269387 18.0 0.273501 19.0 0.277340 20.0 0.280916 21.0 0.284238 22.0 0.287316 23.0 0.290159 24.0 0.292774 25.0 0.295172 26.0 0.297363 27.0 0.299359 28.0 0.301177 29.0 0.302836 30.0 0.304360
0.026825  0.0 0.120068 1.0 0.136754 2.0 0.151800 3.0 0.165399 4.0 0.177722 5.0 0.188920 6.0 0.199128 7.0 0.208461 8.0 0.217022 9.0 0.224901 10.0 0.232175 11.0 0.238911 12.0 0.245164 13.0 0.250983 14.0 0.256409 15.0 0.261475 16.0 0.266208 17.0 0.270630 18.0 0.274763 19.0 0.278619 20.0 0.282210 21.0 0.285547 22.0 0.288638 23.0 0.291494 24.0 0.294120 25.0 0.296528 26.0 0.298728 27.0 0.300733 28.0 0.302559 29.0 0.304224 30.0 0.305755
0.028802  0.0 0.120639 1.0 0.137401 2.0 0.152516 3.0 0.166178 4.0 0.178558 5.0 0.189807 6.0 0.200061 7.0 0.209437 8.0 0.218037 9.0 0.225951 10.0 0.233258 11.0 0.240024 12.0 0.246306 13.0 0.252150 14.0 0.257601 15.0 0.262689 16.0 0.267443 17.0 0.271887 18.0 0.276036 19.0 0.279909 20.0 0.283516 21.0 0.286867 22.0 0.289974 23.0 0.292841 24.0 0.295479 25.0 0.297897 26.0 0.300106 27.0 0.302119 28.0 0.303953 29.0 0.305627 30.0 0.307164
0.030925  0.0 0.121214 1.0 0.138055 2.0 0.153240 3.0 0.166964 4.0 0.179401 5.0 0.190703 6.0 0.201003 7.0 0.210421 8.0 0.219061 9.0 0.227012 10.0 0.234352 11.0 0.241148 12.0 0.247457 13.0 0.253330 14.0 0.258803 15.0 0.263914 16.0 0.268690 17.0 0.273154 18.0 0.277323 19.0 0.281212 20.0 0.284835 21.0 0.288202 22.0 0.291321 23.0 0.294200 24.0 0.296850 25.0 0.299279 26.0 0.301498 27.0 0.303520 28.0 0.305362 29.0 0.307042 30.0 0.308585
0.033204  0.0 0.121795 1.0 0.138714 2.0 0.153971 3.0 0.167759 4.0 0.180253 5.0 0.191607 6.0 0.201955 7.0 0.211416 8.0 0.220095 9.0 0.228083 10.0 0.235456 11.0 0.242283 12.0 0.248621 13.0 0.254520 14.0 0.260019 15.0 0.265153 16.0 0.269950 17.0 0.274432 18.0 0.278620 19.0 0.282527 20.0 0.286167 21.0 0.289548 22.0 0.292679 23.0 0.295573 24.0 0.298233 25.0 0.300673 26.0 0.302902 27.0 0.304933 28.0 0.306783 29.0 0.308470 30.0 0.310019
0.035651  0.0 0.122381 1.0 0.139380 2.0 0.154708 3.0 0.168561 4.0 0.181113 5.0 0.192519 6.0 0.202915 7.0 0.212420 8.0 0.221139 9.0 0.229162 10.0 0.236569 11.0 0.243429 12.0 0.249796 13.0 0.255720 14.0 0.261245 15.0 0.266402 16.0 0.271221 17.0 0.275723 18.0 0.279930 19.0 0.283855 20.0 0.287510 21.0 0.290906 22.0 0.294052 23.0 0.296958 24.0 0.299631 25.0 0.302080 26.0 0.304319 27.0 0.306358 28.0 0.308216 29.0 0.309911 30.0 0.311468
0.038279  0.0 0.122973 1.0 0.140053 2.0 0.155452 3.0 0.169370 4.0 0.181981 5.0 0.193440 6.0 0.203883 7.0 0.213433 8.0 0.222193 9.0 0.230253 10.0 0.237694 11.0 0.244584 12.0 0.250981 13.0 0.256933 14.0 0.262482 15.0 0.267663 16.0 0.272502 17.0 0.277027 18.0 0.281252 19.0 0.285193 20.0 0.288865 21.0 0.292277 22.0 0.295438 23.0 0.298355 24.0 0.301041 25.0 0.303502 26.0 0.305749 27.0 0.307798 28.0 0.309664 29.0 0.311367 30.0 0.312930
0.041100  0.0 0.123571 1.0 0.140732 2.0 0.156204 3.0 0.170187 4.0 0.182857 5.0 0.194370 6.0 0.204863 7.0 0.214456 8.0 0.223256 9.0 0.231355 10.0 0.238830 11.0 0.245751 12.0 0.252177 13.0 0.258157 14.0 0.263731 15.0 0.268935 16.0 0.273799 17.0 0.278343 18.0 0.282587 19.0 0.286547 20.0 0.290235 21.0 0.293662 22.0 0.296836 23.0 0.299767 24.0 0.302464 25.0 0.304936 26.0 0.307194 27.0 0.309252 28.0 0.311126 29.0 0.312835 30.0 0.314405
0.044130  0.0 0.124174 1.0 0.141417 2.0 0.156964 3.0 0.171013 4.0 0.183742 5.0 0.195309 6.0 0.205851 7.0 0.215490 8.0 0.224330 9.0 0.232466 10.0 0.239977 11.0 0.246930 12.0 0.253386 13.0 0.259393 14.0 0.264993 15.0 0.270221 16.0 0.275106 17.0 0.279670 18.0 0.283935 19.0 0.287913 20.0 0.291617 21.0 0.295059 22.0 0.298247 23.0 0.301193 24.0 0.303900 25.0 0.306383 26.0 0.308652 27.0 0.310719 28.0 0.312600 29.0 0.314317 30.0 0.315894
0.047382  0.0 0.124784 1.0 0.142109 2.0 0.157730 3.0 0.171846 4.0 0.184636 5.0 0.196257 6.0 0.206849 7.0 0.216533 8.0 0.225415 9.0 0.233588 10.0 0.241133 11.0 0.248120 12.0 0.254606 13.0 0.260640 14.0 0.266267 15.0 0.271519 16.0 0.276426 17.0 0.281012 18.0 0.285294 19.0 0.289291 20.0 0.293012 21.0 0.296469 22.0 0.299673 23.0 0.302631 24.0 0.305352 25.0 0.307845 26.0 0.310122 27.0 0.312198 28.0 0.314088 29.0 0.315814 30.0 0.317398
0.050874  0.0 0.125400 1.0 0.142808 2.0 0.158503 3.0 0.172687 4.0 0.185538 5.0 0.197214 6.0 0.207855 7.0 0.217585 8.0 0.226510 9.0 0.234721 10.0 0.242302 11.0 0.249321 12.0 0.255837 13.0 0.261900 14.0 0.267552 15.0 0.272829 16.0 0.277758 17.0 0.282366 18.0 0.286668 19.0 0.290681 20.0 0.294420 21.0 0.297894 22.0 0.301112 23.0 0.304082 24.0 0.306816 25.0 0.309321 26.0 0.311609 27.0 0.313694 28.0 0.315593 29.0 0.317326 30.0 0.318916
0.054624  0.0 0.126022 1.0 0.143515 2.0 0.159285 3.0 0.173536 4.0 0.186449 5.0 0.198181 6.0 0.208873 7.0 0.218649 8.0 0.227615 9.0 0.235866 10.0 0.243483 11.0 0.250533 12.0 0.257080 13.0 0.263172 14.0 0.268850 15.0 0.274151 16.0 0.279104 17.0 0.283732 18.0 0.288055 19.0 0.292088 20.0 0.295843 21.0 0.299333 22.0 0.302565 23.0 0.305549 24.0 0.308294 25.0 0.310811 26.0 0.313110 27.0 0.315204 28.0 0.317111 29.0 0.318851 30.0 0.320448
0.058650  0.0 0.126649 1.0 0.144228 2.0 0.160075 3.0 0.174395 4.0 0.187369 5.0 0.199158 6.0 0.209901 7.0 0.219723 8.0 0.228731 9.0 0.237022 10.0 0.244674 11.0 0.251759 12.0 0.258336 13.0 0.264456 14.0 0.270162 15.0 0.275487 16.0 0.280463 17.0 0.285112 18.0 0.289455 19.0 0.293507 20.0 0.297280 21.0 0.300785 22.0 0.304031 23.0 0.307030 24.0 0.309787 25.0 0.312315 26.0 0.314624 27.0 0.316728 28.0 0.318643 29.0 0.320390 30.0 0.321995
0.062973  0.0 0.127283 1.0 0.144947 2.0 0.160872 3.0 0.175262 4.0 0.188298 5.0 0.200143 6.0 0.210938 7.0 0.220807 8.0 0.229859 9.0 0.238188 10.0 0.245877 11.0 0.252996 12.0 0.259604 13.0 0.265752 14.0 0.271485 15.0 0.276836 16.0 0.281835 17.0 0.286506 18.0 0.290868 19.0 0.294939 20.0 0.298729 21.0 0.302250 22.0 0.305513 23.0 0.308524 24.0 0.311295 25.0 0.313833 26.0 0.316152 27.0 0.318266 28.0 0.320189 29.0 0.321946 30.0 0.323558
0.067614  0.0 0.127924 1.0 0.145675 2.0 0.161677 3.0 0.176137 4.0 0.189237 5.0 0.201138 6.0 0.211985 7.0 0.221902 8.0 0.230998 9.0 0.239367 10.0 0.247092 11.0 0.254245 12.0 0.260885 13.0 0.267062 14.0 0.272822 15.0 0.278198 16.0 0.283220 17.0 0.287914 18.0 0.292296 19.0 0.296385 20.0 0.300192 21.0 0.303731 22.0 0.307009 23.0 0.310033 24.0 0.312817 25.0 0.315368 26.0 0.317697 27.0 0.319820 28.0 0.321753 29.0 0.323517 30.0 0.325136
0.072598  0.0 0.128571 1.0 0.146410 2.0 0.162490 3.0 0.177020 4.0 0.190185 5.0 0.202145 6.0 0.213044 7.0 0.223008 8.0 0.232147 9.0 0.240557 10.0 0.248320 11.0 0.255506 12.0 0.262177 13.0 0.268385 14.0 0.274171 15.0 0.279573 16.0 0.284620 17.0 0.289335 18.0 0.293739 19.0 0.297847 20.0 0.301672 21.0 0.305227 22.0 0.308519 23.0 0.311558 24.0 0.314354 25.0 0.316917 26.0 0.319257 27.0 0.321390 28.0 0.323331 29.0 0.325103 30.0 0.326728
0.077949  0.0 0.129225 1.0 0.147152 2.0 0.163312 3.0 0.177913 4.0 0.191141 5.0 0.203161 6.0 0.214113 7.0 0.224126 8.0 0.233308 9.0 0.241760 10.0 0.249559 11.0 0.256780 12.0 0.263484 13.0 0.269721 14.0 0.275535 15.0 0.280963 16.0 0.286033 17.0 0.290770 18.0 0.295195 19.0 0.299323 20.0 0.303166 21.0 0.306737 22.0 0.310043 23.0 0.313098 24.0 0.315906 25.0 0.318480 26.0 0.320832 27.0 0.322974 28.0 0.324925 29.0 0.326703 30.0 0.328337
0.083694  0.0 0.129884 1.0 0.147901 2.0 0.164142 3.0 0.178816 4.0 0.192109 5.0 0.204186 6.0 0.215193 7.0 0.225254 8.0 0.234482 9.0 0.242973 10.0 0.250811 11.0 0.258068 12.0 0.264803 13.0 0.271070 14.0 0.276913 15.0 0.282366 16.0 0.287460 17.0 0.292220 18.0 0.296665 19.0 0.300813 20.0 0.304674 21.0 0.308261 22.0 0.311584 23.0 0.314652 24.0 0.317474 25.0 0.320059 26.0 0.322421 27.0 0.324574 28.0 0.326533 29.0 0.328320 30.0 0.329962
0.089863  0.0 0.130551 1.0 0.148658 2.0 0.164980 3.0 0.179727 4.0 0.193086 5.0 0.205222 6.0 0.216283 7.0 0.226394 8.0 0.235667 9.0 0.244199 10.0 0.252075 11.0 0.259367 12.0 0.266136 13.0 0.272432 14.0 0.278303 15.0 0.283783 16.0 0.288901 17.0 0.293685 18.0 0.298150 19.0 0.302317 20.0 0.306197 21.0 0.309801 22.0 0.313141 23.0 0.316222 24.0 0.319058 25.0 0.321656 26.0 0.324028 27.0 0.326190 28.0 0.328159 29.0 0.329955 30.0 0.331603
0.096486  0.0 0.131226 1.0 0.149424 2.0 0.165826 3.0 0.180647 4.0 0.194073 5.0 0.206270 6.0 0.217384 7.0 0.227544 8.0 0.236864 9.0 0.245438 10.0 0.253353 11.0 0.260680 12.0 0.267481 13.0 0.273809 14.0 0.279707 15.0 0.285213 16.0 0.290357 17.0 0.295164 18.0 0.299651 19.0 0.303837 20.0 0.307736 21.0 0.311358 22.0 0.314712 23.0 0.317808 24.0 0.320657 25.0 0.323267 26.0 0.325651 27.0 0.327823 28.0 0.329801 29.0 0.331604 30.0 0.333260
0.103598  0.0 0.131907 1.0 0.150197 2.0 0.166683 3.0 0.181577 4.0 0.195070 5.0 0.207328 6.0 0.218497 7.0 0.228708 8.0 0.238073 9.0 0.246690 10.0 0.254644 11.0 0.262006 12.0 0.268840 13.0 0.275200 14.0 0.281127 15.0 0.286660 16.0 0.291829 17.0 0.296657 18.0 0.301167 19.0 0.305373 20.0 0.309290 21.0 0.312929 22.0 0.316298 23.0 0.319411 24.0 0.322271 25.0 0.324894 26.0 0.327290 27.0 0.329472 28.0 0.331459 29.0 0.333270 30.0 0.334932
0.111233  0.0 0.132595 1.0 0.150978 2.0 0.167547 3.0 0.182517 4.0 0.196077 5.0 0.208396 6.0 0.219622 7.0 0.229884 8.0 0.239294 9.0 0.247954 10.0 0.255947 11.0 0.263346 12.0 0.270214 13.0 0.276605 14.0 0.282561 15.0 0.288121 16.0 0.293314 17.0 0.298165 18.0 0.302698 19.0 0.306925 20.0 0.310860 21.0 0.314516 22.0 0.317902 23.0 0.321029 24.0 0.323904 25.0 0.326537 26.0 0.328945 27.0 0.331137 28.0 0.333133 29.0 0.334952 30.0 0.336624
0.119432  0.0 0.133289 1.0 0.151767 2.0 0.168421 3.0 0.183466 4.0 0.197095 5.0 0.209476 6.0 0.220758 7.0 0.231071 8.0 0.240529 9.0 0.249231 10.0 0.257263 11.0 0.264700 12.0 0.271602 13.0 0.278023 14.0 0.284009 15.0 0.289596 16.0 0.294815 17.0 0.299691 18.0 0.304243 19.0 0.308491 20.0 0.312446 21.0 0.316118 22.0 0.319522 23.0 0.322663 24.0 0.325552 25.0 0.328199 26.0 0.330616 27.0 0.332818 28.0 0.334824 29.0 0.336654 30.0 0.338333
0.128235  0.0 0.133992 1.0 0.152564 2.0 0.169303 3.0 0.184426 4.0 0.198124 5.0 0.210566 6.0 0.221905 7.0 0.232270 8.0 0.241776 9.0 0.250521 10.0 0.258594 11.0 0.266067 12.0 0.273004 13.0 0.279457 14.0 0.285472 15.0 0.291087 16.0 0.296330 17.0 0.301231 18.0 0.305806 19.0 0.310073 20.0 0.314047 21.0 0.317739 22.0 0.321159 23.0 0.324313 24.0 0.327217 25.0 0.329877 26.0 0.332306 27.0 0.334519 28.0 0.336534 29.0 0.338372 30.0 0.340058
0.137686  0.0 0.134702 1.0 0.153370 2.0 0.170195 3.0 0.185395 4.0 0.199163 5.0 0.211669 6.0 0.223064 7.0 0.233482 8.0 0.243036 9.0 0.251826 10.0 0.259939 11.0 0.267449 12.0 0.274420 13.0 0.280906 14.0 0.286950 15.0 0.292592 16.0 0.297863 17.0 0.302787 18.0 0.307385 19.0 0.311674 20.0 0.315667 21.0 0.319377 22.0 0.322812 23.0 0.325983 24.0 0.328899 25.0 0.331572 26.0 0.334013 27.0 0.336237 28.0 0.338261 29.0 0.340107 30.0 0.341800
0.147834  0.0 0.135420 1.0 0.154185 2.0 0.171097 3.0 0.186374 4.0 0.200212 5.0 0.212783 6.0 0.224237 7.0 0.234707 8.0 0.244308 9.0 0.253144 10.0 0.261298 11.0 0.268845 12.0 0.275851 13.0 0.282370 14.0 0.288444 15.0 0.294115 16.0 0.299412 17.0 0.304359 18.0 0.308980 19.0 0.313290 20.0 0.317303 21.0 0.321030 22.0 0.324481 23.0 0.327669 24.0 0.330598 25.0 0.333284 26.0 0.335737 27.0 0.337971 28.0 0.340005 29.0 0.341859 30.0 0.343561
0.158730  0.0 0.136145 1.0 0.155009 2.0 0.172008 3.0 0.187364 4.0 0.201273 5.0 0.213909 6.0 0.225422 7.0 0.235945 8.0 0.245595 9.0 0.254475 10.0 0.262670 11.0 0.270256 12.0 0.277298 13.0 0.283848 14.0 0.289954 15.0 0.295653 16.0 0.300976 17.0 0.305947 18.0 0.310592 19.0 0.314923 20.0 0.318955 21.0 0.322700 22.0 0.326169 23.0 0.329372 24.0 0.332316 25.0 0.335014 26.0 0.337479 27.0 0.339724 28.0 0.341767 29.0 0.343630 30.0 0.345341
0.170430  0.0 0.136878 1.0 0.155841 2.0 0.172929 3.0 0.188365 4.0 0.202346 5.0 0.215046 6.0 0.226618 7.0 0.237196 8.0 0.246896 9.0 0.255820 10.0 0.264057 11.0 0.271682 12.0 0.278759 13.0 0.285342 14.0 0.291480 15.0 0.297207 16.0 0.302556 17.0 0.307554 18.0 0.312219 19.0 0.316573 20.0 0.320625 21.0 0.324388 22.0 0.327875 23.0 0.331092 24.0 0.334052 25.0 0.336763 26.0 0.339238 27.0 0.341494 28.0 0.343547 29.0 0.345420 30.0 0.347139
0.182991  0.0 0.137618 1.0 0.156681 2.0 0.173859 3.0 0.189376 4.0 0.203430 5.0 0.216196 6.0 0.227828 7.0 0.238460 8.0 0.248210 9.0 0.257179 10.0 0.265458 11.0 0.273123 12.0 0.280236 13.0 0.286852 14.0 0.293021 15.0 0.298777 16.0 0.304152 17.0 0.309176 18.0 0.313865 19.0 0.318239 20.0 0.322311 21.0 0.326095 22.0 0.329599 23.0 0.332830 24.0 0.335806 25.0 0.338530 26.0 0.341018 27.0 0.343284 28.0 0.345348 29.0 0.347229 30.0 0.348955
0.196479  0.0 0.138367 1.0 0.157531 2.0 0.174800 3.0 0.190399 4.0 0.204526 5.0 0.217358 6.0 0.229050 7.0 0.239737 8.0 0.249538 9.0 0.258554 10.0 0.266876 11.0 0.274579 12.0 0.281728 13.0 0.288379 14.0 0.294578 15.0 0.300363 16.0 0.305767 17.0 0.310816 18.0 0.315529 19.0 0.319924 20.0 0.324017 21.0 0.327819 22.0 0.331340 23.0 0.334589 24.0 0.337577 25.0 0.340316 26.0 0.342816 27.0 0.345093 28.0 0.347167 29.0 0.349057 30.0 0.350790
0.210960  0.0 0.139125 1.0 0.158391 2.0 0.175750 3.0 0.191432 4.0 0.205634 5.0 0.218533 6.0 0.230286 7.0 0.241028 8.0 0.250880 9.0 0.259944 10.0 0.268309 11.0 0.276050 12.0 0.283236 13.0 0.289923 14.0 0.296152 15.0 0.301967 16.0 0.307399 17.0 0.312472 18.0 0.317210 19.0 0.321628 20.0 0.325741 21.0 0.329562 22.0 0.333099 23.0 0.336365 24.0 0.339367 25.0 0.342120 26.0 0.344632 27.0 0.346921 28.0 0.349004 29.0 0.350903 30.0 0.352645
0.226509  0.0 0.139891 1.0 0.159260 2.0 0.176712 3.0 0.192476 4.0 0.206753 5.0 0.219721 6.0 0.231535 7.0 0.242334 8.0 0.252236 9.0 0.261348 10.0 0.269756 11.0 0.277538 12.0 0.284762 13.0 0.291482 14.0 0.297744 15.0 0.303589 16.0 0.309048 17.0 0.314146 18.0 0.318909 19.0 0.323349 20.0 0.327483 21.0 0.331323 22.0 0.334877 23.0 0.338161 24.0 0.341178 25.0 0.343942 26.0 0.346468 27.0 0.348768 28.0 0.350861 29.0 0.352769 30.0 0.354521
0.243204  0.0 0.140665 1.0 0.160138 2.0 0.177684 3.0 0.193532 4.0 0.207884 5.0 0.220921 6.0 0.232798 7.0 0.243654 8.0 0.253608 9.0 0.262767 10.0 0.271219 11.0 0.279043 12.0 0.286304 13.0 0.293058 14.0 0.299353 15.0 0.305228 16.0 0.310715 17.0 0.315840 18.0 0.320626 19.0 0.325089 20.0 0.329244 21.0 0.333102 22.0 0.336676 23.0 0.339975 24.0 0.343008 25.0 0.345785 26.0 0.348323 27.0 0.350634 28.0 0.352737 29.0 0.354656 30.0 0.356416
0.261129  0.0 0.141447 1.0 0.161026 2.0 0.178667 3.0 0.194600 4.0 0.209029 5.0 0.222135 6.0 0.234075 7.0 0.244988 8.0 0.254996 9.0 0.264202 10.0 0.272698 11.0 0.280563 12.0 0.287862 13.0 0.294651 14.0 0.300979 15.0 0.306885 16.0 0.312399 17.0 0.317552 18.0 0.322361 19.0 0.326847 20.0 0.331023 21.0 0.334901 22.0 0.338494 23.0 0.341808 24.0 0.344857 25.0 0.347649 26.0 0.350199 27.0 0.352521 28.0 0.354635 29.0 0.356563 30.0 0.358332
0.280376  0.0 0.142238 1.0 0.161924 2.0 0.179661 3.0 0.195680 4.0 0.210186 5.0 0.223362 6.0 0.235366 7.0 0.246337 8.0 0.256398 9.0 0.265652 10.0 0.274193 11.0 0.282100 12.0 0.289437 13.0 0.296261 14.0 0.302623 15.0 0.308559 16.0 0.314102 17.0 0.319282 18.0 0.324116 19.0 0.328624 20.0 0.332821 21.0 0.336720 22.0 0.340331 23.0 0.343661 24.0 0.346726 25.0 0.349533 26.0 0.352095 27.0 0.354430 28.0 0.356554 29.0 0.358491 30.0 0.360267
0.301041  0.0 0.143038 1.0 0.162832 2.0 0.180665 3.0 0.196771 4.0 0.211356 5.0 0.224602 6.0 0.236670 7.0 0.247700 8.0 0.257815 9.0 0.267119 10.0 0.275705 11.0 0.283653 12.0 0.291029 13.0 0.297890 14.0 0.304284 15.0 0.310251 16.0 0.315824 17.0 0.321031 18.0 0.325890 19.0 0.330422 20.0 0.334641 21.0 0.338560 22.0 0.342188 23.0 0.345536 24.0 0.348615 25.0 0.351437 26.0 0.354012 27.0 0.356358 28.0 0.358493 29.0 0.360439 30.0 0.362224
0.323229  0.0 0.143847 1.0 0.163750 2.0 0.181681 3.0 0.197875 4.0 0.212539 5.0 0.225857 6.0 0.237989 7.0 0.249079 8.0 0.259248 9.0 0.268602 10.0 0.277235 11.0 0.285224 12.0 0.292639 13.0 0.299537 14.0 0.305964 15.0 0.311963 16.0 0.317566 17.0 0.322798 18.0 0.327684 19.0 0.332239 20.0 0.336480 21.0 0.340419 22.0 0.344065 23.0 0.347431 24.0 0.350524 25.0 0.353361 26.0 0.355950 27.0 0.358308 28.0 0.360453 29.0 0.362409 30.0 0.364202
0.347053  0.0 0.144666 1.0 0.164679 2.0 0.182708 3.0 0.198991 4.0 0.213735 5.0 0.227126 6.0 0.239324 7.0 0.250473 8.0 0.260697 9.0 0.270102 10.0 0.278780 11.0 0.286812 12.0 0.294267 13.0 0.301202 14.0 0.307664 15.0 0.313694 16.0 0.319326 17.0 0.324585 18.0 0.329497 19.0 0.334076 20.0 0.338339 21.0 0.342298 22.0 0.345962 23.0 0.349347 24.0 0.352456 25.0 0.355306 26.0 0.357909 27.0 0.360278 28.0 0.362434 29.0 0.364399 30.0 0.366203
0.372633  0.0 0.145494 1.0 0.165618 2.0 0.183747 3.0 0.200119 4.0 0.214945 5.0 0.228409 6.0 0.240674 7.0 0.251884 8.0 0.262161 9.0 0.271618 10.0 0.280344 11.0 0.288419 12.0 0.295914 13.0 0.302886 14.0 0.309382 15.0 0.315444 16.0 0.321106 17.0 0.326392 18.0 0.331330 19.0 0.335934 20.0 0.340219 21.0 0.344198 22.0 0.347882 23.0 0.351283 24.0 0.354410 25.0 0.357273 26.0 0.359889 27.0 0.362270 28.0 0.364437 29.0 0.366413 30.0 0.368226
0.400098  0.0 0.146331 1.0 0.166569 2.0 0.184799 3.0 0.201261 4.0 0.216168 5.0 0.229707 6.0 0.242039 7.0 0.253310 8.0 0.263644 9.0 0.273151 10.0 0.281924 11.0 0.290044 12.0 0.297579 13.0 0.304588 14.0 0.311120 15.0 0.317214 16.0 0.322906 17.0 0.328221 18.0 0.333184 19.0 0.337812 20.0 0.342119 21.0 0.346119 22.0 0.349824 23.0 0.353242 24.0 0.356385 25.0 0.359263 26.0 0.361891 27.0 0.364284 28.0 0.366463 29.0 0.368450 30.0 0.370271
0.429587  0.0 0.147179 1.0 0.167530 2.0 0.185862 3.0 0.202416 4.0 0.217405 5.0 0.231019 6.0 0.243419 7.0 0.254752 8.0 0.265143 9.0 0.274702 10.0 0.283522 11.0 0.291687 12.0 0.299263 13.0 0.306309 14.0 0.312876 15.0 0.319004 16.0 0.324725 17.0 0.330070 18.0 0.335058 19.0 0.339711 20.0 0.344041 21.0 0.348062 22.0 0.351787 23.0 0.355221 24.0 0.358382 25.0 0.361275 26.0 0.363917 27.0 0.366323 28.0 0.368513 29.0 0.370509 30.0 0.372339
0.461250  0.0 0.148035 1.0 0.168502 2.0 0.186938 3.0 0.203584 4.0 0.218657 5.0 0.232346 6.0 0.244816 7.0 0.256211 8.0 0.266659 9.0 0.276270 10.0 0.285138 11.0 0.293348 12.0 0.300966 13.0 0.308049 14.0 0.314653 15.0 0.320814 16.0 0.326565 17.0 0.331940 18.0 0.336954 19.0 0.341631 20.0 0.345984 21.0 0.350028 22.0 0.353771 23.0 0.357224 24.0 0.360401 25.0 0.363310 26.0 0.365965 27.0 0.368384 28.0 0.370585 29.0 0.372591 30.0 0.374430
0.495246  0.0 0.148902 1.0 0.169485 2.0 0.188025 3.0 0.204766 4.0 0.219924 5.0 0.233689 6.0 0.246228 7.0 0.257686 8.0 0.268193 9.0 0.277856 10.0 0.286774 11.0 0.295029 12.0 0.302688 13.0 0.309811 14.0 0.316450 15.0 0.322644 16.0 0.328427 17.0 0.333831 18.0 0.338873 19.0 0.343574 20.0 0.347951 21.0 0.352016 22.0 0.355778 23.0 0.359250 24.0 0.362443 25.0 0.365367 26.0 0.368037 27.0 0.370468 28.0 0.372680 29.0 0.374696 30.0 0.376544
0.531749  0.0 0.149779 1.0 0.170480 2.0 0.189126 3.0 0.205962 4.0 0.221205 5.0 0.235047 6.0 0.247656 7.0 0.259179 8.0 0.269744 9.0 0.279461 10.0 0.288429 11.0 0.296728 12.0 0.304430 13.0 0.311593 14.0 0.318267 15.0 0.324495 16.0 0.330311 17.0 0.335743 18.0 0.340813 19.0 0.345540 20.0 0.349940 21.0 0.354026 22.0 0.357808 23.0 0.361299 24.0 0.364507 25.0 0.367448 26.0 0.370132 27.0 0.372576 28.0 0.374799 29.0 0.376825 30.0 0.378682
0.570941  0.0 0.150666 1.0 0.171487 2.0 0.190240 3.0 0.207171 4.0 0.222501 5.0 0.236421 6.0 0.249101 7.0 0.260689 8.0 0.271313 9.0 0.281085 10.0 0.290103 11.0 0.298448 12.0 0.306192 13.0 0.313395 14.0 0.320106 15.0 0.326368 16.0 0.332216 17.0 0.337677 18.0 0.342775 19.0 0.347528 20.0 0.351952 21.0 0.356060 22.0 0.359861 23.0 0.363372 24.0 0.366596 25.0 0.369553 26.0 0.372251 27.0 0.374708 28.0 0.376942 29.0 0.378979 30.0 0.380846
0.613023  0.0 0.151564 1.0 0.172506 2.0 0.191366 3.0 0.208395 4.0 0.223813 5.0 0.237811 6.0 0.250563 7.0 0.262216 8.0 0.272900 9.0 0.282728 10.0 0.291796 11.0 0.300187 12.0 0.307974 13.0 0.315218 14.0 0.321966 15.0 0.328263 16.0 0.334144 17.0 0.339634 18.0 0.344760 19.0 0.349539 20.0 0.353987 21.0 0.358116 22.0 0.361938 23.0 0.365468 24.0 0.368710 25.0 0.371681 26.0 0.374394 27.0 0.376864 28.0 0.379110 29.0 0.381157 30.0 0.383035
0.658206  0.0 0.152473 1.0 0.173536 2.0 0.192506 3.0 0.209634 4.0 0.225139 5.0 0.239219 6.0 0.252043 7.0 0.263762 8.0 0.274506 9.0 0.284390 10.0 0.293509 11.0 0.301947 12.0 0.309779 13.0 0.317063 14.0 0.323849 15.0 0.330180 16.0 0.336093 17.0 0.341613 18.0 0.346768 19.0 0.351573 20.0 0.356045 21.0 0.360197 22.0 0.364040 23.0 0.367589 24.0 0.370849 25.0 0.373834 26.0 0.376562 27.0 0.379045 28.0 0.381303 29.0 0.383361 30.0 0.385249
0.706719  0.0 0.153393 1.0 0.174579 2.0 0.193660 3.0 0.210887 4.0 0.226482 5.0 0.240642 6.0 0.253540 7.0 0.265326 8.0 0.276131 9.0 0.286072 10.0 0.295242 11.0 0.303729 12.0 0.311604 13.0 0.318929 14.0 0.325753 15.0 0.332120 16.0 0.338066 17.0 0.343616 18.0 0.348799 19.0 0.353631 20.0 0.358128 21.0 0.362302 22.0 0.366167 23.0 0.369734 24.0 0.373012 25.0 0.376014 26.0 0.378755 27.0 0.381251 28.0 0.383521 29.0 0.385592 30.0 0.387489
0.758808  0.0 0.154324 1.0 0.175636 2.0 0.194827 3.0 0.212155 4.0 0.227841 5.0 0.242083 6.0 0.255055 7.0 0.266909 8.0 0.277776 9.0 0.287773 10.0 0.296996 11.0 0.305531 12.0 0.313451 13.0 0.320817 14.0 0.327680 15.0 0.334083 16.0 0.340061 17.0 0.345643 18.0 0.350854 19.0 0.355713 20.0 0.360234 21.0 0.364431 22.0 0.368319 23.0 0.371904 24.0 0.375201 25.0 0.378219 26.0 0.380975 27.0 0.383484 28.0 0.385767 29.0 0.387848 30.0 0.389755
0.814736  0.0 0.155266 1.0 0.176704 2.0 0.196009 3.0 0.213438 4.0 0.229216 5.0 0.243541 6.0 0.256589 7.0 0.268511 8.0 0.279441 9.0 0.289495 10.0 0.298771 11.0 0.307355 12.0 0.315320 13.0 0.322727 14.0 0.329630 15.0 0.336069 16.0 0.342081 17.0 0.347695 18.0 0.352934 19.0 0.357820 20.0 0.362366 21.0 0.366586 22.0 0.370496 23.0 0.374100 24.0 0.377415 25.0 0.380451 26.0 0.383221 27.0 0.385744 28.0 0.388039 29.0 0.390131 30.0 0.392048
0.874786  0.0 0.156220 1.0 0.177786 2.0 0.197206 3.0 0.214737 4.0 0.230607 5.0 0.245017 6.0 0.258141 7.0 0.270132 8.0 0.281125 9.0 0.291237 10.0 0.300566 11.0 0.309201 12.0 0.317211 13.0 0.324661 14.0 0.331603 15.0 0.338078 16.0 0.344124 17.0 0.349770 18.0 0.355038 19.0 0.359952 20.0 0.364523 21.0 0.368768 22.0 0.372698 23.0 0.376322 24.0 0.379656 25.0 0.382708 26.0 0.385494 27.0 0.388030 28.0 0.390338 29.0 0.392441 30.0 0.394367
0.939262  0.0 0.157186 1.0 0.178882 2.0 0.198417 3.0 0.216052 4.0 0.232016 5.0 0.246511 6.0 0.259711 7.0 0.271773 8.0 0.282831 9.0 0.293001 10.0 0.302384 11.0 0.311069 12.0 0.319126 13.0 0.326617 14.0 0.333599 15.0 0.340112 16.0 0.346192 17.0 0.351871 18.0 0.357169 19.0 0.362109 20.0 0.366706 21.0 0.370976 22.0 0.374928 23.0 0.378571 24.0 0.381924 25.0 0.384993 26.0 0.387794 27.0 0.390344 28.0 0.392664 29.0 0.394778 30.0 0.396715
1.008491  0.0 0.158164 1.0 0.179990 2.0 0.199643 3.0 0.217383 4.0 0.233442 5.0 0.248023 6.0 0.261301 7.0 0.273434 8.0 0.284556 9.0 0.294786 10.0 0.304224 11.0 0.312959 12.0 0.321063 13.0 0.328598 14.0 0.335620 15.0 0.342171 16.0 0.348285 17.0 0.353997 18.0 0.359325 19.0 0.364293 20.0 0.368916 21.0 0.373210 22.0 0.377184 23.0 0.380848 24.0 0.384218 25.0 0.387305 26.0 0.390121 27.0 0.392686 28.0 0.395018 29.0 0.397143 30.0 0.399090
1.082822  0.0 0.159154 1.0 0.181113 2.0 0.200885 3.0 0.218731 4.0 0.234886 5.0 0.249553 6.0 0.262911 7.0 0.275115 8.0 0.286304 9.0 0.296593 10.0 0.306086 11.0 0.314873 12.0 0.323024 13.0 0.330603 14.0 0.337666 15.0 0.344254 16.0 0.350404 17.0 0.356149 18.0 0.361508 19.0 0.366504 20.0 0.371154 21.0 0.375471 22.0 0.379467 23.0 0.383153 24.0 0.386541 25.0 0.389645 26.0 0.392477 27.0 0.395056 28.0 0.397401 29.0 0.399537 30.0 0.401494
1.162632  0.0 0.160156 1.0 0.182250 2.0 0.202141 3.0 0.220096 4.0 0.236348 5.0 0.251103 6.0 0.264540 7.0 0.276817 8.0 0.288072 9.0 0.298422 10.0 0.307972 11.0 0.316810 12.0 0.325009 13.0 0.332633 14.0 0.339737 15.0 0.346363 16.0 0.352549 17.0 0.358327 18.0 0.363717 19.0 0.368742 20.0 0.373418 21.0 0.377760 22.0 0.381778 23.0 0.385485 24.0 0.388892 25.0 0.392013 26.0 0.394862 27.0 0.397454 28.0 0.399813 29.0 0.401961 30.0 0.403928
1.248324  0.0 0.161171 1.0 0.183401 2.0 0.203414 3.0 0.221478 4.0 0.237828 5.0 0.252672 6.0 0.266190 7.0 0.278541 8.0 0.289863 9.0 0.300274 10.0 0.309881 11.0 0.318771 12.0 0.327019 13.0 0.334688 14.0 0.341833 15.0 0.348498 16.0 0.354721 17.0 0.360532 18.0 0.365954 19.0 0.371007 20.0 0.375711 21.0 0.380077 22.0 0.384118 23.0 0.387846 24.0 0.391272 25.0 0.394411 26.0 0.397275 27.0 0.399883 28.0 0.402254 29.0 0.404413 30.0 0.406392
1.340332  0.0 0.162199 1.0 0.184566 2.0 0.204703 3.0 0.222877 4.0 0.239327 5.0 0.254260 6.0 0.267860 7.0 0.280286 8.0 0.291676 9.0 0.302150 10.0 0.311814 11.0 0.320757 12.0 0.329054 13.0 0.336768 14.0 0.343955 15.0 0.350660 16.0 0.356920 17.0 0.362764 18.0 0.368218 19.0 0.373301 20.0 0.378031 21.0 0.382423 22.0 0.386486 23.0 0.390236 24.0 0.393681 25.0 0.396838 26.0 0.399719 27.0 0.402341 28.0 0.404725 29.0 0.406897 30.0 0.408887
1.439121  0.0 0.163240 1.0 0.185747 2.0 0.206008 3.0 0.224294 4.0 0.240844 5.0 0.255869 6.0 0.269552 7.0 0.282053 8.0 0.293512 9.0 0.304049 10.0 0.313771 11.0 0.322768 12.0 0.331114 13.0 0.338875 14.0 0.346105 15.0 0.352849 16.0 0.359146 17.0 0.365025 18.0 0.370510 19.0 0.375623 20.0 0.380381 21.0 0.384798 22.0 0.388885 23.0 0.392657 24.0 0.396121 25.0 0.399296 26.0 0.402193 27.0 0.404830 28.0 0.407227 29.0 0.409411 30.0 0.411412
1.545192  0.0 0.164295 1.0 0.186942 2.0 0.207330 3.0 0.225729 4.0 0.242382 5.0 0.257499 6.0 0.271265 7.0 0.283842 8.0 0.295371 9.0 0.305972 10.0 0.315753 11.0 0.324804 12.0 0.333200 13.0 0.341008 14.0 0.348281 15.0 0.355065 16.0 0.361400 17.0 0.367313 18.0 0.372832 19.0 0.377975 20.0 0.382760 21.0 0.387203 22.0 0.391313 23.0 0.395107 24.0 0.398591 25.0 0.401784 26.0 0.404698 27.0 0.407349 28.0 0.409761 29.0 0.411956 30.0 0.413969
1.659081  0.0 0.165363 1.0 0.188153 2.0 0.208668 3.0 0.227183 4.0 0.243939 5.0 0.259149 6.0 0.273000 7.0 0.285654 8.0 0.297254 9.0 0.307920 10.0 0.317761 11.0 0.326866 12.0 0.335313 13.0 0.343169 14.0 0.350485 15.0 0.357310 16.0 0.363683 17.0 0.369631 18.0 0.375182 19.0 0.380356 20.0 0.385170 21.0 0.389638 22.0 0.393772 23.0 0.397588 24.0 0.401093 25.0 0.404304 26.0 0.407234 27.0 0.409901 28.0 0.412326 29.0 0.414534 30.0 0.416559
1.781363  0.0 0.166445 1.0 0.189380 2.0 0.210025 3.0 0.228655 4.0 0.245516 5.0 0.260820 6.0 0.274757 7.0 0.287490 8.0 0.299161 9.0 0.309892 10.0 0.319794 11.0 0.328955 12.0 0.337454 13.0 0.345357 14.0 0.352717 15.0 0.359583 16.0 0.365995 17.0 0.371978 18.0 0.377563 19.0 0.382767 20.0 0.387609 21.0 0.392104 22.0 0.396262 23.0 0.400101 24.0 0.403626 25.0 0.406856 26.0 0.409803 27.0 0.412485 28.0 0.414924 29.0 0.417144 30.0 0.419181
1.912659  0.0 0.167542 1.0 0.190623 2.0 0.211399 3.0 0.230147 4.0 0.247113 5.0 0.262514 6.0 0.276537 7.0 0.289349 8.0 0.301093 9.0 0.311890 10.0 0.321853 11.0 0.331070 12.0 0.339621 13.0 0.347573 14.0 0.354978 15.0 0.361886 16.0 0.368336 17.0 0.374356 18.0 0.379974 19.0 0.385209 20.0 0.390081 21.0 0.394602 22.0 0.398785 23.0 0.402646 24.0 0.406192 25.0 0.409440 26.0 0.412405 27.0 0.415103 28.0 0.417555 29.0 0.419788 30.0 0.421837
2.053632  0.0 0.168653 1.0 0.191883 2.0 0.212791 3.0 0.231658 4.0 0.248732 5.0 0.264229 6.0 0.278341 7.0 0.291233 8.0 0.303049 9.0 0.313915 10.0 0.323939 11.0 0.333213 12.0 0.341817 13.0 0.349818 14.0 0.357268 15.0 0.364219 16.0 0.370708 17.0 0.376764 18.0 0.382416 19.0 0.387683 20.0 0.392584 21.0 0.397132 22.0 0.401340 23.0 0.405224 24.0 0.408791 25.0 0.412058 26.0 0.415040 27.0 0.417754 28.0 0.420220 29.0 0.422467 30.0 0.424526
2.204996  0.0 0.169778 1.0 0.193159 2.0 0.214201 3.0 0.233189 4.0 0.250371 5.0 0.265967 6.0 0.280168 7.0 0.293141 8.0 0.305032 9.0 0.315965 10.0 0.326052 11.0 0.335384 12.0 0.344042 13.0 0.352092 14.0 0.359588 15.0 0.366582 16.0 0.373111 17.0 0.379204 18.0 0.384890 19.0 0.390189 20.0 0.395119 21.0 0.399695 22.0 0.403928 23.0 0.407836 24.0 0.411424 25.0 0.414710 26.0 0.417709 27.0 0.420439 28.0 0.422920 29.0 0.425179 30.0 0.427251
2.367515  0.0 0.170919 1.0 0.194452 2.0 0.215631 3.0 0.234741 4.0 0.252033 5.0 0.267729 6.0 0.282020 7.0 0.295075 8.0 0.307041 9.0 0.318043 10.0 0.328193 11.0 0.337584 12.0 0.346295 13.0 0.354396 14.0 0.361939 15.0 0.368976 16.0 0.375545 17.0 0.381676 18.0 0.387397 19.0 0.392728 20.0 0.397688 21.0 0.402292 22.0 0.406550 23.0 0.410481 24.0 0.414091 25.0 0.417397 26.0 0.420414 27.0 0.423159 28.0 0.425655 29.0 0.427928 30.0 0.430011
2.542014  0.0 0.172076 1.0 0.195763 2.0 0.217079 3.0 0.236313 4.0 0.253717 5.0 0.269513 6.0 0.283896 7.0 0.297034 8.0 0.309076 9.0 0.320148 10.0 0.330362 11.0 0.339813 12.0 0.348579 13.0 0.356730 14.0 0.364321 15.0 0.371401 16.0 0.378011 17.0 0.384180 18.0 0.389937 19.0 0.395301 20.0 0.400291 21.0 0.404922 22.0 0.409207 23.0 0.413161 24.0 0.416793 25.0 0.420119 26.0 0.423154 27.0 0.425916 28.0 0.428426 29.0 0.430712 30.0 0.432808
2.729373  0.0 0.173248 1.0 0.197091 2.0 0.218547 3.0 0.237906 4.0 0.255423 5.0 0.271322 6.0 0.285797 7.0 0.299020 8.0 0.311139 9.0 0.322281 10.0 0.332561 11.0 0.342072 12.0 0.350893 13.0 0.359096 14.0 0.366734 15.0 0.373859 16.0 0.380510 17.0 0.386718 18.0 0.392510 19.0 0.397907 20.0 0.402928 21.0 0.407588 22.0 0.411899 23.0 0.415877 24.0 0.419531 25.0 0.422877 26.0 0.425930 27.0 0.428709 28.0 0.431234 29.0 0.433533 30.0 0.435641
2.930542  0.0 0.174436 1.0 0.198437 2.0 0.220036 3.0 0.239521 4.0 0.257152 5.0 0.273155 6.0 0.287724 7.0 0.301032 8.0 0.313229 9.0 0.324444 10.0 0.334789 11.0 0.344361 12.0 0.353239 13.0 0.361493 14.0 0.369180 15.0 0.376350 16.0 0.383043 17.0 0.389290 18.0 0.395118 19.0 0.400549 20.0 0.405601 21.0 0.410290 22.0 0.414627 23.0 0.418630 24.0 0.422305 25.0 0.425672 26.0 0.428744 27.0 0.431539 28.0 0.434080 29.0 0.436392 30.0 0.438513
3.146539  0.0 0.175640 1.0 0.199802 2.0 0.221544 3.0 0.241159 4.0 0.258906 5.0 0.275013 6.0 0.289677 7.0 0.303072 8.0 0.315348 9.0 0.326635 10.0 0.337047 11.0 0.346681 12.0 0.355616 13.0 0.363922 14.0 0.371659 15.0 0.378875 16.0 0.385610 17.0 0.391896 18.0 0.397761 19.0 0.403226 20.0 0.408309 21.0 0.413027 22.0 0.417392 23.0 0.421419 24.0 0.425117 25.0 0.428504 26.0 0.431595 27.0 0.434407 28.0 0.436963 29.0 0.439290 30.0 0.441422
3.378455  0.0 0.176861 1.0 0.201186 2.0 0.223073 3.0 0.242819 4.0 0.260684 5.0 0.276897 6.0 0.291657 7.0 0.305140 8.0 0.317496 9.0 0.328857 10.0 0.339335 11.0 0.349032 12.0 0.358025 13.0 0.366385 14.0 0.374172 15.0 0.381434 16.0 0.388211 17.0 0.394538 18.0 0.400440 19.0 0.405939 20.0 0.411055 21.0 0.415802 22.0 0.420194 23.0 0.424246 24.0 0.427967 25.0 0.431376 26.0 0.434485 27.0 0.437315 28.0 0.439886 29.0 0.442227 30.0 0.444372
3.627465  0.0 0.178100 1.0 0.202589 2.0 0.224624 3.0 0.244502 4.0 0.262486 5.0 0.278806 6.0 0.293664 7.0 0.307236 8.0 0.319673 9.0 0.331109 10.0 0.341656 11.0 0.351416 12.0 0.360468 13.0 0.368881 14.0 0.376720 15.0 0.384028 16.0 0.390849 17.0 0.397216 18.0 0.403155 19.0 0.408689 20.0 0.413837 21.0 0.418615 22.0 0.423035 23.0 0.427112 24.0 0.430856 25.0 0.434286 26.0 0.437415 27.0 0.440261 28.0 0.442849 29.0 0.445204 30.0 0.447361
3.894828  0.0 0.179356 1.0 0.204013 2.0 0.226197 3.0 0.246209 4.0 0.264313 5.0 0.280742 6.0 0.295699 7.0 0.309361 8.0 0.321881 9.0 0.333393 10.0 0.344009 11.0 0.353833 12.0 0.362944 13.0 0.371412 14.0 0.379302 15.0 0.386658 16.0 0.393522 17.0 0.399932 18.0 0.405908 19.0 0.411477 20.0 0.416658 21.0 0.421467 22.0 0.425915 23.0 0.430017 24.0 0.433785 25.0 0.437237 26.0 0.440385 27.0 0.443249 28.0 0.445852 29.0 0.448222 30.0 0.450392
4.181897  0.0 0.180630 1.0 0.205456 2.0 0.227792 3.0 0.247940 4.0 0.266166 5.0 0.282706 6.0 0.297763 7.0 0.311516 8.0 0.324119 9.0 0.335708 10.0 0.346395 11.0 0.356284 12.0 0.365455 13.0 0.373979 14.0 0.381921 15.0 0.389325 16.0 0.396233 17.0 0.402684 18.0 0.408699 19.0 0.414304 20.0 0.419519 21.0 0.424358 22.0 0.428835 23.0 0.432962 24.0 0.436755 25.0 0.440228 26.0 0.443396 27.0 0.446278 28.0 0.448898 29.0 0.451282 30.0 0.453464
4.490125  0.0 0.181922 1.0 0.206920 2.0 0.229409 3.0 0.249695 4.0 0.268045 5.0 0.284696 6.0 0.299855 7.0 0.313701 8.0 0.326388 9.0 0.338056 10.0 0.348815 11.0 0.358769 12.0 0.368001 13.0 0.376582 14.0 0.384576 15.0 0.392029 16.0 0.398983 17.0 0.405476 18.0 0.411529 19.0 0.417171 20.0 0.422419 21.0 0.427290 22.0 0.431795 23.0 0.435949 24.0 0.439766 25.0 0.443261 26.0 0.446449 27.0 0.449349 28.0 0.451985 29.0 0.454385 30.0 0.456580
4.821070  0.0 0.183232 1.0 0.208405 2.0 0.231050 3.0 0.251475 4.0 0.269951 5.0 0.286715 6.0 0.301977 7.0 0.315917 8.0 0.328691 9.0 0.340437 10.0 0.351268 11.0 0.361288 12.0 0.370583 13.0 0.379222 14.0 0.387268 15.0 0.394771 16.0 0.401771 17.0 0.408306 18.0 0.414399 19.0 0.420079 20.0 0.425360 21.0 0.430262 22.0 0.434798 23.0 0.438977 24.0 0.442820 25.0 0.446337 26.0 0.449545 27.0 0.452464 28.0 0.455117 29.0 0.457531 30.0 0.459740
5.176408  0.0 0.184562 1.0 0.209911 2.0 0.232714 3.0 0.253280 4.0 0.271884 5.0 0.288763 6.0 0.304130 7.0 0.318164 8.0 0.331026 9.0 0.342852 10.0 0.353756 11.0 0.363844 12.0 0.373201 13.0 0.381899 14.0 0.389999 15.0 0.397552 16.0 0.404599 17.0 0.411177 18.0 0.417311 19.0 0.423028 20.0 0.428344 21.0 0.433277 22.0 0.437843 23.0 0.442049 24.0 0.445917 25.0 0.449457 26.0 0.452685 27.0 0.455622 28.0 0.458292 29.0 0.460723 30.0 0.462946
5.557937  0.0 0.185910 1.0 0.211439 2.0 0.234402 3.0 0.255112 4.0 0.273845 5.0 0.290842 6.0 0.306314 7.0 0.320445 8.0 0.333396 9.0 0.345301 10.0 0.356280 11.0 0.366436 12.0 0.375857 13.0 0.384615 14.0 0.392769 15.0 0.400373 16.0 0.407468 17.0 0.414088 18.0 0.420265 19.0 0.426020 20.0 0.431371 21.0 0.436335 22.0 0.440931 23.0 0.445166 24.0 0.449059 25.0 0.452621 26.0 0.455870 27.0 0.458826 28.0 0.461514 29.0 0.463959 30.0 0.466197
5.967586  0.0 0.187279 1.0 0.212989 2.0 0.236114 3.0 0.256970 4.0 0.275834 5.0 0.292950 6.0 0.308530 7.0 0.322760 8.0 0.335799 9.0 0.347786 10.0 0.358841 11.0 0.369066 12.0 0.378551 13.0 0.387369 14.0 0.395579 15.0 0.403234 16.0 0.410378 17.0 0.417042 18.0 0.423261 19.0 0.429054 20.0 0.434441 21.0 0.439439 22.0 0.444064 23.0 0.448328 24.0 0.452246 25.0 0.455831 26.0 0.459101 27.0 0.462076 28.0 0.464781 29.0 0.467243 30.0 0.469495
6.407428  0.0 0.188667 1.0 0.214562 2.0 0.237852 3.0 0.258855 4.0 0.277852 5.0 0.295090 6.0 0.310779 7.0 0.325107 8.0 0.338237 9.0 0.350307 10.0 0.361438 11.0 0.371736 12.0 0.381285 13.0 0.390164 14.0 0.398429 15.0 0.406137 16.0 0.413330 17.0 0.420040 18.0 0.426301 19.0 0.432133 20.0 0.437556 21.0 0.442588 22.0 0.447243 23.0 0.451536 24.0 0.455479 25.0 0.459087 26.0 0.462378 27.0 0.465373 28.0 0.468096 29.0 0.470574 30.0 0.472841
6.879689  0.0 0.190078 1.0 0.216159 2.0 0.239616 3.0 0.260770 4.0 0.279902 5.0 0.297260 6.0 0.313060 7.0 0.327489 8.0 0.340711 9.0 0.352865 10.0 0.364074 11.0 0.374444 12.0 0.384061 13.0 0.392999 14.0 0.401322 15.0 0.409082 16.0 0.416325 17.0 0.423082 18.0 0.429385 19.0 0.435257 20.0 0.440717 21.0 0.445783 22.0 0.450468 23.0 0.454790 24.0 0.458759 25.0 0.462391 26.0 0.465705 27.0 0.468720 28.0 0.471459 29.0 0.473954 30.0 0.476237
7.386758  0.0 0.191509 1.0 0.217781 2.0 0.241407 3.0 0.262713 4.0 0.281982 5.0 0.299463 6.0 0.315375 7.0 0.329907 8.0 0.343222 9.0 0.355463 10.0 0.366749 11.0 0.377193 12.0 0.386877 13.0 0.395877 14.0 0.404259 15.0 0.412073 16.0 0.419365 17.0 0.426169 18.0 0.432515 19.0 0.438426 20.0 0.443924 21.0 0.449025 22.0 0.453741 23.0 0.458093 24.0 0.462088 25.0 0.465745 26.0 0.469082 27.0 0.472117 28.0 0.474875 29.0 0.477384 30.0 0.479682
7.931200  0.0 0.192962 1.0 0.219426 2.0 0.243225 3.0 0.264685 4.0 0.284092 5.0 0.301699 6.0 0.317725 7.0 0.332360 8.0 0.345769 9.0 0.358099 10.0 0.369465 11.0 0.379982 12.0 0.389734 13.0 0.398797 14.0 0.407239 15.0 0.415108 16.0 0.422449 17.0 0.429302 18.0 0.435692 19.0 0.441643 20.0 0.447179 21.0 0.452315 22.0 0.457065 23.0 0.461445 24.0 0.465466 25.0 0.469150 26.0 0.472510 27.0 0.475565 28.0 0.478341 29.0 0.480866 30.0 0.483179
8.515771  0.0 0.194437 1.0 0.221097 2.0 0.245070 3.0 0.266686 4.0 0.286235 5.0 0.303968 6.0 0.320109 7.0 0.334850 8.0 0.348356 9.0 0.360774 10.0 0.372222 11.0 0.382813 12.0 0.392635 13.0 0.401763 14.0 0.410264 15.0 0.418189 16.0 0.425582 17.0 0.432482 18.0 0.438915 19.0 0.444908 20.0 0.450483 21.0 0.455655 22.0 0.460438 23.0 0.464848 24.0 0.468898 25.0 0.472607 26.0 0.475988 27.0 0.479065 28.0 0.481860 29.0 0.484402 30.0 0.486728
9.143428  0.0 0.195934 1.0 0.222792 2.0 0.246943 3.0 0.268718 4.0 0.288410 5.0 0.306273 6.0 0.322532 7.0 0.337379 8.0 0.350984 9.0 0.363490 10.0 0.375021 11.0 0.385687 12.0 0.395579 13.0 0.404774 14.0 0.413335 15.0 0.421317 16.0 0.428763 17.0 0.435710 18.0 0.442189 19.0 0.448225 20.0 0.453837 21.0 0.459045 22.0 0.463863 23.0 0.468301 24.0 0.472382 25.0 0.476115 26.0 0.479520 27.0 0.482617 28.0 0.485431 29.0 0.487992 30.0 0.490333
9.817346  0.0 0.197455 1.0 0.224514 2.0 0.248844 3.0 0.270781 4.0 0.290617 5.0 0.308613 6.0 0.324991 7.0 0.339947 8.0 0.353651 9.0 0.366247 10.0 0.377862 11.0 0.388604 12.0 0.398568 13.0 0.407831 14.0 0.416453 15.0 0.424492 16.0 0.431992 17.0 0.438987 18.0 0.445514 19.0 0.451593 20.0 0.457245 21.0 0.462487 22.0 0.467340 23.0 0.471810 24.0 0.475919 25.0 0.479677 26.0 0.483105 27.0 0.486224 28.0 0.489058 29.0 0.491636 30.0 0.493994
10.540936  0.0 0.199000 1.0 0.226264 2.0 0.250776 3.0 0.272877 4.0 0.292861 5.0 0.310990 6.0 0.327489 7.0 0.342555 8.0 0.356359 9.0 0.369046 10.0 0.380746 11.0 0.391569 12.0 0.401605 13.0 0.410934 14.0 0.419618 15.0 0.427715 16.0 0.435270 17.0 0.442316 18.0 0.448890 19.0 0.455012 20.0 0.460705 21.0 0.465985 22.0 0.470870 23.0 0.475373 24.0 0.479510 25.0 0.483294 26.0 0.486746 27.0 0.489886 28.0 0.492740 29.0 0.495337 30.0 0.497712
11.317858  0.0 0.200569 1.0 0.228041 2.0 0.252739 3.0 0.275006 4.0 0.295140 5.0 0.313403 6.0 0.330024 7.0 0.345202 8.0 0.359108 9.0 0.371892 10.0 0.383675 11.0 0.394580 12.0 0.404690 13.0 0.414085 14.0 0.422834 15.0 0.430989 16.0 0.438599 17.0 0.445698 18.0 0.452319 19.0 0.458485 20.0 0.464218 21.0 0.469537 22.0 0.474455 23.0 0.478992 24.0 0.483157 25.0 0.486967 26.0 0.490445 27.0 0.493607 28.0 0.496480 29.0 0.499096 30.0 0.501488
12.152043  0.0 0.202163 1.0 0.229845 2.0 0.254732 3.0 0.277168 4.0 0.297454 5.0 0.315854 6.0 0.332600 7.0 0.347891 8.0 0.361901 9.0 0.374781 10.0 0.386653 11.0 0.397637 12.0 0.407823 13.0 0.417287 14.0 0.426101 15.0 0.434317 16.0 0.441980 17.0 0.449133 18.0 0.455801 19.0 0.462011 20.0 0.467787 21.0 0.473145 22.0 0.478098 23.0 0.482667 24.0 0.486861 25.0 0.490702 26.0 0.494204 27.0 0.497389 28.0 0.500282 29.0 0.502913 30.0 0.505323
13.047712  0.0 0.203782 1.0 0.231679 2.0 0.256757 3.0 0.279363 4.0 0.299804 5.0 0.318344 6.0 0.335217 7.0 0.350623 8.0 0.364740 9.0 0.377716 10.0 0.389677 11.0 0.400743 12.0 0.411004 13.0 0.420541 14.0 0.429420 15.0 0.437697 16.0 0.445418 17.0 0.452622 18.0 0.459338 19.0 0.465594 20.0 0.471411 21.0 0.476809 22.0 0.481801 23.0 0.486401 24.0 0.490627 25.0 0.494495 26.0 0.498022 27.0 0.501230 28.0 0.504144 29.0 0.506795 30.0 0.509219
14.009397  0.0 0.205428 1.0 0.233542 2.0 0.258813 3.0 0.281595 4.0 0.302192 5.0 0.320875 6.0 0.337876 7.0 0.353400 8.0 0.367624 9.0 0.380697 10.0 0.392749 11.0 0.403897 12.0 0.414236 13.0 0.423846 14.0 0.432792 15.0 0.441131 16.0 0.448910 17.0 0.456166 18.0 0.462934 19.0 0.469237 20.0 0.475097 21.0 0.480532 22.0 0.485562 23.0 0.490194 24.0 0.494453 25.0 0.498349 26.0 0.501901 27.0 0.505133 28.0 0.508069 29.0 0.510739 30.0 0.513180
15.041963  0.0 0.207101 1.0 0.235436 2.0 0.260905 3.0 0.283864 4.0 0.304620 5.0 0.323446 6.0 0.340579 7.0 0.356222 8.0 0.370554 9.0 0.383726 10.0 0.395870 11.0 0.407105 12.0 0.417522 13.0 0.427205 14.0 0.436217 15.0 0.444619 16.0 0.452458 17.0 0.459769 18.0 0.466588 19.0 0.472939 20.0 0.478842 21.0 0.484318 22.0 0.489384 23.0 0.494053 24.0 0.498342 25.0 0.502265 26.0 0.505843 27.0 0.509098 28.0 0.512056 29.0 0.514747 30.0 0.517207
16.150634  0.0 0.208800 1.0 0.237360 2.0 0.263031 3.0 0.286169 4.0 0.307087 5.0 0.326059 6.0 0.343324 7.0 0.359088 8.0 0.373530 9.0 0.386807 10.0 0.399042 11.0 0.410365 12.0 0.420863 13.0 0.430617 14.0 0.439700 15.0 0.448166 16.0 0.456064 17.0 0.463432 18.0 0.470302 19.0 0.476700 20.0 0.482648 21.0 0.488166 22.0 0.493267 23.0 0.497974 24.0 0.502293 25.0 0.506245 26.0 0.509852 27.0 0.513131 28.0 0.516109 29.0 0.518821 30.0 0.521300
17.341020  0.0 0.210528 1.0 0.239316 2.0 0.265190 3.0 0.288511 4.0 0.309594 5.0 0.328714 6.0 0.346114 7.0 0.362001 8.0 0.376557 9.0 0.389938 10.0 0.402269 11.0 0.413678 12.0 0.424257 13.0 0.434088 14.0 0.443241 15.0 0.451773 16.0 0.459729 17.0 0.467155 18.0 0.474076 19.0 0.480522 20.0 0.486517 21.0 0.492078 22.0 0.497219 23.0 0.501959 24.0 0.506310 25.0 0.510295 26.0 0.513929 27.0 0.517233 28.0 0.520234 29.0 0.522962 30.0 0.525460
18.619144  0.0 0.212286 1.0 0.241305 2.0 0.267386 3.0 0.290892 4.0 0.312142 5.0 0.331416 6.0 0.348953 7.0 0.364965 8.0 0.379636 9.0 0.393119 10.0 0.405547 11.0 0.417044 12.0 0.427707 13.0 0.437616 14.0 0.446840 15.0 0.455438 16.0 0.463458 17.0 0.470939 18.0 0.477914 19.0 0.484412 20.0 0.490451 21.0 0.496054 22.0 0.501236 23.0 0.506010 24.0 0.510398 25.0 0.514413 26.0 0.518073 27.0 0.521402 28.0 0.524427 29.0 0.527177 30.0 0.529690
19.991472  0.0 0.214072 1.0 0.243328 2.0 0.269620 3.0 0.293315 4.0 0.314735 5.0 0.334161 6.0 0.351838 7.0 0.367978 8.0 0.382764 9.0 0.396354 10.0 0.408880 11.0 0.420470 12.0 0.431216 13.0 0.441203 14.0 0.450499 15.0 0.459165 16.0 0.467249 17.0 0.474788 18.0 0.481820 19.0 0.488367 20.0 0.494454 21.0 0.500098 22.0 0.505321 23.0 0.510133 24.0 0.514555 25.0 0.518599 26.0 0.522287 27.0 0.525642 28.0 0.528690 29.0 0.531463 30.0 0.533997
21.464947  0.0 0.215889 1.0 0.245384 2.0 0.271890 3.0 0.295778 4.0 0.317371 5.0 0.336952 6.0 0.354771 7.0 0.371041 8.0 0.385945 9.0 0.399646 10.0 0.412271 11.0 0.423954 12.0 0.434786 13.0 0.444850 14.0 0.454222 15.0 0.462956 16.0 0.471103 17.0 0.478704 18.0 0.485790 19.0 0.492389 20.0 0.498524 21.0 0.504214 22.0 0.509474 23.0 0.514328 24.0 0.518782 25.0 0.522857 26.0 0.526575 27.0 0.529956 28.0 0.533026 29.0 0.535822 30.0 0.538377
23.047026  0.0 0.217737 1.0 0.247475 2.0 0.274199 3.0 0.298281 4.0 0.320050 5.0 0.339792 6.0 0.357756 7.0 0.374156 8.0 0.389182 9.0 0.402993 10.0 0.415720 11.0 0.427496 12.0 0.438416 13.0 0.448563 14.0 0.458010 15.0 0.466814 16.0 0.475026 17.0 0.482687 18.0 0.489828 19.0 0.496479 20.0 0.502663 21.0 0.508400 22.0 0.513704 23.0 0.518593 24.0 0.523082 25.0 0.527193 26.0 0.530940 27.0 0.534348 28.0 0.537443 29.0 0.540257 30.0 0.542832
24.745712  0.0 0.219617 1.0 0.249604 2.0 0.276549 3.0 0.300830 4.0 0.322778 5.0 0.342681 6.0 0.360792 7.0 0.377327 8.0 0.392475 9.0 0.406397 10.0 0.419228 11.0 0.431100 12.0 0.442107 13.0 0.452339 14.0 0.461862 15.0 0.470738 16.0 0.479018 17.0 0.486738 18.0 0.493939 19.0 0.500645 20.0 0.506877 21.0 0.512658 22.0 0.518007 23.0 0.522933 24.0 0.527462 25.0 0.531604 26.0 0.535381 27.0 0.538816 28.0 0.541937 29.0 0.544775 30.0 0.547367
26.569601  0.0 0.221530 1.0 0.251769 2.0 0.278939 3.0 0.303423 4.0 0.325552 5.0 0.345619 6.0 0.363880 7.0 0.380551 8.0 0.395824 9.0 0.409863 10.0 0.422797 11.0 0.434769 12.0 0.445868 13.0 0.456180 14.0 0.465781 15.0 0.474730 16.0 0.483078 17.0 0.490864 18.0 0.498124 19.0 0.504883 20.0 0.511167 21.0 0.516995 22.0 0.522385 23.0 0.527355 24.0 0.531918 25.0 0.536092 26.0 0.539898 27.0 0.543362 28.0 0.546509 29.0 0.549371 30.0 0.551987
28.527919  0.0 0.223477 1.0 0.253971 2.0 0.281370 3.0 0.306059 4.0 0.328374 5.0 0.348610 6.0 0.367022 7.0 0.383832 8.0 0.399233 9.0 0.413389 10.0 0.426431 11.0 0.438501 12.0 0.449693 13.0 0.460092 14.0 0.469773 15.0 0.478797 16.0 0.487211 17.0 0.495063 18.0 0.502381 19.0 0.509195 20.0 0.515532 21.0 0.521410 22.0 0.526844 23.0 0.531854 24.0 0.536452 25.0 0.540664 26.0 0.544504 27.0 0.547996 28.0 0.551167 29.0 0.554050 30.0 0.556689
30.630576  0.0 0.225458 1.0 0.256214 2.0 0.283847 3.0 0.308745 4.0 0.331248 5.0 0.351654 6.0 0.370222 7.0 0.387174 8.0 0.402704 9.0 0.416976 10.0 0.430128 11.0 0.442299 12.0 0.453584 13.0 0.464073 14.0 0.473835 15.0 0.482934 16.0 0.491421 17.0 0.499336 18.0 0.506716 19.0 0.513589 20.0 0.519977 21.0 0.525902 22.0 0.531385 23.0 0.536433 24.0 0.541075 25.0 0.545321 26.0 0.549192 27.0 0.552713 28.0 0.555912 29.0 0.558820 30.0 0.561477
32.888209  0.0 0.227474 1.0 0.258496 2.0 0.286366 3.0 0.311478 4.0 0.334173 5.0 0.354751 6.0 0.373477 7.0 0.390573 8.0 0.406234 9.0 0.420631 10.0 0.433892 11.0 0.446169 12.0 0.457550 13.0 0.468125 14.0 0.477971 15.0 0.487146 16.0 0.495706 17.0 0.503690 18.0 0.511133 19.0 0.518063 20.0 0.524506 21.0 0.530481 22.0 0.536007 23.0 0.541103 24.0 0.545781 25.0 0.550061 26.0 0.553964 27.0 0.557515 28.0 0.560742 29.0 0.563677 30.0 0.566359
35.312242  0.0 0.229528 1.0 0.260820 2.0 0.288931 3.0 0.314259 4.0 0.337149 5.0 0.357907 6.0 0.376793 7.0 0.394035 8.0 0.409832 9.0 0.424352 10.0 0.437727 11.0 0.450107 12.0 0.461587 13.0 0.472254 14.0 0.482185 15.0 0.491440 16.0 0.500071 17.0 0.508124 18.0 0.515629 19.0 0.522618 20.0 0.529116 21.0 0.535145 22.0 0.540719 23.0 0.545857 24.0 0.550574 25.0 0.554894 26.0 0.558832 27.0 0.562414 28.0 0.565667 29.0 0.568624 30.0 0.571331
37.914938  0.0 0.231618 1.0 0.263186 2.0 0.291544 3.0 0.317093 4.0 0.340182 5.0 0.361119 6.0 0.380169 7.0 0.397562 8.0 0.413495 9.0 0.428139 10.0 0.441631 11.0 0.454119 12.0 0.465698 13.0 0.476460 14.0 0.486475 15.0 0.495811 16.0 0.504520 17.0 0.512639 18.0 0.520212 19.0 0.527263 20.0 0.533817 21.0 0.539895 22.0 0.545520 23.0 0.550701 24.0 0.555463 25.0 0.559819 26.0 0.563791 27.0 0.567404 28.0 0.570687 29.0 0.573672 30.0 0.576399
40.709467  0.0 0.233747 1.0 0.265594 2.0 0.294203 3.0 0.319977 4.0 0.343270 5.0 0.364389 6.0 0.383606 7.0 0.401151 8.0 0.417225 9.0 0.432001 10.0 0.445609 11.0 0.458208 12.0 0.469889 13.0 0.480742 14.0 0.490848 15.0 0.500266 16.0 0.509050 17.0 0.517244 18.0 0.524883 19.0 0.531995 20.0 0.538607 21.0 0.544741 22.0 0.550411 23.0 0.555642 24.0 0.560443 25.0 0.564836 26.0 0.568845 27.0 0.572490 28.0 0.575801 29.0 0.578815 30.0 0.581569
43.709968  0.0 0.235917 1.0 0.268050 2.0 0.296913 3.0 0.322916 4.0 0.346415 5.0 0.367723 6.0 0.387111 7.0 0.404812 8.0 0.421028 9.0 0.435933 10.0 0.449662 11.0 0.462371 12.0 0.474157 13.0 0.485111 14.0 0.495306 15.0 0.504808 16.0 0.513670 17.0 0.521936 18.0 0.529641 19.0 0.536818 20.0 0.543488 21.0 0.549678 22.0 0.555403 23.0 0.560677 24.0 0.565523 25.0 0.569958 26.0 0.574003 27.0 0.577682 28.0 0.581023 29.0 0.584062 30.0 0.586838
46.931621  0.0 0.238126 1.0 0.270550 2.0 0.299674 3.0 0.325911 4.0 0.349620 5.0 0.371118 6.0 0.390680 7.0 0.408539 8.0 0.424901 9.0 0.439941 10.0 0.453791 11.0 0.466618 12.0 0.478510 13.0 0.489560 14.0 0.499846 15.0 0.509434 16.0 0.518379 17.0 0.526720 18.0 0.534497 19.0 0.541739 20.0 0.548470 21.0 0.554714 22.0 0.560490 23.0 0.565814 24.0 0.570705 25.0 0.575179 26.0 0.579259 27.0 0.582972 28.0 0.586347 29.0 0.589416 30.0 0.592219
50.390726  0.0 0.240378 1.0 0.273098 2.0 0.302487 3.0 0.328961 4.0 0.352885 5.0 0.374579 6.0 0.394318 7.0 0.412339 8.0 0.428850 9.0 0.444027 10.0 0.458003 11.0 0.470945 12.0 0.482946 13.0 0.494098 14.0 0.504481 15.0 0.514157 16.0 0.523180 17.0 0.531600 18.0 0.539447 19.0 0.546753 20.0 0.553548 21.0 0.559852 22.0 0.565681 23.0 0.571054 24.0 0.575987 25.0 0.580507 26.0 0.584628 27.0 0.588376 28.0 0.591780 29.0 0.594875 30.0 0.597708
54.104786  0.0 0.242672 1.0 0.275695 2.0 0.305354 3.0 0.332072 4.0 0.356215 5.0 0.378107 6.0 0.398027 7.0 0.416214 8.0 0.432876 9.0 0.448192 10.0 0.462295 11.0 0.475359 12.0 0.487470 13.0 0.498727 14.0 0.509203 15.0 0.518970 16.0 0.528081 17.0 0.536575 18.0 0.544498 19.0 0.551875 20.0 0.558732 21.0 0.565092 22.0 0.570978 23.0 0.576401 24.0 0.581385 25.0 0.585945 26.0 0.590104 27.0 0.593888 28.0 0.597327 29.0 0.600455 30.0 0.603311
58.092591  0.0 0.245012 1.0 0.278342 2.0 0.308276 3.0 0.335241 4.0 0.359607 5.0 0.381703 6.0 0.401807 7.0 0.420163 8.0 0.436981 9.0 0.452442 10.0 0.466675 11.0 0.479860 12.0 0.492086 13.0 0.503447 14.0 0.514025 15.0 0.523884 16.0 0.533077 17.0 0.541657 18.0 0.549652 19.0 0.557098 20.0 0.564021 21.0 0.570445 22.0 0.576384 23.0 0.581862 24.0 0.586890 25.0 0.591496 26.0 0.595697 27.0 0.599518 28.0 0.602989 29.0 0.606147 30.0 0.609036
62.374318  0.0 0.247396 1.0 0.281041 2.0 0.311257 3.0 0.338475 4.0 0.363070 5.0 0.385371 6.0 0.405664 7.0 0.424193 8.0 0.441169 9.0 0.456774 10.0 0.471141 11.0 0.484452 12.0 0.496794 13.0 0.508266 14.0 0.518943 15.0 0.528897 16.0 0.538182 17.0 0.546838 18.0 0.554914 19.0 0.562433 20.0 0.569422 21.0 0.575905 22.0 0.581907 23.0 0.587435 24.0 0.592518 25.0 0.597168 26.0 0.601410 27.0 0.605270 28.0 0.608777 29.0 0.611968 30.0 0.614882
66.971631  0.0 0.249829 1.0 0.283793 2.0 0.314295 3.0 0.341771 4.0 0.366598 5.0 0.389112 6.0 0.409598 7.0 0.428302 8.0 0.445441 9.0 0.461198 10.0 0.475701 11.0 0.489139 12.0 0.501602 13.0 0.513182 14.0 0.523966 15.0 0.534016 16.0 0.543387 17.0 0.552135 18.0 0.560287 19.0 0.567879 20.0 0.574938 21.0 0.581489 22.0 0.587545 23.0 0.593132 24.0 0.598262 25.0 0.602959 26.0 0.607246 27.0 0.611145 28.0 0.614688 29.0 0.617911 30.0 0.620860
71.907790  0.0 0.252309 1.0 0.286600 2.0 0.317396 3.0 0.345135 4.0 0.370201 5.0 0.392929 6.0 0.413612 7.0 0.432498 8.0 0.449802 9.0 0.465709 10.0 0.480352 11.0 0.493923 12.0 0.506507 13.0 0.518204 14.0 0.529091 15.0 0.539242 16.0 0.548711 17.0 0.557539 18.0 0.565775 19.0 0.573444 20.0 0.580573 21.0 0.587186 22.0 0.593310 23.0 0.598950 24.0 0.604137 25.0 0.608883 26.0 0.613212 27.0 0.617153 28.0 0.620735 29.0 0.623993 30.0 0.626969
77.207770  0.0 0.254841 1.0 0.289465 2.0 0.320558 3.0 0.348566 4.0 0.373874 5.0 0.396824 6.0 0.417709 7.0 0.436778 8.0 0.454253 9.0 0.470319 10.0 0.485104 11.0 0.498809 12.0 0.511519 13.0 0.523331 14.0 0.534330 15.0 0.544582 16.0 0.554143 17.0 0.563067 18.0 0.571383 19.0 0.579129 20.0 0.586332 21.0 0.593018 22.0 0.599199 23.0 0.604902 24.0 0.610138 25.0 0.614936 26.0 0.619313 27.0 0.623296 28.0 0.626915 29.0 0.630207 30.0 0.633221
82.898386  0.0 0.257423 1.0 0.292386 2.0 0.323786 3.0 0.352069 4.0 0.377626 5.0 0.400800 6.0 0.421891 7.0 0.441150 8.0 0.458798 9.0 0.475023 10.0 0.489954 11.0 0.503799 12.0 0.516637 13.0 0.528571 14.0 0.539679 15.0 0.550037 16.0 0.559700 17.0 0.568710 18.0 0.577117 19.0 0.584944 20.0 0.592221 21.0 0.598974 22.0 0.605225 23.0 0.610986 24.0 0.616283 25.0 0.621130 26.0 0.625554 27.0 0.629581 28.0 0.633242 29.0 0.636573 30.0 0.639617
89.008430  0.0 0.260059 1.0 0.295370 2.0 0.327080 3.0 0.355644 4.0 0.381454 5.0 0.404861 6.0 0.426162 7.0 0.445614 8.0 0.463441 9.0 0.479831 10.0 0.494913 11.0 0.508897 12.0 0.521868 13.0 0.533925 14.0 0.545151 15.0 0.555616 16.0 0.565377 17.0 0.574487 18.0 0.582977 19.0 0.590886 20.0 0.598242 21.0 0.605072 22.0 0.611388 23.0 0.617213 24.0 0.622564 25.0 0.627468 26.0 0.631943 27.0 0.636015 28.0 0.639717 29.0 0.643084 30.0 0.646164
95.568816  0.0 0.262750 1.0 0.298415 2.0 0.330443 3.0 0.359294 4.0 0.385365 5.0 0.409005 6.0 0.430523 7.0 0.450175 8.0 0.468183 9.0 0.484743 10.0 0.499976 11.0 0.514109 12.0 0.527216 13.0 0.539398 14.0 0.550741 15.0 0.561317 16.0 0.571186 17.0 0.580391 18.0 0.588977 19.0 0.596972 20.0 0.604407 21.0 0.611309 22.0 0.617694 23.0 0.623586 24.0 0.629000 25.0 0.633955 26.0 0.638479 27.0 0.642599 28.0 0.646346 29.0 0.649757 30.0 0.652875
102.612737  0.0 0.265496 1.0 0.301525 2.0 0.333879 3.0 0.363023 4.0 0.389359 5.0 0.413243 6.0 0.434982 7.0 0.454836 8.0 0.473032 9.0 0.489763 10.0 0.505157 11.0 0.519435 12.0 0.532682 13.0 0.544998 14.0 0.556464 15.0 0.567155 16.0 0.577129 17.0 0.586434 18.0 0.595112 19.0 0.603196 20.0 0.610713 21.0 0.617694 22.0 0.624155 23.0 0.630109 24.0 0.635588 25.0 0.640604 26.0 0.645183 27.0 0.649352 28.0 0.653143 29.0 0.656594 30.0 0.659746
110.175832  0.0 0.268303 1.0 0.304701 2.0 0.337387 3.0 0.366831 4.0 0.393439 5.0 0.417571 6.0 0.439536 7.0 0.459598 8.0 0.477987 9.0 0.494899 10.0 0.510452 11.0 0.524887 12.0 0.538277 13.0 0.550723 14.0 0.562318 15.0 0.573126 16.0 0.583209 17.0 0.592622 18.0 0.601398 19.0 0.609572 20.0 0.617176 21.0 0.624238 22.0 0.630769 23.0 0.636799 24.0 0.642337 25.0 0.647413 26.0 0.652049 27.0 0.656269 28.0 0.660106 29.0 0.663599 30.0 0.666798
118.296366  0.0 0.271169 1.0 0.307945 2.0 0.340973 3.0 0.370725 4.0 0.397612 5.0 0.421996 6.0 0.444195 7.0 0.464471 8.0 0.483056 9.0 0.500150 10.0 0.515868 11.0 0.530463 12.0 0.544000 13.0 0.556588 14.0 0.568308 15.0 0.579239 16.0 0.589441 17.0 0.598956 18.0 0.607835 19.0 0.616105 20.0 0.623797 21.0 0.630939 22.0 0.637552 23.0 0.643652 24.0 0.649261 25.0 0.654398 26.0 0.659089 27.0 0.663362 28.0 0.667251 29.0 0.670793 30.0 0.674030
127.015426  0.0 0.274098 1.0 0.311262 2.0 0.344638 3.0 0.374704 4.0 0.401875 5.0 0.426521 6.0 0.448958 7.0 0.469454 8.0 0.488243 9.0 0.505524 10.0 0.521415 11.0 0.536169 12.0 0.549860 13.0 0.562591 14.0 0.574447 15.0 0.585504 16.0 0.595821 17.0 0.605450 18.0 0.614428 19.0 0.622797 20.0 0.630580 21.0 0.637812 22.0 0.644507 23.0 0.650679 24.0 0.656360 25.0 0.661564 26.0 0.666317 27.0 0.670646 28.0 0.674586 29.0 0.678173 30.0 0.681452
136.377126  0.0 0.277093 1.0 0.314652 2.0 0.348382 3.0 0.378771 4.0 0.406235 5.0 0.431147 6.0 0.453829 7.0 0.474550 8.0 0.493548 9.0 0.511026 10.0 0.527091 11.0 0.542015 12.0 0.555863 13.0 0.568738 14.0 0.580735 15.0 0.591921 16.0 0.602359 17.0 0.612106 18.0 0.621194 19.0 0.629663 20.0 0.637543 21.0 0.644865 22.0 0.651640 23.0 0.657895 24.0 0.663643 25.0 0.668917 26.0 0.673734 27.0 0.678122 28.0 0.682115 29.0 0.685750 30.0 0.689080
146.428832  0.0 0.280153 1.0 0.318116 2.0 0.352214 3.0 0.382933 4.0 0.410698 5.0 0.435883 6.0 0.458818 7.0 0.479772 8.0 0.498983 9.0 0.516658 10.0 0.532902 11.0 0.548002 12.0 0.562012 13.0 0.575042 14.0 0.587177 15.0 0.598499 16.0 0.609069 17.0 0.618930 18.0 0.628134 19.0 0.636709 20.0 0.644687 21.0 0.652101 22.0 0.658964 23.0 0.665302 24.0 0.671130 25.0 0.676469 26.0 0.681351 27.0 0.685801 28.0 0.689850 29.0 0.693543 30.0 0.696922
157.221402  0.0 0.283282 1.0 0.321662 2.0 0.356133 3.0 0.387191 4.0 0.415263 5.0 0.440731 6.0 0.463924 7.0 0.485116 8.0 0.504550 9.0 0.522429 10.0 0.538862 11.0 0.554136 12.0 0.568314 13.0 0.581505 14.0 0.593790 15.0 0.605251 16.0 0.615950 17.0 0.625934 18.0 0.635254 19.0 0.643940 20.0 0.652021 21.0 0.659530 22.0 0.666490 23.0 0.672909 24.0 0.678820 25.0 0.684236 26.0 0.689186 27.0 0.693700 28.0 0.697810 29.0 0.701557 30.0 0.704985
168.809440  0.0 0.286484 1.0 0.325288 2.0 0.360142 3.0 0.391547 4.0 0.419934 5.0 0.445692 6.0 0.469152 7.0 0.490590 8.0 0.510252 9.0 0.528345 10.0 0.544969 11.0 0.560430 12.0 0.574782 13.0 0.588133 14.0 0.600574 15.0 0.612180 16.0 0.623013 17.0 0.633129 18.0 0.642565 19.0 0.651365 20.0 0.659554 21.0 0.667170 22.0 0.674224 23.0 0.680732 24.0 0.686726 25.0 0.692223 26.0 0.697246 27.0 0.701827 28.0 0.706001 29.0 0.709805 30.0 0.713285
181.251578  0.0 0.289760 1.0 0.328998 2.0 0.364244 3.0 0.396007 4.0 0.424721 5.0 0.450773 6.0 0.474507 7.0 0.496200 8.0 0.516095 9.0 0.534411 10.0 0.551230 11.0 0.566885 12.0 0.581417 13.0 0.594934 14.0 0.607536 15.0 0.619292 16.0 0.630266 17.0 0.640520 18.0 0.650084 19.0 0.659001 20.0 0.667304 21.0 0.675026 22.0 0.682178 23.0 0.688783 24.0 0.694861 25.0 0.700441 26.0 0.705542 27.0 0.710195 28.0 0.714434 29.0 0.718298 30.0 0.721835
194.610765  0.0 0.293112 1.0 0.332795 2.0 0.368447 3.0 0.400576 4.0 0.429623 5.0 0.455983 6.0 0.480000 7.0 0.501954 8.0 0.522093 9.0 0.540631 10.0 0.557654 11.0 0.573510 12.0 0.588228 13.0 0.601922 14.0 0.614687 15.0 0.626600 16.0 0.637726 17.0 0.648116 18.0 0.657815 19.0 0.666856 20.0 0.675276 21.0 0.683109 22.0 0.690363 23.0 0.697071 24.0 0.703238 25.0 0.708906 26.0 0.714088 27.0 0.718816 28.0 0.723125 29.0 0.727054 30.0 0.730655
208.954595  0.0 0.296543 1.0 0.336685 2.0 0.372751 3.0 0.405257 4.0 0.434647 5.0 0.461323 6.0 0.485631 7.0 0.507855 8.0 0.528245 9.0 0.547015 10.0 0.564253 11.0 0.580312 12.0 0.595223 13.0 0.609103 14.0 0.622038 15.0 0.634114 16.0 0.645396 17.0 0.655930 18.0 0.665768 19.0 0.674941 20.0 0.683483 21.0 0.691433 22.0 0.698796 23.0 0.705609 24.0 0.711876 25.0 0.717631 26.0 0.722900 27.0 0.727708 28.0 0.732091 29.0 0.736089 30.0 0.739758
224.355640  0.0 0.300058 1.0 0.340669 2.0 0.377160 3.0 0.410053 4.0 0.439796 5.0 0.466798 6.0 0.491407 7.0 0.513909 8.0 0.534560 9.0 0.553574 10.0 0.571030 11.0 0.587300 12.0 0.602413 13.0 0.616485 14.0 0.629601 15.0 0.641847 16.0 0.653289 17.0 0.663973 18.0 0.673957 19.0 0.683267 20.0 0.691939 21.0 0.700011 22.0 0.707493 23.0 0.714414 24.0 0.720785 25.0 0.726634 26.0 0.731994 27.0 0.736887 28.0 0.741349 29.0 0.745421 30.0 0.749162
240.891823  0.0 0.303659 1.0 0.344751 2.0 0.381678 3.0 0.414970 4.0 0.445077 5.0 0.472415 6.0 0.497334 7.0 0.520125 8.0 0.541045 9.0 0.560313 10.0 0.577994 11.0 0.594486 12.0 0.609810 13.0 0.624079 14.0 0.637384 15.0 0.649808 16.0 0.661417 17.0 0.672260 18.0 0.682396 19.0 0.691850 20.0 0.700658 21.0 0.708859 22.0 0.716465 23.0 0.723501 24.0 0.729982 25.0 0.735933 26.0 0.741389 27.0 0.746372 28.0 0.750919 29.0 0.755070 30.0 0.758886
258.646808  0.0 0.307348 1.0 0.348934 2.0 0.386310 3.0 0.420012 4.0 0.450496 5.0 0.478180 6.0 0.503420 7.0 0.526510 8.0 0.547709 9.0 0.567240 10.0 0.585156 11.0 0.601880 12.0 0.617423 13.0 0.631897 14.0 0.645399 15.0 0.658009 16.0 0.669794 17.0 0.680806 18.0 0.691100 19.0 0.700705 20.0 0.709657 21.0 0.717995 22.0 0.725731 23.0 0.732890 24.0 0.739486 25.0 0.745546 26.0 0.751105 27.0 0.756185 28.0 0.760822 29.0 0.765058 30.0 0.768952
277.710428  0.0 0.311130 1.0 0.353223 2.0 0.391062 3.0 0.425187 4.0 0.456060 5.0 0.484099 6.0 0.509673 7.0 0.533072 8.0 0.554561 9.0 0.574365 10.0 0.592524 11.0 0.609490 12.0 0.625261 13.0 0.639952 14.0 0.653659 15.0 0.666464 16.0 0.678435 17.0 0.689623 18.0 0.700085 19.0 0.709850 20.0 0.718953 21.0 0.727437 22.0 0.735310 23.0 0.742599 24.0 0.749318 25.0 0.755496 26.0 0.761164 27.0 0.766347 28.0 0.771081 29.0 0.775409 30.0 0.779385
298.179137  0.0 0.315008 1.0 0.357623 2.0 0.395938 3.0 0.430500 4.0 0.461773 5.0 0.490181 6.0 0.516100 7.0 0.539821 8.0 0.561611 9.0 0.581698 10.0 0.600111 11.0 0.617329 12.0 0.633339 13.0 0.648256 14.0 0.662178 15.0 0.675188 16.0 0.687355 17.0 0.698728 18.0 0.709368 19.0 0.719301 20.0 0.728565 21.0 0.737204 22.0 0.745221 23.0 0.752651 24.0 0.759500 25.0 0.765805 26.0 0.771590 27.0 0.776883 28.0 0.781722 29.0 0.786149 30.0 0.790215
320.156497  0.0 0.318985 1.0 0.362136 2.0 0.400944 3.0 0.435956 4.0 0.467643 5.0 0.496434 6.0 0.522710 7.0 0.546765 8.0 0.568868 9.0 0.589251 10.0 0.607928 11.0 0.625410 12.0 0.641669 13.0 0.656825 14.0 0.670973 15.0 0.684199 16.0 0.696572 17.0 0.708142 18.0 0.718969 19.0 0.729081 20.0 0.738515 21.0 0.747318 22.0 0.755491 23.0 0.763069 24.0 0.770057 25.0 0.776499 26.0 0.782409 27.0 0.787820 28.0 0.792772 29.0 0.797307 30.0 0.801476
343.753703  0.0 0.323066 1.0 0.366770 2.0 0.406084 3.0 0.441561 4.0 0.473676 5.0 0.502864 6.0 0.529512 7.0 0.553915 8.0 0.576345 9.0 0.597035 10.0 0.615988 11.0 0.633745 12.0 0.650267 13.0 0.665674 14.0 0.680060 15.0 0.693513 16.0 0.706104 17.0 0.717884 18.0 0.728909 19.0 0.739209 20.0 0.748824 21.0 0.757805 22.0 0.766147 23.0 0.773879 24.0 0.781024 25.0 0.787606 26.0 0.793649 27.0 0.799189 28.0 0.804262 29.0 0.808915 30.0 0.813196
369.090146  0.0 0.327256 1.0 0.371528 2.0 0.411365 3.0 0.447323 4.0 0.479881 5.0 0.509482 6.0 0.536516 7.0 0.561280 8.0 0.584053 9.0 0.605065 10.0 0.624305 11.0 0.642351 12.0 0.659149 13.0 0.674820 14.0 0.689456 15.0 0.703150 16.0 0.715973 17.0 0.727977 18.0 0.739210 19.0 0.749710 20.0 0.759519 21.0 0.768688 22.0 0.777213 23.0 0.785111 24.0 0.792424 25.0 0.799157 26.0 0.805344 27.0 0.811025 28.0 0.816231 29.0 0.821007 30.0 0.825412
396.294017  0.0 0.331558 1.0 0.376417 2.0 0.416792 3.0 0.453248 4.0 0.486266 5.0 0.516296 6.0 0.543732 7.0 0.568875 8.0 0.592004 9.0 0.613352 10.0 0.632893 11.0 0.651245 12.0 0.668334 13.0 0.684283 14.0 0.699185 15.0 0.713136 16.0 0.726199 17.0 0.738442 18.0 0.749897 19.0 0.760617 20.0 0.770634 21.0 0.779999 22.0 0.788720 23.0 0.796809 24.0 0.804290 25.0 0.811191 26.0 0.817546 27.0 0.823379 28.0 0.828730 29.0 0.833645 30.0 0.838175
425.502956  0.0 0.335977 1.0 0.381441 2.0 0.422373 3.0 0.459344 4.0 0.492840 5.0 0.523317 6.0 0.551173 7.0 0.576710 8.0 0.600212 9.0 0.621912 10.0 0.641770 11.0 0.660446 12.0 0.677843 13.0 0.694081 14.0 0.709272 15.0 0.723494 16.0 0.736818 17.0 0.749306 18.0 0.761007 19.0 0.771960 20.0 0.782200 21.0 0.791784 22.0 0.800705 23.0 0.808996 24.0 0.816667 25.0 0.823757 26.0 0.830282 27.0 0.836278 28.0 0.841788 29.0 0.846856 30.0 0.851537
456.864746  0.0 0.340518 1.0 0.386607 2.0 0.428115 3.0 0.465621 4.0 0.499612 5.0 0.530555 6.0 0.558849 7.0 0.584800 8.0 0.608692 9.0 0.630766 10.0 0.650951 11.0 0.669971 12.0 0.687693 13.0 0.704244 14.0 0.719735 15.0 0.734245 16.0 0.747850 17.0 0.760604 18.0 0.772567 19.0 0.783765 20.0 0.794244 21.0 0.804066 22.0 0.813218 23.0 0.821718 24.0 0.829605 25.0 0.836885 26.0 0.843605 27.0 0.849789 28.0 0.855475 29.0 0.860709 30.0 0.865546
490.538064  0.0 0.345187 1.0 0.391921 2.0 0.434027 3.0 0.472089 4.0 0.506595 5.0 0.538022 6.0 0.566773 7.0 0.593158 8.0 0.617460 9.0 0.639931 10.0 0.660465 11.0 0.679841 12.0 0.697908 13.0 0.714795 14.0 0.730600 15.0 0.745417 16.0 0.759323 17.0 0.772373 18.0 0.784606 19.0 0.796078 20.0 0.806820 21.0 0.816894 22.0 0.826287 23.0 0.835035 24.0 0.843141 25.0 0.850652 26.0 0.857578 27.0 0.863959 28.0 0.869837 29.0 0.875259 30.0 0.880282
526.693281  0.0 0.349989 1.0 0.397389 2.0 0.440115 3.0 0.478754 4.0 0.513799 5.0 0.545729 6.0 0.574960 7.0 0.601799 8.0 0.626536 9.0 0.649423 10.0 0.670326 11.0 0.690079 12.0 0.708515 13.0 0.725755 14.0 0.741908 15.0 0.757061 16.0 0.771285 17.0 0.784638 18.0 0.797183 19.0 0.808944 20.0 0.819966 21.0 0.830321 22.0 0.839989 23.0 0.848987 24.0 0.857352 25.0 0.865094 26.0 0.872262 27.0 0.878871 28.0 0.884967 29.0 0.890598 30.0 0.895820
565.513326  0.0 0.354929 1.0 0.403020 2.0 0.446389 3.0 0.485628 4.0 0.521233 5.0 0.553691 6.0 0.583425 7.0 0.610745 8.0 0.635943 9.0 0.659262 10.0 0.680555 11.0 0.700721 12.0 0.719549 13.0 0.737167 14.0 0.753687 15.0 0.769193 16.0 0.783766 17.0 0.797462 18.0 0.810324 19.0 0.822407 20.0 0.833742 21.0 0.844401 22.0 0.854360 23.0 0.863650 24.0 0.872294 25.0 0.880308 26.0 0.887726 27.0 0.894591 28.0 0.900932 29.0 0.906798 30.0 0.912246
607.194612  0.0 0.360017 1.0 0.408819 2.0 0.452856 3.0 0.492720 4.0 0.528912 5.0 0.561926 6.0 0.592192 7.0 0.620016 8.0 0.645696 9.0 0.669486 10.0 0.691189 11.0 0.711784 12.0 0.731028 13.0 0.749059 14.0 0.765975 15.0 0.781871 16.0 0.796818 17.0 0.810873 18.0 0.824103 19.0 0.836527 20.0 0.848197 21.0 0.859192 22.0 0.869485 23.0 0.879098 24.0 0.888044 25.0 0.896366 26.0 0.904073 27.0 0.911218 28.0 0.917834 29.0 0.923967 30.0 0.929676
651.948026  0.0 0.365256 1.0 0.414797 2.0 0.459526 3.0 0.500044 4.0 0.536850 5.0 0.570448 6.0 0.601271 7.0 0.629628 8.0 0.655821 9.0 0.680107 10.0 0.702249 11.0 0.723311 12.0 0.743009 13.0 0.761475 14.0 0.778818 15.0 0.795126 16.0 0.810483 17.0 0.824949 18.0 0.838564 19.0 0.851377 20.0 0.863422 21.0 0.874790 22.0 0.885447 23.0 0.895412 24.0 0.904701 25.0 0.913366 26.0 0.921403 27.0 0.928866 28.0 0.935796 29.0 0.942235 30.0 0.948241
700.000000  0.0 0.370654 1.0 0.420963 2.0 0.466416 3.0 0.507616 4.0 0.545065 5.0 0.579271 6.0 0.610683 7.0 0.639609 8.0 0.666350 9.0 0.691164 10.0 0.713772 11.0 0.735329 12.0 0.755513 13.0 0.774454 14.0 0.792269 15.0 0.809037 16.0 0.824841 17.0 0.839742 18.0 0.853781 19.0 0.867023 20.0 0.879486 21.0 0.891270 22.0 0.902333 23.0 0.912698 24.0 0.922378 25.0 0.931427 26.0 0.939837 27.0 0.947672 28.0 0.954960 29.0 0.961748 30.0 0.968099
