0.010000  0.0 0.105460 1.0 0.120154 2.0 0.133413 3.0 0.145402 4.0 0.156271 5.0 0.166152 6.0 0.175161 7.0 0.183400 8.0 0.190960 9.0 0.197920 10.0 0.204346 11.0 0.210298 12.0 0.215825 13.0 0.220971 14.0 0.225769 15.0 0.230250 16.0 0.234439 17.0 0.238355 18.0 0.242015 19.0 0.245430 20.0 0.248613 21.0 0.251572 22.0 0.254313 23.0 0.256846 24.0 0.259177 25.0 0.261315 26.0 0.263269 27.0 0.265050 28.0 0.266673 29.0 0.268155 30.0 0.269518
0.010577  0.0 0.105806 1.0 0.120548 2.0 0.133848 3.0 0.145876 4.0 0.156780 5.0 0.166691 6.0 0.175728 7.0 0.183994 8.0 0.191579 9.0 0.198560 10.0 0.205006 11.0 0.210977 12.0 0.216522 13.0 0.221682 14.0 0.226497 15.0 0.230992 16.0 0.235194 17.0 0.239122 18.0 0.242792 19.0 0.246219 20.0 0.249411 21.0 0.252378 22.0 0.255129 23.0 0.257670 24.0 0.260008 25.0 0.262151 26.0 0.264111 27.0 0.265898 28.0 0.267526 29.0 0.269012 30.0 0.270379
0.011187  0.0 0.106155 1.0 0.120943 2.0 0.134287 3.0 0.146353 4.0 0.157292 5.0 0.167235 6.0 0.176302 7.0 0.184593 8.0 0.192201 9.0 0.199205 10.0 0.205672 11.0 0.211661 12.0 0.217223 13.0 0.222401 14.0 0.227229 15.0 0.231738 16.0 0.235953 17.0 0.239894 18.0 0.243576 19.0 0.247012 20.0 0.250215 21.0 0.253192 22.0 0.255950 23.0 0.258498 24.0 0.260843 25.0 0.262994 26.0 0.264960 27.0 0.266752 28.0 0.268385 29.0 0.269876 30.0 0.271246
0.011832  0.0 0.106506 1.0 0.121342 2.0 0.134729 3.0 0.146833 4.0 0.157807 5.0 0.167782 6.0 0.176877 7.0 0.185195 8.0 0.192828 9.0 0.199853 10.0 0.206341 11.0 0.212349 12.0 0.217929 13.0 0.223122 14.0 0.227966 15.0 0.232490 16.0 0.236717 17.0 0.240670 18.0 0.244363 19.0 0.247811 20.0 0.251023 21.0 0.254008 22.0 0.256776 23.0 0.259332 24.0 0.261685 25.0 0.263841 26.0 0.265813 27.0 0.267611 28.0 0.269248 29.0 0.270743 30.0 0.272119
0.012514  0.0 0.106858 1.0 0.121743 2.0 0.135173 3.0 0.147317 4.0 0.158326 5.0 0.168333 6.0 0.177457 7.0 0.185802 8.0 0.193458 9.0 0.200507 10.0 0.207015 11.0 0.213042 12.0 0.218639 13.0 0.223849 14.0 0.228708 15.0 0.233245 16.0 0.237487 17.0 0.241452 18.0 0.245157 19.0 0.248615 20.0 0.251837 21.0 0.254832 22.0 0.257608 23.0 0.260172 24.0 0.262531 25.0 0.264695 26.0 0.266673 27.0 0.268476 28.0 0.270118 29.0 0.271619 30.0 0.272997
0.013235  0.0 0.107214 1.0 0.122148 2.0 0.135621 3.0 0.147804 4.0 0.158848 5.0 0.168887 6.0 0.178040 7.0 0.186412 8.0 0.194094 9.0 0.201163 10.0 0.207692 11.0 0.213739 12.0 0.219354 13.0 0.224580 14.0 0.229455 15.0 0.234007 16.0 0.238261 17.0 0.242239 18.0 0.245955 19.0 0.249424 20.0 0.252656 21.0 0.255660 22.0 0.258445 23.0 0.261017 24.0 0.263384 25.0 0.265553 26.0 0.267537 27.0 0.269346 28.0 0.270993 29.0 0.272497 30.0 0.273881
0.013999  0.0 0.107571 1.0 0.122554 2.0 0.136071 3.0 0.148294 4.0 0.159374 5.0 0.169446 6.0 0.178629 7.0 0.187027 8.0 0.194732 9.0 0.201826 10.0 0.208375 11.0 0.214440 12.0 0.220073 13.0 0.225317 14.0 0.230206 15.0 0.234772 16.0 0.239041 17.0 0.243031 18.0 0.246759 19.0 0.250238 20.0 0.253481 21.0 0.256495 22.0 0.259287 23.0 0.261867 24.0 0.264241 25.0 0.266419 26.0 0.268408 27.0 0.270222 28.0 0.271875 29.0 0.273384 30.0 0.274771
0.014806  0.0 0.107932 1.0 0.122963 2.0 0.136525 3.0 0.148787 4.0 0.159903 5.0 0.170007 6.0 0.179219 7.0 0.187645 8.0 0.195376 9.0 0.202491 10.0 0.209062 11.0 0.215147 12.0 0.220798 13.0 0.226057 14.0 0.230963 15.0 0.235544 16.0 0.239825 17.0 0.243828 18.0 0.247567 19.0 0.251058 20.0 0.254311 21.0 0.257333 22.0 0.260135 23.0 0.262723 24.0 0.265105 25.0 0.267287 26.0 0.269284 27.0 0.271103 28.0 0.272761 29.0 0.274274 30.0 0.275666
0.015659  0.0 0.108294 1.0 0.123375 2.0 0.136981 3.0 0.149284 4.0 0.160435 5.0 0.170573 6.0 0.179815 7.0 0.188268 8.0 0.196023 9.0 0.203162 10.0 0.209754 11.0 0.215858 12.0 0.221527 13.0 0.226804 14.0 0.231724 15.0 0.236319 16.0 0.240615 17.0 0.244630 18.0 0.248382 19.0 0.251883 20.0 0.255146 21.0 0.258179 22.0 0.260989 23.0 0.263584 24.0 0.265973 25.0 0.268164 26.0 0.270166 27.0 0.271991 28.0 0.273654 29.0 0.275172 30.0 0.276567
0.016562  0.0 0.108659 1.0 0.123790 2.0 0.137440 3.0 0.149783 4.0 0.160972 5.0 0.171142 6.0 0.180414 7.0 0.188894 8.0 0.196675 9.0 0.203836 10.0 0.210449 11.0 0.216574 12.0 0.222261 13.0 0.227554 14.0 0.232491 15.0 0.237101 16.0 0.241410 17.0 0.245438 18.0 0.249201 19.0 0.252714 20.0 0.255987 21.0 0.259028 22.0 0.261848 23.0 0.264452 24.0 0.266848 25.0 0.269044 26.0 0.271053 27.0 0.272884 28.0 0.274552 29.0 0.276074 30.0 0.277474
0.017518  0.0 0.109026 1.0 0.124208 2.0 0.137903 3.0 0.150287 4.0 0.161511 5.0 0.171716 6.0 0.181018 7.0 0.189526 8.0 0.197331 9.0 0.204516 10.0 0.211151 11.0 0.217294 12.0 0.222999 13.0 0.228311 14.0 0.233262 15.0 0.237887 16.0 0.242210 17.0 0.246251 18.0 0.250026 19.0 0.253550 20.0 0.256833 21.0 0.259885 22.0 0.262713 23.0 0.265324 24.0 0.267729 25.0 0.269933 26.0 0.271947 27.0 0.273783 28.0 0.275457 29.0 0.276984 30.0 0.278388
0.018528  0.0 0.109397 1.0 0.124628 2.0 0.138369 3.0 0.150793 4.0 0.162056 5.0 0.172292 6.0 0.181625 7.0 0.190161 8.0 0.197992 9.0 0.205199 10.0 0.211855 11.0 0.218020 12.0 0.223744 13.0 0.229071 14.0 0.234040 15.0 0.238680 16.0 0.243016 17.0 0.247069 18.0 0.250856 19.0 0.254392 20.0 0.257685 21.0 0.260746 22.0 0.263583 23.0 0.266204 24.0 0.268615 25.0 0.270825 26.0 0.272846 27.0 0.274688 28.0 0.276366 29.0 0.277898 30.0 0.279307
0.019596  0.0 0.109769 1.0 0.125051 2.0 0.138838 3.0 0.151303 4.0 0.162602 5.0 0.172873 6.0 0.182237 7.0 0.190800 8.0 0.198656 9.0 0.205889 10.0 0.212566 11.0 0.218749 12.0 0.224492 13.0 0.229837 14.0 0.234821 15.0 0.239475 16.0 0.243826 17.0 0.247893 18.0 0.251693 19.0 0.255239 20.0 0.258542 21.0 0.261614 22.0 0.264460 23.0 0.267088 24.0 0.269507 25.0 0.271725 26.0 0.273752 27.0 0.275599 28.0 0.277283 29.0 0.278820 30.0 0.280233
0.020726  0.0 0.110144 1.0 0.125477 2.0 0.139310 3.0 0.151817 4.0 0.163154 5.0 0.173457 6.0 0.182852 7.0 0.191444 8.0 0.199326 9.0 0.206581 10.0 0.213280 11.0 0.219485 12.0 0.225246 13.0 0.230608 14.0 0.235609 15.0 0.240279 16.0 0.244643 17.0 0.248722 18.0 0.252534 19.0 0.256092 20.0 0.259406 21.0 0.262487 22.0 0.265341 23.0 0.267979 24.0 0.270405 25.0 0.272629 26.0 0.274663 27.0 0.276517 28.0 0.278205 29.0 0.279746 30.0 0.281163
0.021921  0.0 0.110521 1.0 0.125907 2.0 0.139786 3.0 0.152334 4.0 0.163707 5.0 0.174047 6.0 0.183472 7.0 0.192092 8.0 0.200000 9.0 0.207280 10.0 0.214001 11.0 0.220224 12.0 0.226004 13.0 0.231385 14.0 0.236401 15.0 0.241085 16.0 0.245464 17.0 0.249558 18.0 0.253381 19.0 0.256950 20.0 0.260275 21.0 0.263366 22.0 0.266230 23.0 0.268874 24.0 0.271309 25.0 0.273541 26.0 0.275581 27.0 0.277440 28.0 0.279134 29.0 0.280681 30.0 0.282102
0.023185  0.0 0.110902 1.0 0.126338 2.0 0.140264 3.0 0.152854 4.0 0.164267 5.0 0.174639 6.0 0.184096 7.0 0.192744 8.0 0.200679 9.0 0.207982 10.0 0.214725 11.0 0.220970 12.0 0.226769 13.0 0.232166 14.0 0.237199 15.0 0.241900 16.0 0.246292 17.0 0.250397 18.0 0.254234 19.0 0.257815 20.0 0.261151 21.0 0.264251 22.0 0.267123 23.0 0.269778 24.0 0.272219 25.0 0.274458 26.0 0.276504 27.0 0.278369 28.0 0.280069 29.0 0.281619 30.0 0.283045
0.024522  0.0 0.111284 1.0 0.126774 2.0 0.140746 3.0 0.153378 4.0 0.164828 5.0 0.175236 6.0 0.184724 7.0 0.193401 8.0 0.201361 9.0 0.208689 10.0 0.215455 11.0 0.221719 12.0 0.227537 13.0 0.232953 14.0 0.238002 15.0 0.242717 16.0 0.247124 17.0 0.251244 18.0 0.255093 19.0 0.258684 20.0 0.262031 21.0 0.265141 22.0 0.268024 23.0 0.270685 24.0 0.273136 25.0 0.275382 26.0 0.277434 27.0 0.279305 28.0 0.281010 29.0 0.282566 30.0 0.283996
0.025936  0.0 0.111670 1.0 0.127211 2.0 0.141231 3.0 0.153906 4.0 0.165395 5.0 0.175837 6.0 0.185357 7.0 0.194063 8.0 0.202050 9.0 0.209401 10.0 0.216189 11.0 0.222476 12.0 0.228313 13.0 0.233745 14.0 0.238812 15.0 0.243542 16.0 0.247964 17.0 0.252095 18.0 0.255957 19.0 0.259561 20.0 0.262918 21.0 0.266038 22.0 0.268929 23.0 0.271601 24.0 0.274057 25.0 0.276311 26.0 0.278370 27.0 0.280247 28.0 0.281957 29.0 0.283518 30.0 0.284952
0.027432  0.0 0.112058 1.0 0.127653 2.0 0.141720 3.0 0.154437 4.0 0.165964 5.0 0.176442 6.0 0.185993 7.0 0.194728 8.0 0.202742 9.0 0.210118 10.0 0.216929 11.0 0.223235 12.0 0.229091 13.0 0.234543 14.0 0.239625 15.0 0.244371 16.0 0.248807 17.0 0.252954 18.0 0.256827 19.0 0.260442 20.0 0.263810 21.0 0.266941 22.0 0.269843 23.0 0.272520 24.0 0.274987 25.0 0.277247 26.0 0.279312 27.0 0.281195 28.0 0.282911 29.0 0.284477 30.0 0.285916
0.029013  0.0 0.112449 1.0 0.128096 2.0 0.142211 3.0 0.154973 4.0 0.166539 5.0 0.177051 6.0 0.186635 7.0 0.195399 8.0 0.203440 9.0 0.210840 10.0 0.217673 11.0 0.224001 12.0 0.229877 13.0 0.235346 14.0 0.240446 15.0 0.245207 16.0 0.249658 17.0 0.253816 18.0 0.257704 19.0 0.261331 20.0 0.264710 21.0 0.267851 22.0 0.270760 23.0 0.273449 24.0 0.275921 25.0 0.278189 26.0 0.280262 27.0 0.282151 28.0 0.283871 29.0 0.285442 30.0 0.286884
0.030686  0.0 0.112842 1.0 0.128544 2.0 0.142707 3.0 0.155511 4.0 0.167116 5.0 0.177665 6.0 0.187280 7.0 0.196073 8.0 0.204142 9.0 0.211567 10.0 0.218423 11.0 0.224772 12.0 0.230667 13.0 0.236154 14.0 0.241270 15.0 0.246048 16.0 0.250513 17.0 0.254687 18.0 0.258586 19.0 0.262224 20.0 0.265614 21.0 0.268765 22.0 0.271686 23.0 0.274381 24.0 0.276863 25.0 0.279138 26.0 0.281216 27.0 0.283111 28.0 0.284837 29.0 0.286414 30.0 0.287862
0.032456  0.0 0.113239 1.0 0.128994 2.0 0.143206 3.0 0.156054 4.0 0.167698 5.0 0.178282 6.0 0.187931 7.0 0.196754 8.0 0.204849 9.0 0.212299 10.0 0.219178 11.0 0.225548 12.0 0.231463 13.0 0.236969 14.0 0.242102 15.0 0.246896 16.0 0.251376 17.0 0.255562 18.0 0.259475 19.0 0.263126 20.0 0.266527 21.0 0.269688 22.0 0.272616 23.0 0.275322 24.0 0.277810 25.0 0.280093 26.0 0.282179 27.0 0.284080 28.0 0.285812 29.0 0.287392 30.0 0.288844
0.034327  0.0 0.113638 1.0 0.129448 2.0 0.143708 3.0 0.156600 4.0 0.168284 5.0 0.178904 6.0 0.188585 7.0 0.197438 8.0 0.205561 9.0 0.213036 10.0 0.219938 11.0 0.226330 12.0 0.232264 13.0 0.237788 14.0 0.242939 15.0 0.247748 16.0 0.252242 17.0 0.256444 18.0 0.260368 19.0 0.264031 20.0 0.267444 21.0 0.270615 22.0 0.273554 23.0 0.276268 24.0 0.278766 25.0 0.281055 26.0 0.283146 27.0 0.285053 28.0 0.286791 29.0 0.288377 30.0 0.289835
0.036307  0.0 0.114039 1.0 0.129904 2.0 0.144214 3.0 0.157150 4.0 0.168874 5.0 0.179531 6.0 0.189245 7.0 0.198128 8.0 0.206277 9.0 0.213778 10.0 0.220704 11.0 0.227117 12.0 0.233071 13.0 0.238614 14.0 0.243781 15.0 0.248607 16.0 0.253117 17.0 0.257331 18.0 0.261270 19.0 0.264945 20.0 0.268368 21.0 0.271550 22.0 0.274498 23.0 0.277221 24.0 0.279725 25.0 0.282023 26.0 0.284122 27.0 0.286036 28.0 0.287778 29.0 0.289369 30.0 0.290830
0.038400  0.0 0.114445 1.0 0.130364 2.0 0.144723 3.0 0.157704 4.0 0.169469 5.0 0.180161 6.0 0.189908 7.0 0.198822 8.0 0.207000 9.0 0.214525 10.0 0.221474 11.0 0.227909 12.0 0.233884 13.0 0.239444 14.0 0.244630 15.0 0.249472 16.0 0.253996 17.0 0.258226 18.0 0.262176 19.0 0.265863 20.0 0.269298 21.0 0.272489 22.0 0.275449 23.0 0.278180 24.0 0.280694 25.0 0.282998 26.0 0.285103 27.0 0.287022 28.0 0.288771 29.0 0.290367 30.0 0.291834
0.040614  0.0 0.114852 1.0 0.130827 2.0 0.145236 3.0 0.158262 4.0 0.170067 5.0 0.180797 6.0 0.190577 7.0 0.199521 8.0 0.207726 9.0 0.215278 10.0 0.222251 11.0 0.228707 12.0 0.234702 13.0 0.240282 14.0 0.245484 15.0 0.250342 16.0 0.254882 17.0 0.259125 18.0 0.263090 19.0 0.266789 20.0 0.270235 21.0 0.273438 22.0 0.276405 23.0 0.279146 24.0 0.281668 25.0 0.283980 26.0 0.286093 27.0 0.288019 28.0 0.289773 29.0 0.291374 30.0 0.292844
0.042956  0.0 0.115263 1.0 0.131294 2.0 0.145752 3.0 0.158824 4.0 0.170670 5.0 0.181436 6.0 0.191250 7.0 0.200225 8.0 0.208459 9.0 0.216035 10.0 0.223032 11.0 0.229511 12.0 0.235526 13.0 0.241124 14.0 0.246345 15.0 0.251220 16.0 0.255774 17.0 0.260032 18.0 0.264009 19.0 0.267721 20.0 0.271179 21.0 0.274391 22.0 0.277369 23.0 0.280119 24.0 0.282649 25.0 0.284968 26.0 0.287087 27.0 0.289020 28.0 0.290779 29.0 0.292385 30.0 0.293862
0.045433  0.0 0.115676 1.0 0.131764 2.0 0.146273 3.0 0.159389 4.0 0.171276 5.0 0.182080 6.0 0.191929 7.0 0.200934 8.0 0.209195 9.0 0.216799 10.0 0.223820 11.0 0.230319 12.0 0.236355 13.0 0.241974 14.0 0.247211 15.0 0.252102 16.0 0.256673 17.0 0.260945 18.0 0.264936 19.0 0.268659 20.0 0.272128 21.0 0.275353 22.0 0.278340 23.0 0.281098 24.0 0.283637 25.0 0.285965 26.0 0.288091 27.0 0.290029 28.0 0.291795 29.0 0.293406 30.0 0.294886
0.048053  0.0 0.116093 1.0 0.132237 2.0 0.146797 3.0 0.159960 4.0 0.171888 5.0 0.182728 6.0 0.192611 7.0 0.201648 8.0 0.209938 9.0 0.217567 10.0 0.224611 11.0 0.231135 12.0 0.237192 13.0 0.242828 14.0 0.248084 15.0 0.252992 16.0 0.257577 17.0 0.261863 18.0 0.265868 19.0 0.269605 20.0 0.273085 21.0 0.276320 22.0 0.279317 23.0 0.282085 24.0 0.284632 25.0 0.286966 26.0 0.289100 27.0 0.291044 28.0 0.292815 29.0 0.294431 30.0 0.295918
0.050824  0.0 0.116512 1.0 0.132714 2.0 0.147325 3.0 0.160533 4.0 0.172503 5.0 0.183383 6.0 0.193299 7.0 0.202367 8.0 0.210685 9.0 0.218342 10.0 0.225411 11.0 0.231955 12.0 0.238032 13.0 0.243689 14.0 0.248962 15.0 0.253886 16.0 0.258488 17.0 0.262789 18.0 0.266807 19.0 0.270556 20.0 0.274048 21.0 0.277294 22.0 0.280302 23.0 0.283078 24.0 0.285634 25.0 0.287977 26.0 0.290117 27.0 0.292068 28.0 0.293845 29.0 0.295467 30.0 0.296957
0.053755  0.0 0.116935 1.0 0.133193 2.0 0.147857 3.0 0.161112 4.0 0.173124 5.0 0.184040 6.0 0.193992 7.0 0.203091 8.0 0.211439 9.0 0.219121 10.0 0.226214 11.0 0.232783 12.0 0.238881 13.0 0.244556 14.0 0.249848 15.0 0.254789 16.0 0.259406 17.0 0.263721 18.0 0.267753 19.0 0.271515 20.0 0.275019 21.0 0.278275 22.0 0.281292 23.0 0.284079 24.0 0.286642 25.0 0.288992 26.0 0.291140 27.0 0.293098 28.0 0.294881 29.0 0.296507 30.0 0.298002
0.056854  0.0 0.117361 1.0 0.133677 2.0 0.148392 3.0 0.161693 4.0 0.173748 5.0 0.184703 6.0 0.194689 7.0 0.203820 8.0 0.212197 9.0 0.219907 10.0 0.227024 11.0 0.233615 12.0 0.239734 13.0 0.245429 14.0 0.250739 15.0 0.255697 16.0 0.260330 17.0 0.264660 18.0 0.268705 19.0 0.272479 20.0 0.275995 21.0 0.279263 22.0 0.282291 23.0 0.285085 24.0 0.287659 25.0 0.290017 26.0 0.292171 27.0 0.294135 28.0 0.295924 29.0 0.297557 30.0 0.299056
0.060133  0.0 0.117789 1.0 0.134164 2.0 0.148932 3.0 0.162281 4.0 0.174377 5.0 0.185371 6.0 0.195392 7.0 0.204556 8.0 0.212961 9.0 0.220698 10.0 0.227840 11.0 0.234454 12.0 0.240594 13.0 0.246309 14.0 0.251637 15.0 0.256612 16.0 0.261261 17.0 0.265605 18.0 0.269665 19.0 0.273452 20.0 0.276980 21.0 0.280259 22.0 0.283295 23.0 0.286101 24.0 0.288681 25.0 0.291048 26.0 0.293210 27.0 0.295180 28.0 0.296975 29.0 0.298612 30.0 0.300116
0.063600  0.0 0.118221 1.0 0.134655 2.0 0.149475 3.0 0.162871 4.0 0.175011 5.0 0.186043 6.0 0.196099 7.0 0.205295 8.0 0.213731 9.0 0.221494 10.0 0.228661 11.0 0.235298 12.0 0.241460 13.0 0.247194 14.0 0.252541 15.0 0.257533 16.0 0.262197 17.0 0.266558 18.0 0.270630 19.0 0.274430 20.0 0.277970 21.0 0.281260 22.0 0.284309 23.0 0.287122 24.0 0.289713 25.0 0.292087 26.0 0.294255 27.0 0.296232 28.0 0.298032 29.0 0.299676 30.0 0.301186
0.067268  0.0 0.118656 1.0 0.135149 2.0 0.150023 3.0 0.163466 4.0 0.175649 5.0 0.186721 6.0 0.196813 7.0 0.206041 8.0 0.214505 9.0 0.222297 10.0 0.229489 11.0 0.236149 12.0 0.242332 13.0 0.248087 14.0 0.253452 15.0 0.258461 16.0 0.263143 17.0 0.267517 18.0 0.271604 19.0 0.275417 20.0 0.278969 21.0 0.282270 22.0 0.285328 23.0 0.288153 24.0 0.290750 25.0 0.293133 26.0 0.295309 27.0 0.297293 28.0 0.299099 29.0 0.300748 30.0 0.302261
0.071146  0.0 0.119094 1.0 0.135647 2.0 0.150573 3.0 0.164066 4.0 0.176293 5.0 0.187403 6.0 0.197531 7.0 0.206791 8.0 0.215287 9.0 0.223104 10.0 0.230322 11.0 0.237006 12.0 0.243211 13.0 0.248984 14.0 0.254369 15.0 0.259396 16.0 0.264093 17.0 0.268483 18.0 0.272583 19.0 0.276410 20.0 0.279974 21.0 0.283286 22.0 0.286355 23.0 0.289189 24.0 0.291796 25.0 0.294186 26.0 0.296368 27.0 0.298359 28.0 0.300171 29.0 0.301826 30.0 0.303346
0.075249  0.0 0.119536 1.0 0.136149 2.0 0.151129 3.0 0.164669 4.0 0.176939 5.0 0.188091 6.0 0.198254 7.0 0.207548 8.0 0.216072 9.0 0.223919 10.0 0.231162 11.0 0.237868 12.0 0.244095 13.0 0.249891 14.0 0.255293 15.0 0.260337 16.0 0.265051 17.0 0.269456 18.0 0.273571 19.0 0.277411 20.0 0.280987 21.0 0.284311 22.0 0.287390 23.0 0.290233 24.0 0.292849 25.0 0.295247 26.0 0.297438 27.0 0.299435 28.0 0.301254 29.0 0.302913 30.0 0.304437
0.079588  0.0 0.119980 1.0 0.136653 2.0 0.151688 3.0 0.165278 4.0 0.177593 5.0 0.188783 6.0 0.198983 7.0 0.208310 8.0 0.216865 9.0 0.224738 10.0 0.232007 11.0 0.238738 12.0 0.244987 13.0 0.250802 14.0 0.256224 15.0 0.261286 16.0 0.266016 17.0 0.270436 18.0 0.274565 19.0 0.278419 20.0 0.282007 21.0 0.285342 22.0 0.288432 23.0 0.291285 24.0 0.293910 25.0 0.296315 26.0 0.298514 27.0 0.300517 28.0 0.302342 29.0 0.304007 30.0 0.305537
0.084177  0.0 0.120429 1.0 0.137163 2.0 0.152252 3.0 0.165890 4.0 0.178250 5.0 0.189481 6.0 0.199717 7.0 0.209076 8.0 0.217663 9.0 0.225565 10.0 0.232860 11.0 0.239613 12.0 0.245884 13.0 0.251720 14.0 0.257160 15.0 0.262240 16.0 0.266987 17.0 0.271424 18.0 0.275567 19.0 0.279433 20.0 0.283034 21.0 0.286381 22.0 0.289482 23.0 0.292344 24.0 0.294978 25.0 0.297393 26.0 0.299598 27.0 0.301608 28.0 0.303439 29.0 0.305110 30.0 0.306645
0.089031  0.0 0.120880 1.0 0.137675 2.0 0.152820 3.0 0.166508 4.0 0.178912 5.0 0.190183 6.0 0.200457 7.0 0.209850 8.0 0.218467 9.0 0.226397 10.0 0.233717 11.0 0.240496 12.0 0.246789 13.0 0.252646 14.0 0.258106 15.0 0.263204 16.0 0.267967 17.0 0.272417 18.0 0.276576 19.0 0.280456 20.0 0.284070 21.0 0.287428 22.0 0.290538 23.0 0.293412 24.0 0.296054 25.0 0.298476 26.0 0.300690 27.0 0.302707 28.0 0.304544 29.0 0.306220 30.0 0.307760
0.094165  0.0 0.121335 1.0 0.138192 2.0 0.153392 3.0 0.167130 4.0 0.179579 5.0 0.190891 6.0 0.201201 7.0 0.210628 8.0 0.219277 9.0 0.227235 10.0 0.234582 11.0 0.241384 12.0 0.247700 13.0 0.253577 14.0 0.259057 15.0 0.264173 16.0 0.268952 17.0 0.273420 18.0 0.277592 19.0 0.281485 20.0 0.285111 21.0 0.288481 22.0 0.291604 23.0 0.294485 24.0 0.297138 25.0 0.299569 26.0 0.301790 27.0 0.303813 28.0 0.305657 29.0 0.307339 30.0 0.308884
0.099595  0.0 0.121793 1.0 0.138713 2.0 0.153969 3.0 0.167757 4.0 0.180250 5.0 0.191604 6.0 0.201952 7.0 0.211414 8.0 0.220092 9.0 0.228080 10.0 0.235453 11.0 0.242280 12.0 0.248618 13.0 0.254517 14.0 0.260015 15.0 0.265149 16.0 0.269947 17.0 0.274429 18.0 0.278617 19.0 0.282524 20.0 0.286163 21.0 0.289544 22.0 0.292676 23.0 0.295569 24.0 0.298229 25.0 0.300669 26.0 0.302898 27.0 0.304929 28.0 0.306778 29.0 0.308466 30.0 0.310015
0.105338  0.0 0.122255 1.0 0.139237 2.0 0.154549 3.0 0.168388 4.0 0.180928 5.0 0.192322 6.0 0.202708 7.0 0.212204 8.0 0.220915 9.0 0.228930 10.0 0.236330 11.0 0.243182 12.0 0.249543 13.0 0.255461 14.0 0.260981 15.0 0.266133 16.0 0.270947 17.0 0.275446 18.0 0.279647 19.0 0.283568 20.0 0.287220 21.0 0.290613 22.0 0.293757 23.0 0.296659 24.0 0.299330 25.0 0.301778 26.0 0.304013 27.0 0.306051 28.0 0.307907 29.0 0.309601 30.0 0.311156
0.111412  0.0 0.122720 1.0 0.139766 2.0 0.155135 3.0 0.169024 4.0 0.181610 5.0 0.193047 6.0 0.203470 7.0 0.213000 8.0 0.221742 9.0 0.229788 10.0 0.237215 11.0 0.244090 12.0 0.250474 13.0 0.256415 14.0 0.261953 15.0 0.267124 16.0 0.271956 17.0 0.276470 18.0 0.280687 19.0 0.284622 20.0 0.288286 21.0 0.291692 22.0 0.294846 23.0 0.297759 24.0 0.300438 25.0 0.302895 26.0 0.305139 27.0 0.307183 28.0 0.309046 29.0 0.310745 30.0 0.312304
0.117836  0.0 0.123189 1.0 0.140298 2.0 0.155724 3.0 0.169666 4.0 0.182298 5.0 0.193776 6.0 0.204238 7.0 0.213803 8.0 0.222577 9.0 0.230651 10.0 0.238104 11.0 0.245006 12.0 0.251413 13.0 0.257375 14.0 0.262934 15.0 0.268123 16.0 0.272971 17.0 0.277502 18.0 0.281734 19.0 0.285683 20.0 0.289360 21.0 0.292777 22.0 0.295943 23.0 0.298866 24.0 0.301555 25.0 0.304018 26.0 0.306270 27.0 0.308322 28.0 0.310191 29.0 0.311896 30.0 0.313462
0.124631  0.0 0.123662 1.0 0.140835 2.0 0.156318 3.0 0.170311 4.0 0.182990 5.0 0.194511 6.0 0.205011 7.0 0.214611 8.0 0.223417 9.0 0.231521 10.0 0.239002 11.0 0.245928 12.0 0.252358 13.0 0.258342 14.0 0.263920 15.0 0.269128 16.0 0.273994 17.0 0.278542 18.0 0.282789 19.0 0.286751 20.0 0.290441 21.0 0.293871 22.0 0.297048 23.0 0.299980 24.0 0.302679 25.0 0.305153 26.0 0.307412 27.0 0.309471 28.0 0.311346 29.0 0.313057 30.0 0.314628
0.131817  0.0 0.124137 1.0 0.141375 2.0 0.156917 3.0 0.170962 4.0 0.183688 5.0 0.195252 6.0 0.205791 7.0 0.215426 8.0 0.224264 9.0 0.232398 10.0 0.239906 11.0 0.246858 12.0 0.253312 13.0 0.259317 14.0 0.264916 15.0 0.270142 16.0 0.275026 17.0 0.279588 18.0 0.283852 19.0 0.287829 20.0 0.291532 21.0 0.294973 22.0 0.298160 23.0 0.301105 24.0 0.303812 25.0 0.306294 26.0 0.308562 27.0 0.310628 28.0 0.312509 29.0 0.314225 30.0 0.315802
0.139418  0.0 0.124617 1.0 0.141920 2.0 0.157520 3.0 0.171618 4.0 0.184392 5.0 0.195997 6.0 0.206575 7.0 0.216247 8.0 0.225118 9.0 0.233281 10.0 0.240817 11.0 0.247794 12.0 0.254271 13.0 0.260298 14.0 0.265918 15.0 0.271163 16.0 0.276064 17.0 0.280645 18.0 0.284921 19.0 0.288912 20.0 0.292629 21.0 0.296083 22.0 0.299283 23.0 0.302236 24.0 0.304954 25.0 0.307445 26.0 0.309720 27.0 0.311793 28.0 0.313681 29.0 0.315404 30.0 0.316986
0.147457  0.0 0.125101 1.0 0.142469 2.0 0.158128 3.0 0.172278 4.0 0.185099 5.0 0.196750 6.0 0.207367 7.0 0.217074 8.0 0.225977 9.0 0.234172 10.0 0.241735 11.0 0.248737 12.0 0.255238 13.0 0.261288 14.0 0.266927 15.0 0.272192 16.0 0.277112 17.0 0.281707 18.0 0.286001 19.0 0.290006 20.0 0.293737 21.0 0.297203 22.0 0.300412 23.0 0.303378 24.0 0.306103 25.0 0.308604 26.0 0.310887 27.0 0.312968 28.0 0.314862 29.0 0.316591 30.0 0.318177
0.155960  0.0 0.125588 1.0 0.143022 2.0 0.158741 3.0 0.172945 4.0 0.185814 5.0 0.197507 6.0 0.208164 7.0 0.217908 8.0 0.226845 9.0 0.235068 10.0 0.242659 11.0 0.249689 12.0 0.256214 13.0 0.262284 14.0 0.267945 15.0 0.273230 16.0 0.278166 17.0 0.282779 18.0 0.287087 19.0 0.291108 20.0 0.294851 21.0 0.298328 22.0 0.301552 23.0 0.304526 24.0 0.307264 25.0 0.309771 26.0 0.312062 27.0 0.314150 28.0 0.316051 29.0 0.317786 30.0 0.319379
0.164953  0.0 0.126079 1.0 0.143580 2.0 0.159358 3.0 0.173615 4.0 0.186534 5.0 0.198271 6.0 0.208967 7.0 0.218747 8.0 0.227717 9.0 0.235972 10.0 0.243592 11.0 0.250646 12.0 0.257195 13.0 0.263290 14.0 0.268970 15.0 0.274273 16.0 0.279229 17.0 0.283859 18.0 0.288183 19.0 0.292217 20.0 0.295974 21.0 0.299466 22.0 0.302699 23.0 0.305684 24.0 0.308431 25.0 0.310949 26.0 0.313248 27.0 0.315343 28.0 0.317251 29.0 0.318992 30.0 0.320589
0.174465  0.0 0.126574 1.0 0.144142 2.0 0.159980 3.0 0.174292 4.0 0.187259 5.0 0.199040 6.0 0.209778 7.0 0.219594 8.0 0.228598 9.0 0.236883 10.0 0.244531 11.0 0.251612 12.0 0.258186 13.0 0.264302 14.0 0.270004 15.0 0.275327 16.0 0.280300 17.0 0.284946 18.0 0.289287 19.0 0.293336 20.0 0.297107 21.0 0.300610 22.0 0.303855 23.0 0.306852 24.0 0.309607 25.0 0.312133 26.0 0.314441 27.0 0.316544 28.0 0.318458 29.0 0.320204 30.0 0.321809
0.184525  0.0 0.127073 1.0 0.144708 2.0 0.160607 3.0 0.174974 4.0 0.187990 5.0 0.199815 6.0 0.210593 7.0 0.220446 8.0 0.229485 9.0 0.237800 10.0 0.245477 11.0 0.252585 12.0 0.259183 13.0 0.265321 14.0 0.271045 15.0 0.276387 16.0 0.281378 17.0 0.286043 18.0 0.290398 19.0 0.294461 20.0 0.298246 21.0 0.301763 22.0 0.305020 23.0 0.308026 24.0 0.310794 25.0 0.313329 26.0 0.315644 27.0 0.317754 28.0 0.319676 29.0 0.321429 30.0 0.323038
0.195165  0.0 0.127576 1.0 0.145280 2.0 0.161239 3.0 0.175660 4.0 0.188726 5.0 0.200598 6.0 0.211416 7.0 0.221306 8.0 0.230377 9.0 0.238726 10.0 0.246432 11.0 0.253565 12.0 0.260187 13.0 0.266350 14.0 0.272094 15.0 0.277456 16.0 0.282467 17.0 0.287147 18.0 0.291520 19.0 0.295598 20.0 0.299397 21.0 0.302925 22.0 0.306193 23.0 0.309212 24.0 0.311987 25.0 0.314532 26.0 0.316857 27.0 0.318974 28.0 0.320902 29.0 0.322661 30.0 0.324275
0.206419  0.0 0.128082 1.0 0.145854 2.0 0.161876 3.0 0.176353 4.0 0.189469 5.0 0.201385 6.0 0.212245 7.0 0.222173 8.0 0.231279 9.0 0.239657 10.0 0.247392 11.0 0.254554 12.0 0.261201 13.0 0.267385 14.0 0.273152 15.0 0.278534 16.0 0.283562 17.0 0.288261 18.0 0.292648 19.0 0.296742 20.0 0.300554 21.0 0.304095 22.0 0.307377 23.0 0.310406 24.0 0.313192 25.0 0.315745 26.0 0.318077 27.0 0.320202 28.0 0.322137 29.0 0.323903 30.0 0.325524
0.218322  0.0 0.128593 1.0 0.146435 2.0 0.162518 3.0 0.177051 4.0 0.190217 5.0 0.202179 6.0 0.213080 7.0 0.223045 8.0 0.232186 9.0 0.240598 10.0 0.248362 11.0 0.255548 12.0 0.262221 13.0 0.268430 14.0 0.274216 15.0 0.279619 16.0 0.284667 17.0 0.289383 18.0 0.293787 19.0 0.297895 20.0 0.301722 21.0 0.305277 22.0 0.308569 23.0 0.311609 24.0 0.314405 25.0 0.316968 26.0 0.319309 27.0 0.321442 28.0 0.323384 29.0 0.325155 30.0 0.326781
0.230911  0.0 0.129108 1.0 0.147019 2.0 0.163165 3.0 0.177754 4.0 0.190971 5.0 0.202979 6.0 0.213922 7.0 0.223926 8.0 0.233101 9.0 0.241544 10.0 0.249338 11.0 0.256553 12.0 0.263250 13.0 0.269482 14.0 0.275292 15.0 0.280714 16.0 0.285780 17.0 0.290513 18.0 0.294934 19.0 0.299058 20.0 0.302899 21.0 0.306466 22.0 0.309770 23.0 0.312822 24.0 0.315628 25.0 0.318199 26.0 0.320549 27.0 0.322690 28.0 0.324638 29.0 0.326415 30.0 0.328048
0.244226  0.0 0.129627 1.0 0.147608 2.0 0.163817 3.0 0.178463 4.0 0.191731 5.0 0.203785 6.0 0.214770 7.0 0.224813 8.0 0.234024 9.0 0.242498 10.0 0.250321 11.0 0.257564 12.0 0.264287 13.0 0.270542 14.0 0.276373 15.0 0.281817 16.0 0.286901 17.0 0.291653 18.0 0.296090 19.0 0.300228 20.0 0.304083 21.0 0.307664 22.0 0.310982 23.0 0.314043 24.0 0.316861 25.0 0.319442 26.0 0.321799 27.0 0.323947 28.0 0.325904 29.0 0.327688 30.0 0.329326
0.258309  0.0 0.130150 1.0 0.148203 2.0 0.164475 3.0 0.179177 4.0 0.192497 5.0 0.204599 6.0 0.215626 7.0 0.225707 8.0 0.234952 9.0 0.243461 10.0 0.251314 11.0 0.258583 12.0 0.265332 13.0 0.271612 14.0 0.277464 15.0 0.282928 16.0 0.288033 17.0 0.292801 18.0 0.297256 19.0 0.301410 20.0 0.305279 21.0 0.308873 22.0 0.312201 23.0 0.315276 24.0 0.318101 25.0 0.320693 26.0 0.323060 27.0 0.325216 28.0 0.327179 29.0 0.328969 30.0 0.330611
0.273204  0.0 0.130677 1.0 0.148801 2.0 0.165138 3.0 0.179899 4.0 0.193270 5.0 0.205418 6.0 0.216488 7.0 0.226608 8.0 0.235890 9.0 0.244430 10.0 0.252313 11.0 0.259612 12.0 0.266386 13.0 0.272688 14.0 0.278565 15.0 0.284049 16.0 0.289172 17.0 0.293959 18.0 0.298429 19.0 0.302600 20.0 0.306483 21.0 0.310089 22.0 0.313432 23.0 0.316517 24.0 0.319354 25.0 0.321954 26.0 0.324328 27.0 0.326492 28.0 0.328462 29.0 0.330260 30.0 0.331910
0.288957  0.0 0.131209 1.0 0.149405 2.0 0.165806 3.0 0.180625 4.0 0.194049 5.0 0.206244 6.0 0.217356 7.0 0.227516 8.0 0.236834 9.0 0.245408 10.0 0.253321 11.0 0.260647 12.0 0.267447 13.0 0.273775 14.0 0.279672 15.0 0.285177 16.0 0.290320 17.0 0.295126 18.0 0.299613 19.0 0.303799 20.0 0.307696 21.0 0.311318 22.0 0.314672 23.0 0.317768 24.0 0.320615 25.0 0.323226 26.0 0.325609 27.0 0.327781 28.0 0.329758 29.0 0.331562 30.0 0.333217
0.305619  0.0 0.131745 1.0 0.150014 2.0 0.166480 3.0 0.181356 4.0 0.194833 5.0 0.207077 6.0 0.218233 7.0 0.228432 8.0 0.237786 9.0 0.246393 10.0 0.254337 11.0 0.261691 12.0 0.268518 13.0 0.274869 14.0 0.280790 15.0 0.286316 16.0 0.291479 17.0 0.296301 18.0 0.300806 19.0 0.305008 20.0 0.308921 21.0 0.312555 22.0 0.315920 23.0 0.319029 24.0 0.321887 25.0 0.324506 26.0 0.326899 27.0 0.329079 28.0 0.331063 29.0 0.332872 30.0 0.334534
0.323242  0.0 0.132285 1.0 0.150627 2.0 0.167159 3.0 0.182095 4.0 0.195625 5.0 0.207915 6.0 0.219116 7.0 0.229355 8.0 0.238746 9.0 0.247385 10.0 0.255360 11.0 0.262744 12.0 0.269597 13.0 0.275972 14.0 0.281916 15.0 0.287464 16.0 0.292645 17.0 0.297488 18.0 0.302008 19.0 0.306226 20.0 0.310153 21.0 0.313801 22.0 0.317181 23.0 0.320299 24.0 0.323169 25.0 0.325798 26.0 0.328199 27.0 0.330387 28.0 0.332379 29.0 0.334196 30.0 0.335863
0.341881  0.0 0.132830 1.0 0.151246 2.0 0.167843 3.0 0.182839 4.0 0.196422 5.0 0.208762 6.0 0.220006 7.0 0.230285 8.0 0.239713 9.0 0.248387 10.0 0.256393 11.0 0.263804 12.0 0.270683 13.0 0.277085 14.0 0.283051 15.0 0.288619 16.0 0.293822 17.0 0.298682 18.0 0.303221 19.0 0.307455 20.0 0.311397 21.0 0.315059 22.0 0.318450 23.0 0.321581 24.0 0.324460 25.0 0.327100 26.0 0.329510 27.0 0.331706 28.0 0.333705 29.0 0.335528 30.0 0.337200
0.361595  0.0 0.133380 1.0 0.151870 2.0 0.168534 3.0 0.183589 4.0 0.197226 5.0 0.209615 6.0 0.220905 7.0 0.231224 8.0 0.240688 9.0 0.249396 10.0 0.257434 11.0 0.264875 12.0 0.271781 13.0 0.278206 14.0 0.284196 15.0 0.289786 16.0 0.295008 17.0 0.299887 18.0 0.304443 19.0 0.308693 20.0 0.312650 21.0 0.316325 22.0 0.319730 23.0 0.322873 24.0 0.325764 25.0 0.328411 26.0 0.330830 27.0 0.333034 28.0 0.335040 29.0 0.336871 30.0 0.338551
0.382446  0.0 0.133933 1.0 0.152498 2.0 0.169230 3.0 0.184346 4.0 0.198038 5.0 0.210475 6.0 0.221809 7.0 0.232170 8.0 0.241672 9.0 0.250413 10.0 0.258483 11.0 0.265952 12.0 0.272886 13.0 0.279336 14.0 0.285349 15.0 0.290961 16.0 0.296203 17.0 0.301102 18.0 0.305675 19.0 0.309940 20.0 0.313912 21.0 0.317603 22.0 0.321020 23.0 0.324174 24.0 0.327076 25.0 0.329735 26.0 0.332163 27.0 0.334375 28.0 0.336389 29.0 0.338226 30.0 0.339911
0.404499  0.0 0.134492 1.0 0.153132 2.0 0.169931 3.0 0.185107 4.0 0.198855 5.0 0.211343 6.0 0.222722 7.0 0.233123 8.0 0.242662 9.0 0.251440 10.0 0.259541 11.0 0.267039 12.0 0.274000 13.0 0.280477 14.0 0.286512 15.0 0.292146 16.0 0.297409 17.0 0.302325 18.0 0.306917 19.0 0.311199 20.0 0.315187 21.0 0.318891 22.0 0.322320 23.0 0.325488 24.0 0.328399 25.0 0.331068 26.0 0.333506 27.0 0.335726 28.0 0.337747 29.0 0.339590 30.0 0.341282
0.427823  0.0 0.135055 1.0 0.153772 2.0 0.170639 3.0 0.185877 4.0 0.199679 5.0 0.212217 6.0 0.223642 7.0 0.234085 8.0 0.243662 9.0 0.252474 10.0 0.260606 11.0 0.268136 12.0 0.275124 13.0 0.281625 14.0 0.287685 15.0 0.293341 16.0 0.298624 17.0 0.303560 18.0 0.308168 19.0 0.312467 20.0 0.316470 21.0 0.320187 22.0 0.323632 23.0 0.326810 24.0 0.329734 25.0 0.332412 26.0 0.334858 27.0 0.337087 28.0 0.339116 29.0 0.340967 30.0 0.342665
0.452493  0.0 0.135623 1.0 0.154416 2.0 0.171352 3.0 0.186652 4.0 0.200511 5.0 0.213098 6.0 0.224568 7.0 0.235054 8.0 0.244670 9.0 0.253517 10.0 0.261682 11.0 0.269240 12.0 0.276256 13.0 0.282784 14.0 0.288866 15.0 0.294545 16.0 0.299849 17.0 0.304804 18.0 0.309431 19.0 0.313746 20.0 0.317764 21.0 0.321497 22.0 0.324954 23.0 0.328144 24.0 0.331079 25.0 0.333768 26.0 0.336224 27.0 0.338461 28.0 0.340497 29.0 0.342354 30.0 0.344058
0.478584  0.0 0.136196 1.0 0.155067 2.0 0.172072 3.0 0.187434 4.0 0.201348 5.0 0.213988 6.0 0.225505 7.0 0.236032 8.0 0.245685 9.0 0.254568 10.0 0.262766 11.0 0.270355 12.0 0.277399 13.0 0.283952 14.0 0.290059 15.0 0.295760 16.0 0.301085 17.0 0.306058 18.0 0.310704 19.0 0.315036 20.0 0.319070 21.0 0.322816 22.0 0.326286 23.0 0.329490 24.0 0.332435 25.0 0.335133 26.0 0.337599 27.0 0.339845 28.0 0.341888 29.0 0.343751 30.0 0.345463
0.506181  0.0 0.136774 1.0 0.155722 2.0 0.172798 3.0 0.188223 4.0 0.202194 5.0 0.214884 6.0 0.226448 7.0 0.237018 8.0 0.246711 9.0 0.255628 10.0 0.263858 11.0 0.271479 12.0 0.278550 13.0 0.285128 14.0 0.291261 15.0 0.296984 16.0 0.302329 17.0 0.307324 18.0 0.311986 19.0 0.316335 20.0 0.320385 21.0 0.324146 22.0 0.327630 23.0 0.330844 24.0 0.333803 25.0 0.336512 26.0 0.338986 27.0 0.341239 28.0 0.343291 29.0 0.345163 30.0 0.346880
0.535369  0.0 0.137356 1.0 0.156383 2.0 0.173529 3.0 0.189018 4.0 0.203046 5.0 0.215788 6.0 0.227398 7.0 0.238010 8.0 0.247743 9.0 0.256698 10.0 0.264962 11.0 0.272610 12.0 0.279710 13.0 0.286317 14.0 0.292472 15.0 0.298218 16.0 0.303586 17.0 0.308599 18.0 0.313281 19.0 0.317647 20.0 0.321712 21.0 0.325488 22.0 0.328985 23.0 0.332213 24.0 0.335180 25.0 0.337901 26.0 0.340385 27.0 0.342647 28.0 0.344707 29.0 0.346584 30.0 0.348306
0.566240  0.0 0.137944 1.0 0.157050 2.0 0.174267 3.0 0.189819 4.0 0.203905 5.0 0.216700 6.0 0.228358 7.0 0.239014 8.0 0.248785 9.0 0.257776 10.0 0.266073 11.0 0.273754 12.0 0.280882 13.0 0.287514 14.0 0.293695 15.0 0.299464 16.0 0.304852 17.0 0.309884 18.0 0.314585 19.0 0.318969 20.0 0.323050 21.0 0.326840 22.0 0.330350 23.0 0.333591 24.0 0.336571 25.0 0.339300 26.0 0.341794 27.0 0.344065 28.0 0.346132 29.0 0.348017 30.0 0.349748
0.598891  0.0 0.138536 1.0 0.157723 2.0 0.175012 3.0 0.190628 4.0 0.204772 5.0 0.217619 6.0 0.229325 7.0 0.240024 8.0 0.249836 9.0 0.258862 10.0 0.267193 11.0 0.274906 12.0 0.282063 13.0 0.288720 14.0 0.294927 15.0 0.300719 16.0 0.306128 17.0 0.311182 18.0 0.315900 19.0 0.320300 20.0 0.324397 21.0 0.328204 22.0 0.331729 23.0 0.334980 24.0 0.337973 25.0 0.340713 26.0 0.343216 27.0 0.345496 28.0 0.347571 29.0 0.349464 30.0 0.351200
0.633424  0.0 0.139134 1.0 0.158401 2.0 0.175762 3.0 0.191444 4.0 0.205646 5.0 0.218546 6.0 0.230300 7.0 0.241043 8.0 0.250895 9.0 0.259959 10.0 0.268324 11.0 0.276066 12.0 0.283252 13.0 0.289939 14.0 0.296169 15.0 0.301984 16.0 0.307416 17.0 0.312490 18.0 0.317227 19.0 0.321645 20.0 0.325759 21.0 0.329579 22.0 0.333117 23.0 0.336383 24.0 0.339384 25.0 0.342137 26.0 0.344650 27.0 0.346939 28.0 0.349022 29.0 0.350920 30.0 0.352662
0.669949  0.0 0.139737 1.0 0.159085 2.0 0.176519 3.0 0.192266 4.0 0.206527 5.0 0.219482 6.0 0.231284 7.0 0.242072 8.0 0.251963 9.0 0.261065 10.0 0.269464 11.0 0.277239 12.0 0.284454 13.0 0.291167 14.0 0.297423 15.0 0.303262 16.0 0.308715 17.0 0.313808 18.0 0.318565 19.0 0.323001 20.0 0.327130 21.0 0.330965 22.0 0.334517 23.0 0.337796 24.0 0.340811 25.0 0.343572 26.0 0.346094 27.0 0.348392 28.0 0.350482 29.0 0.352390 30.0 0.354140
0.708581  0.0 0.140345 1.0 0.159775 2.0 0.177283 3.0 0.193096 4.0 0.207417 5.0 0.220425 6.0 0.232276 7.0 0.243108 8.0 0.253042 9.0 0.262179 10.0 0.270613 11.0 0.278420 12.0 0.285665 13.0 0.292404 14.0 0.298687 15.0 0.304549 16.0 0.310023 17.0 0.315139 18.0 0.319913 19.0 0.324366 20.0 0.328512 21.0 0.332364 22.0 0.335930 23.0 0.339220 24.0 0.342248 25.0 0.345021 26.0 0.347553 27.0 0.349859 28.0 0.351959 29.0 0.353873 30.0 0.355628
0.749439  0.0 0.140958 1.0 0.160471 2.0 0.178052 3.0 0.193933 4.0 0.208314 5.0 0.221376 6.0 0.233276 7.0 0.244153 8.0 0.254128 9.0 0.263305 10.0 0.271773 11.0 0.279610 12.0 0.286886 13.0 0.293654 14.0 0.299961 15.0 0.305847 16.0 0.311345 17.0 0.316480 18.0 0.321275 19.0 0.325746 20.0 0.329909 21.0 0.333775 22.0 0.337354 23.0 0.340659 24.0 0.343696 25.0 0.346481 26.0 0.349023 27.0 0.351339 28.0 0.353446 29.0 0.355366 30.0 0.357128
0.792654  0.0 0.141577 1.0 0.161174 2.0 0.178830 3.0 0.194776 4.0 0.209218 5.0 0.222336 6.0 0.234286 7.0 0.245209 8.0 0.255224 9.0 0.264439 10.0 0.272942 11.0 0.280814 12.0 0.288119 13.0 0.294914 14.0 0.301247 15.0 0.307157 16.0 0.312677 17.0 0.317832 18.0 0.322646 19.0 0.327136 20.0 0.331315 21.0 0.335196 22.0 0.338791 23.0 0.342108 24.0 0.345159 25.0 0.347953 26.0 0.350504 27.0 0.352829 28.0 0.354944 29.0 0.356874 30.0 0.358644
0.838361  0.0 0.142201 1.0 0.161882 2.0 0.179614 3.0 0.195629 4.0 0.210132 5.0 0.223303 6.0 0.235304 7.0 0.246273 8.0 0.256331 9.0 0.265582 10.0 0.274121 11.0 0.282026 12.0 0.289361 13.0 0.296183 14.0 0.302543 15.0 0.308477 16.0 0.314019 17.0 0.319197 18.0 0.324030 19.0 0.328537 20.0 0.332733 21.0 0.336631 22.0 0.340240 23.0 0.343569 24.0 0.346633 25.0 0.349439 26.0 0.352001 27.0 0.354334 28.0 0.356458 29.0 0.358395 30.0 0.360170
0.886703  0.0 0.142831 1.0 0.162596 2.0 0.180404 3.0 0.196487 4.0 0.211052 5.0 0.224280 6.0 0.236331 7.0 0.247345 8.0 0.257445 9.0 0.266737 10.0 0.275312 11.0 0.283247 12.0 0.290613 13.0 0.297466 14.0 0.303850 15.0 0.309809 16.0 0.315375 17.0 0.320573 18.0 0.325426 19.0 0.329952 20.0 0.334165 21.0 0.338078 22.0 0.341700 23.0 0.345045 24.0 0.348119 25.0 0.350937 26.0 0.353509 27.0 0.355852 28.0 0.357984 29.0 0.359927 30.0 0.361709
0.937833  0.0 0.143466 1.0 0.163318 2.0 0.181202 3.0 0.197353 4.0 0.211980 5.0 0.225265 6.0 0.237367 7.0 0.248428 8.0 0.258570 9.0 0.267901 10.0 0.276512 11.0 0.284482 12.0 0.291878 13.0 0.298758 14.0 0.305170 15.0 0.311154 16.0 0.316742 17.0 0.321960 18.0 0.326834 19.0 0.331378 20.0 0.335608 21.0 0.339536 22.0 0.343175 23.0 0.346532 24.0 0.349620 25.0 0.352447 26.0 0.355029 27.0 0.357381 28.0 0.359521 29.0 0.361473 30.0 0.363264
0.991911  0.0 0.144107 1.0 0.164045 2.0 0.182007 3.0 0.198228 4.0 0.212918 5.0 0.226258 6.0 0.238412 7.0 0.249520 8.0 0.259706 9.0 0.269075 10.0 0.277722 11.0 0.285726 12.0 0.293153 13.0 0.300061 14.0 0.306500 15.0 0.312509 16.0 0.318119 17.0 0.323361 18.0 0.328253 19.0 0.332816 20.0 0.337063 21.0 0.341009 22.0 0.344662 23.0 0.348031 24.0 0.351132 25.0 0.353972 26.0 0.356564 27.0 0.358925 28.0 0.361074 29.0 0.363033 30.0 0.364830
1.049107  0.0 0.144754 1.0 0.164778 2.0 0.182818 3.0 0.199110 4.0 0.213863 5.0 0.227261 6.0 0.239466 7.0 0.250621 8.0 0.260851 9.0 0.270260 10.0 0.278944 11.0 0.286980 12.0 0.294438 13.0 0.301378 14.0 0.307842 15.0 0.313875 16.0 0.319511 17.0 0.324773 18.0 0.329687 19.0 0.334268 20.0 0.338533 21.0 0.342494 22.0 0.346160 23.0 0.349546 24.0 0.352656 25.0 0.355508 26.0 0.358112 27.0 0.360482 28.0 0.362639 29.0 0.364605 30.0 0.366409
1.109601  0.0 0.145407 1.0 0.165519 2.0 0.183638 3.0 0.199999 4.0 0.214816 5.0 0.228272 6.0 0.240530 7.0 0.251733 8.0 0.262005 9.0 0.271456 10.0 0.280176 11.0 0.288247 12.0 0.295737 13.0 0.302704 14.0 0.309197 15.0 0.315256 16.0 0.320914 17.0 0.326197 18.0 0.331131 19.0 0.335732 20.0 0.340015 21.0 0.343991 22.0 0.347674 23.0 0.351072 24.0 0.354197 25.0 0.357058 26.0 0.359671 27.0 0.362051 28.0 0.364217 29.0 0.366192 30.0 0.368004
1.173584  0.0 0.146065 1.0 0.166266 2.0 0.184464 3.0 0.200898 4.0 0.215778 5.0 0.229292 6.0 0.241604 7.0 0.252855 8.0 0.263171 9.0 0.272661 10.0 0.281418 11.0 0.289524 12.0 0.297046 13.0 0.304042 14.0 0.310563 15.0 0.316647 16.0 0.322327 17.0 0.327636 18.0 0.332589 19.0 0.337208 20.0 0.341508 21.0 0.345502 22.0 0.349200 23.0 0.352611 24.0 0.355749 25.0 0.358623 26.0 0.361247 27.0 0.363637 28.0 0.365811 29.0 0.367794 30.0 0.369611
1.241256  0.0 0.146729 1.0 0.167020 2.0 0.185298 3.0 0.201804 4.0 0.216750 5.0 0.230321 6.0 0.242685 7.0 0.253985 8.0 0.264347 9.0 0.273878 10.0 0.282673 11.0 0.290812 12.0 0.298366 13.0 0.305393 14.0 0.311940 15.0 0.318050 16.0 0.323756 17.0 0.329085 18.0 0.334060 19.0 0.338699 20.0 0.343017 21.0 0.347027 22.0 0.350738 23.0 0.354165 24.0 0.357314 25.0 0.360201 26.0 0.362836 27.0 0.365235 28.0 0.367418 29.0 0.369408 30.0 0.371232
1.312831  0.0 0.147400 1.0 0.167781 2.0 0.186139 3.0 0.202718 4.0 0.217729 5.0 0.231361 6.0 0.243779 7.0 0.255127 8.0 0.265532 9.0 0.275105 10.0 0.283938 11.0 0.292113 12.0 0.299699 13.0 0.306756 14.0 0.313331 15.0 0.319467 16.0 0.325197 17.0 0.330547 18.0 0.335544 19.0 0.340202 20.0 0.344538 21.0 0.348564 22.0 0.352292 23.0 0.355732 24.0 0.358895 25.0 0.361792 26.0 0.364437 27.0 0.366846 28.0 0.369038 29.0 0.371037 30.0 0.372870
1.388532  0.0 0.148077 1.0 0.168549 2.0 0.186989 3.0 0.203640 4.0 0.218717 5.0 0.232409 6.0 0.244881 7.0 0.256280 8.0 0.266730 9.0 0.276343 10.0 0.285214 11.0 0.293425 12.0 0.301044 13.0 0.308129 14.0 0.314734 15.0 0.320896 16.0 0.326649 17.0 0.332024 18.0 0.337039 19.0 0.341717 20.0 0.346071 21.0 0.350115 22.0 0.353859 23.0 0.357312 24.0 0.360490 25.0 0.363399 26.0 0.366055 27.0 0.368473 28.0 0.370675 29.0 0.372681 30.0 0.374520
1.468599  0.0 0.148759 1.0 0.169323 2.0 0.187846 3.0 0.204571 4.0 0.219715 5.0 0.233466 6.0 0.245993 7.0 0.257441 8.0 0.267938 9.0 0.277593 10.0 0.286503 11.0 0.294748 12.0 0.302400 13.0 0.309517 14.0 0.316148 15.0 0.322337 16.0 0.328116 17.0 0.333513 18.0 0.338551 19.0 0.343248 20.0 0.347621 21.0 0.351681 22.0 0.355439 23.0 0.358909 24.0 0.362097 25.0 0.365019 26.0 0.367686 27.0 0.370115 28.0 0.372325 29.0 0.374338 30.0 0.376184
1.553282  0.0 0.149449 1.0 0.170105 2.0 0.188710 3.0 0.205511 4.0 0.220722 5.0 0.234534 6.0 0.247116 7.0 0.258614 8.0 0.269156 9.0 0.278855 10.0 0.287803 11.0 0.296084 12.0 0.303769 13.0 0.310917 14.0 0.317578 15.0 0.323792 16.0 0.329596 17.0 0.335014 18.0 0.340075 19.0 0.344793 20.0 0.349183 21.0 0.353260 22.0 0.357034 23.0 0.360518 24.0 0.363720 25.0 0.366652 26.0 0.369331 27.0 0.371770 28.0 0.373988 29.0 0.376010 30.0 0.377866
1.642849  0.0 0.150145 1.0 0.170895 2.0 0.189584 3.0 0.206458 4.0 0.221737 5.0 0.235611 6.0 0.248249 7.0 0.259798 8.0 0.270387 9.0 0.280127 10.0 0.289114 11.0 0.297432 12.0 0.305151 13.0 0.312329 14.0 0.319019 15.0 0.325261 16.0 0.331088 17.0 0.336532 18.0 0.341611 19.0 0.346350 20.0 0.350759 21.0 0.354853 22.0 0.358645 23.0 0.362141 24.0 0.365358 25.0 0.368303 26.0 0.370992 27.0 0.373440 28.0 0.375669 29.0 0.377700 30.0 0.379561
1.737580  0.0 0.150847 1.0 0.171691 2.0 0.190465 3.0 0.207416 4.0 0.222762 5.0 0.236698 6.0 0.249392 7.0 0.260993 8.0 0.271628 9.0 0.281410 10.0 0.290437 11.0 0.298792 12.0 0.306544 13.0 0.313754 14.0 0.320473 15.0 0.326741 16.0 0.332595 17.0 0.338062 18.0 0.343164 19.0 0.347921 20.0 0.352350 21.0 0.356462 22.0 0.360268 23.0 0.363780 24.0 0.367009 25.0 0.369968 26.0 0.372668 27.0 0.375127 28.0 0.377364 29.0 0.379402 30.0 0.381270
1.837774  0.0 0.151555 1.0 0.172495 2.0 0.191354 3.0 0.208382 4.0 0.223798 5.0 0.237795 6.0 0.250545 7.0 0.262197 8.0 0.272881 9.0 0.282707 10.0 0.291774 11.0 0.300164 12.0 0.307950 13.0 0.315193 14.0 0.321940 15.0 0.328236 16.0 0.334116 17.0 0.339605 18.0 0.344731 19.0 0.349508 20.0 0.353955 21.0 0.358084 22.0 0.361906 23.0 0.365435 24.0 0.368676 25.0 0.371646 26.0 0.374358 27.0 0.376827 28.0 0.379073 29.0 0.381119 30.0 0.382997
1.943745  0.0 0.152271 1.0 0.173306 2.0 0.192251 3.0 0.209356 4.0 0.224841 5.0 0.238903 6.0 0.251711 7.0 0.263415 8.0 0.274144 9.0 0.284015 10.0 0.293122 11.0 0.301550 12.0 0.309371 13.0 0.316645 14.0 0.323422 15.0 0.329746 16.0 0.335650 17.0 0.341163 18.0 0.346310 19.0 0.351109 20.0 0.355575 21.0 0.359721 22.0 0.363561 23.0 0.367103 24.0 0.370360 25.0 0.373342 26.0 0.376064 27.0 0.378543 28.0 0.380799 29.0 0.382855 30.0 0.384740
2.055827  0.0 0.152993 1.0 0.174126 2.0 0.193157 3.0 0.210340 4.0 0.225895 5.0 0.240021 6.0 0.252886 7.0 0.264643 8.0 0.275421 9.0 0.285335 10.0 0.294482 11.0 0.302949 12.0 0.310804 13.0 0.318108 14.0 0.324917 15.0 0.331268 16.0 0.337197 17.0 0.342736 18.0 0.347905 19.0 0.352723 20.0 0.357209 21.0 0.361374 22.0 0.365230 23.0 0.368786 24.0 0.372057 25.0 0.375053 26.0 0.377787 27.0 0.380276 28.0 0.382541 29.0 0.384605 30.0 0.386497
2.174371  0.0 0.153722 1.0 0.174953 2.0 0.194072 3.0 0.211333 4.0 0.226960 5.0 0.241148 6.0 0.254072 7.0 0.265882 8.0 0.276709 9.0 0.286667 10.0 0.295856 11.0 0.304359 12.0 0.312249 13.0 0.319588 14.0 0.326424 15.0 0.332803 16.0 0.338761 17.0 0.344323 18.0 0.349515 19.0 0.354355 20.0 0.358860 21.0 0.363042 22.0 0.366913 23.0 0.370487 24.0 0.373769 25.0 0.376778 26.0 0.379525 27.0 0.382025 28.0 0.384299 29.0 0.386370 30.0 0.388270
2.299752  0.0 0.154457 1.0 0.175787 2.0 0.194995 3.0 0.212336 4.0 0.228034 5.0 0.242288 6.0 0.255270 7.0 0.267133 8.0 0.278008 9.0 0.288013 10.0 0.297243 11.0 0.305784 12.0 0.313709 13.0 0.321081 14.0 0.327948 15.0 0.334356 16.0 0.340339 17.0 0.345924 18.0 0.351139 19.0 0.356001 20.0 0.360525 21.0 0.364725 22.0 0.368613 23.0 0.372202 24.0 0.375500 25.0 0.378520 26.0 0.381277 27.0 0.383788 28.0 0.386071 29.0 0.388153 30.0 0.390062
2.432362  0.0 0.155201 1.0 0.176630 2.0 0.195927 3.0 0.213347 4.0 0.229118 5.0 0.243438 6.0 0.256479 7.0 0.268396 8.0 0.279321 9.0 0.289370 10.0 0.298642 11.0 0.307222 12.0 0.315183 13.0 0.322586 14.0 0.329486 15.0 0.335922 16.0 0.341930 17.0 0.347542 18.0 0.352778 19.0 0.357661 20.0 0.362205 21.0 0.366423 22.0 0.370330 23.0 0.373932 24.0 0.377246 25.0 0.380279 26.0 0.383048 27.0 0.385569 28.0 0.387863 29.0 0.389953 30.0 0.391868
2.572619  0.0 0.155952 1.0 0.177481 2.0 0.196868 3.0 0.214370 4.0 0.230213 5.0 0.244598 6.0 0.257700 7.0 0.269671 8.0 0.280646 9.0 0.290740 10.0 0.300054 11.0 0.308673 12.0 0.316670 13.0 0.324107 14.0 0.331036 15.0 0.337501 16.0 0.343537 17.0 0.349174 18.0 0.354434 19.0 0.359337 20.0 0.363901 21.0 0.368139 22.0 0.372061 23.0 0.375680 24.0 0.379006 25.0 0.382054 26.0 0.384835 27.0 0.387367 28.0 0.389670 29.0 0.391768 30.0 0.393691
2.720963  0.0 0.156709 1.0 0.178340 2.0 0.197818 3.0 0.215402 4.0 0.231319 5.0 0.245769 6.0 0.258931 7.0 0.270958 8.0 0.281984 9.0 0.292124 10.0 0.301480 11.0 0.310137 12.0 0.318171 13.0 0.325643 14.0 0.332602 15.0 0.339096 16.0 0.345160 17.0 0.350820 18.0 0.356105 19.0 0.361031 20.0 0.365615 21.0 0.369870 22.0 0.373808 23.0 0.377445 24.0 0.380785 25.0 0.383844 26.0 0.386638 27.0 0.389181 28.0 0.391493 29.0 0.393599 30.0 0.395533
2.877861  0.0 0.157473 1.0 0.179207 2.0 0.198777 3.0 0.216443 4.0 0.232435 5.0 0.246953 6.0 0.260175 7.0 0.272257 8.0 0.283333 9.0 0.293521 10.0 0.302920 11.0 0.311617 12.0 0.319687 13.0 0.327192 14.0 0.334184 15.0 0.340707 16.0 0.346797 17.0 0.352483 18.0 0.357791 19.0 0.362739 20.0 0.367343 21.0 0.371617 22.0 0.375574 23.0 0.379225 24.0 0.382581 25.0 0.385653 26.0 0.388457 27.0 0.391011 28.0 0.393334 29.0 0.395451 30.0 0.397391
3.043807  0.0 0.158246 1.0 0.180084 2.0 0.199746 3.0 0.217494 4.0 0.233561 5.0 0.248148 6.0 0.261432 7.0 0.273570 8.0 0.284697 9.0 0.294931 10.0 0.304373 11.0 0.313111 12.0 0.321218 13.0 0.328756 14.0 0.335781 15.0 0.342333 16.0 0.348450 17.0 0.354163 18.0 0.359493 19.0 0.364462 20.0 0.369087 21.0 0.373381 22.0 0.377356 23.0 0.381021 24.0 0.384392 25.0 0.387479 26.0 0.390296 27.0 0.392861 28.0 0.395194 29.0 0.397319 30.0 0.399266
3.219321  0.0 0.159027 1.0 0.180968 2.0 0.200724 3.0 0.218557 4.0 0.234698 5.0 0.249353 6.0 0.262700 7.0 0.274895 8.0 0.286074 9.0 0.296354 10.0 0.305840 11.0 0.314618 12.0 0.322762 13.0 0.330336 14.0 0.337391 15.0 0.343974 16.0 0.350119 17.0 0.355858 18.0 0.361213 19.0 0.366204 20.0 0.370850 21.0 0.375163 22.0 0.379154 23.0 0.382837 24.0 0.386220 25.0 0.389322 26.0 0.392151 27.0 0.394727 28.0 0.397070 29.0 0.399203 30.0 0.401159
3.404956  0.0 0.159814 1.0 0.181862 2.0 0.201712 3.0 0.219630 4.0 0.235848 5.0 0.250570 6.0 0.263980 7.0 0.276231 8.0 0.287463 9.0 0.297792 10.0 0.307322 11.0 0.316140 12.0 0.324321 13.0 0.331931 14.0 0.339018 15.0 0.345631 16.0 0.351805 17.0 0.357568 18.0 0.362948 19.0 0.367963 20.0 0.372629 21.0 0.376960 22.0 0.380968 23.0 0.384669 24.0 0.388068 25.0 0.391181 26.0 0.394023 27.0 0.396610 28.0 0.398963 29.0 0.401106 30.0 0.403072
3.601296  0.0 0.160609 1.0 0.182763 2.0 0.202709 3.0 0.220713 4.0 0.237008 5.0 0.251801 6.0 0.265273 7.0 0.277582 8.0 0.288865 9.0 0.299244 10.0 0.308819 11.0 0.317678 12.0 0.325897 13.0 0.333541 14.0 0.340662 15.0 0.347305 16.0 0.353506 17.0 0.359296 18.0 0.364700 19.0 0.369737 20.0 0.374424 21.0 0.378774 22.0 0.382803 23.0 0.386518 24.0 0.389933 25.0 0.393060 26.0 0.395914 27.0 0.398512 28.0 0.400875 29.0 0.403029 30.0 0.405002
3.808956  0.0 0.161413 1.0 0.183675 2.0 0.203716 3.0 0.221806 4.0 0.238179 5.0 0.253043 6.0 0.266579 7.0 0.278947 8.0 0.290283 9.0 0.300710 10.0 0.310329 11.0 0.319230 12.0 0.327488 13.0 0.335166 14.0 0.342321 15.0 0.348994 16.0 0.355223 17.0 0.361041 18.0 0.366468 19.0 0.371528 20.0 0.376236 21.0 0.380608 22.0 0.384654 23.0 0.388384 24.0 0.391816 25.0 0.394957 26.0 0.397824 27.0 0.400433 28.0 0.402807 29.0 0.404969 30.0 0.406949
4.028591  0.0 0.162225 1.0 0.184595 2.0 0.204734 3.0 0.222910 4.0 0.239362 5.0 0.254297 6.0 0.267898 7.0 0.280324 8.0 0.291715 9.0 0.302189 10.0 0.311854 11.0 0.320797 12.0 0.329094 13.0 0.336808 14.0 0.343995 15.0 0.350699 16.0 0.356958 17.0 0.362803 18.0 0.368256 19.0 0.373338 20.0 0.378068 21.0 0.382459 22.0 0.386522 23.0 0.390271 24.0 0.393715 25.0 0.396872 26.0 0.399751 27.0 0.402373 28.0 0.404756 29.0 0.406927 30.0 0.408916
4.260891  0.0 0.163045 1.0 0.185525 2.0 0.205762 3.0 0.224027 4.0 0.240557 5.0 0.255563 6.0 0.269229 7.0 0.281714 8.0 0.293160 9.0 0.303685 10.0 0.313395 11.0 0.322379 12.0 0.330714 13.0 0.338467 14.0 0.345687 15.0 0.352422 16.0 0.358711 17.0 0.364581 18.0 0.370060 19.0 0.375166 20.0 0.379917 21.0 0.384328 22.0 0.388408 23.0 0.392176 24.0 0.395636 25.0 0.398804 26.0 0.401697 27.0 0.404330 28.0 0.406723 29.0 0.408904 30.0 0.410904
4.506586  0.0 0.163873 1.0 0.186463 2.0 0.206800 3.0 0.225154 4.0 0.241765 5.0 0.256843 6.0 0.270574 7.0 0.283119 8.0 0.294619 9.0 0.305195 10.0 0.314951 11.0 0.323978 12.0 0.332353 13.0 0.340141 14.0 0.347396 15.0 0.354163 16.0 0.360480 17.0 0.366377 18.0 0.371881 19.0 0.377011 20.0 0.381784 21.0 0.386213 22.0 0.390315 23.0 0.394098 24.0 0.397575 25.0 0.400758 26.0 0.403662 27.0 0.406306 28.0 0.408712 29.0 0.410903 30.0 0.412910
4.766448  0.0 0.164709 1.0 0.187411 2.0 0.207847 3.0 0.226291 4.0 0.242983 5.0 0.258135 6.0 0.271933 7.0 0.284539 8.0 0.296093 9.0 0.306720 10.0 0.316522 11.0 0.325593 12.0 0.334008 13.0 0.341831 14.0 0.349121 15.0 0.355920 16.0 0.362266 17.0 0.368192 18.0 0.373720 19.0 0.378874 20.0 0.383668 21.0 0.388120 22.0 0.392240 23.0 0.396038 24.0 0.399532 25.0 0.402730 26.0 0.405648 27.0 0.408304 28.0 0.410720 29.0 0.412920 30.0 0.414935
5.041295  0.0 0.165555 1.0 0.188370 2.0 0.208907 3.0 0.227441 4.0 0.244214 5.0 0.259441 6.0 0.273305 7.0 0.285972 8.0 0.297583 9.0 0.308259 10.0 0.318108 11.0 0.327224 12.0 0.335678 13.0 0.343539 14.0 0.350863 15.0 0.357694 16.0 0.364070 17.0 0.370024 18.0 0.375579 19.0 0.380756 20.0 0.385573 21.0 0.390045 22.0 0.394183 23.0 0.398001 24.0 0.401508 25.0 0.404721 26.0 0.407653 27.0 0.410321 28.0 0.412747 29.0 0.414956 30.0 0.416980
5.331990  0.0 0.166409 1.0 0.189338 2.0 0.209977 3.0 0.228603 4.0 0.245459 5.0 0.260759 6.0 0.274691 7.0 0.287420 8.0 0.299087 9.0 0.309815 10.0 0.319713 11.0 0.328870 12.0 0.337365 13.0 0.345265 14.0 0.352622 15.0 0.359486 16.0 0.365894 17.0 0.371874 18.0 0.377456 19.0 0.382658 20.0 0.387497 21.0 0.391989 22.0 0.396145 23.0 0.399981 24.0 0.403505 25.0 0.406731 26.0 0.409676 27.0 0.412357 28.0 0.414793 29.0 0.417012 30.0 0.419047
5.639448  0.0 0.167271 1.0 0.190316 2.0 0.211058 3.0 0.229777 4.0 0.246716 5.0 0.262090 6.0 0.276091 7.0 0.288881 8.0 0.300606 9.0 0.311387 10.0 0.321332 11.0 0.330533 12.0 0.339070 13.0 0.347008 14.0 0.354401 15.0 0.361297 16.0 0.367735 17.0 0.373742 18.0 0.379351 19.0 0.384578 20.0 0.389440 21.0 0.393952 22.0 0.398129 23.0 0.401981 24.0 0.405522 25.0 0.408763 26.0 0.411720 27.0 0.414412 28.0 0.416861 29.0 0.419091 30.0 0.421134
5.964634  0.0 0.168143 1.0 0.191304 2.0 0.212150 3.0 0.230962 4.0 0.247985 5.0 0.263437 6.0 0.277506 7.0 0.290359 8.0 0.302139 9.0 0.312975 10.0 0.322968 11.0 0.332215 12.0 0.340792 13.0 0.348768 14.0 0.356197 15.0 0.363127 16.0 0.369594 17.0 0.375632 18.0 0.381265 19.0 0.386516 20.0 0.391401 21.0 0.395935 22.0 0.400132 23.0 0.404001 24.0 0.407559 25.0 0.410815 26.0 0.413787 27.0 0.416491 28.0 0.418951 29.0 0.421190 30.0 0.423241
6.308571  0.0 0.169023 1.0 0.192302 2.0 0.213253 3.0 0.232160 4.0 0.249268 5.0 0.264797 6.0 0.278936 7.0 0.291852 8.0 0.303691 9.0 0.314578 10.0 0.324620 11.0 0.333913 12.0 0.342532 13.0 0.350545 14.0 0.358011 15.0 0.364974 16.0 0.371471 17.0 0.377540 18.0 0.383199 19.0 0.388474 20.0 0.393383 21.0 0.397939 22.0 0.402155 23.0 0.406042 24.0 0.409616 25.0 0.412888 26.0 0.415873 27.0 0.418590 28.0 0.421061 29.0 0.423310 30.0 0.425369
6.672341  0.0 0.169914 1.0 0.193311 2.0 0.214369 3.0 0.233369 4.0 0.250563 5.0 0.266170 6.0 0.280380 7.0 0.293360 8.0 0.305258 9.0 0.316197 10.0 0.326289 11.0 0.335628 12.0 0.344289 13.0 0.352342 14.0 0.359843 15.0 0.366839 16.0 0.373370 17.0 0.379466 18.0 0.385154 19.0 0.390454 20.0 0.395386 21.0 0.399963 22.0 0.404197 23.0 0.408105 24.0 0.411693 25.0 0.414981 26.0 0.417980 27.0 0.420710 28.0 0.423191 29.0 0.425450 30.0 0.427520
7.057087  0.0 0.170813 1.0 0.194331 2.0 0.215496 3.0 0.234593 4.0 0.251874 5.0 0.267557 6.0 0.281838 7.0 0.294884 8.0 0.306841 9.0 0.317835 10.0 0.327977 11.0 0.337360 12.0 0.346064 13.0 0.354158 14.0 0.361694 15.0 0.368725 16.0 0.375288 17.0 0.381412 18.0 0.387128 19.0 0.392454 20.0 0.397409 21.0 0.402007 22.0 0.406262 23.0 0.410188 24.0 0.413794 25.0 0.417095 26.0 0.420108 27.0 0.422850 28.0 0.425342 29.0 0.427614 30.0 0.429694
7.464018  0.0 0.171722 1.0 0.195361 2.0 0.216635 3.0 0.235829 4.0 0.253197 5.0 0.268959 6.0 0.283312 7.0 0.296423 8.0 0.308440 9.0 0.319490 10.0 0.329682 11.0 0.339111 12.0 0.347858 13.0 0.355991 14.0 0.363566 15.0 0.370631 16.0 0.377225 17.0 0.383379 18.0 0.389122 19.0 0.394474 20.0 0.399452 21.0 0.404072 22.0 0.408349 23.0 0.412291 24.0 0.415916 25.0 0.419233 26.0 0.422259 27.0 0.425014 28.0 0.427519 29.0 0.429800 30.0 0.431888
7.894415  0.0 0.172641 1.0 0.196402 2.0 0.217785 3.0 0.237078 4.0 0.254535 5.0 0.270377 6.0 0.284802 7.0 0.297979 8.0 0.310055 9.0 0.321161 10.0 0.331404 11.0 0.340881 12.0 0.349671 13.0 0.357844 14.0 0.365457 15.0 0.372556 16.0 0.379181 17.0 0.385367 18.0 0.391136 19.0 0.396514 20.0 0.401516 21.0 0.406159 22.0 0.410456 23.0 0.414416 24.0 0.418059 25.0 0.421392 26.0 0.424433 27.0 0.427201 28.0 0.429717 29.0 0.432008 30.0 0.434105
8.349629  0.0 0.173569 1.0 0.197454 2.0 0.218948 3.0 0.238340 4.0 0.255886 5.0 0.271810 6.0 0.286308 7.0 0.299552 8.0 0.311689 9.0 0.322850 10.0 0.333144 11.0 0.342669 12.0 0.351503 13.0 0.359715 14.0 0.367366 15.0 0.374501 16.0 0.381158 17.0 0.387375 18.0 0.393173 19.0 0.398576 20.0 0.403603 21.0 0.408269 22.0 0.412585 23.0 0.416566 24.0 0.420223 25.0 0.423573 26.0 0.426629 27.0 0.429409 28.0 0.431937 29.0 0.434238 30.0 0.436344
8.831092  0.0 0.174508 1.0 0.198518 2.0 0.220123 3.0 0.239615 4.0 0.257251 5.0 0.273258 6.0 0.287830 7.0 0.301141 8.0 0.313340 9.0 0.324556 10.0 0.334902 11.0 0.344475 12.0 0.353354 13.0 0.361608 14.0 0.369296 15.0 0.376465 16.0 0.383157 17.0 0.389404 18.0 0.395231 19.0 0.400661 20.0 0.405712 21.0 0.410400 22.0 0.414736 23.0 0.418737 24.0 0.422411 25.0 0.425777 26.0 0.428847 27.0 0.431641 28.0 0.434180 29.0 0.436491 30.0 0.438609
9.340317  0.0 0.175457 1.0 0.199593 2.0 0.221312 3.0 0.240905 4.0 0.258632 5.0 0.274720 6.0 0.289367 7.0 0.302746 8.0 0.315008 9.0 0.326281 10.0 0.336680 11.0 0.346300 12.0 0.355224 13.0 0.363520 14.0 0.371246 15.0 0.378451 16.0 0.385177 17.0 0.391453 18.0 0.397310 19.0 0.402767 20.0 0.407843 21.0 0.412553 22.0 0.416910 23.0 0.420931 24.0 0.424623 25.0 0.428002 26.0 0.431088 27.0 0.433895 28.0 0.436445 29.0 0.438769 30.0 0.440897
9.878906  0.0 0.176416 1.0 0.200681 2.0 0.222513 3.0 0.242209 4.0 0.260028 5.0 0.276198 6.0 0.290921 7.0 0.304369 8.0 0.316693 9.0 0.328025 10.0 0.338477 11.0 0.348145 12.0 0.357114 13.0 0.365453 14.0 0.373218 15.0 0.380460 16.0 0.387219 17.0 0.393525 18.0 0.399411 19.0 0.404895 20.0 0.409995 21.0 0.414728 22.0 0.419108 23.0 0.423147 24.0 0.426858 25.0 0.430254 26.0 0.433353 27.0 0.436173 28.0 0.438737 29.0 0.441072 30.0 0.443209
10.448551  0.0 0.177386 1.0 0.201779 2.0 0.223727 3.0 0.243526 4.0 0.261439 5.0 0.277693 6.0 0.292492 7.0 0.306009 8.0 0.318397 9.0 0.329788 10.0 0.340293 11.0 0.350011 12.0 0.359026 13.0 0.367406 14.0 0.375211 15.0 0.382489 16.0 0.389281 17.0 0.395620 18.0 0.401534 19.0 0.407045 20.0 0.412170 21.0 0.416926 22.0 0.421329 23.0 0.425386 24.0 0.429116 25.0 0.432530 26.0 0.435643 27.0 0.438477 28.0 0.441053 29.0 0.443398 30.0 0.445544
11.051044  0.0 0.178366 1.0 0.202890 2.0 0.224954 3.0 0.244858 4.0 0.262865 5.0 0.279205 6.0 0.294080 7.0 0.307668 8.0 0.320119 9.0 0.331569 10.0 0.342128 11.0 0.351897 12.0 0.360957 13.0 0.369379 14.0 0.377225 15.0 0.384540 16.0 0.391365 17.0 0.397738 18.0 0.403680 19.0 0.409218 20.0 0.414369 21.0 0.419150 22.0 0.423573 23.0 0.427650 24.0 0.431398 25.0 0.434829 26.0 0.437958 27.0 0.440805 28.0 0.443393 29.0 0.445749 30.0 0.447904
11.688278  0.0 0.179357 1.0 0.204013 2.0 0.226195 3.0 0.246205 4.0 0.264306 5.0 0.280733 6.0 0.295686 7.0 0.309345 8.0 0.321861 9.0 0.333369 10.0 0.343982 11.0 0.353803 12.0 0.362910 13.0 0.371374 14.0 0.379260 15.0 0.386612 16.0 0.393472 17.0 0.399877 18.0 0.405850 19.0 0.411416 20.0 0.416593 21.0 0.421397 22.0 0.425841 23.0 0.429940 24.0 0.433704 25.0 0.437152 26.0 0.440297 27.0 0.443157 28.0 0.445758 29.0 0.448124 30.0 0.450291
12.362256  0.0 0.180359 1.0 0.205148 2.0 0.227449 3.0 0.247566 4.0 0.265763 5.0 0.282277 6.0 0.297310 7.0 0.311039 8.0 0.323621 9.0 0.335189 10.0 0.345858 11.0 0.355729 12.0 0.364883 13.0 0.373392 14.0 0.381317 15.0 0.388706 16.0 0.395603 17.0 0.402040 18.0 0.408044 19.0 0.413637 20.0 0.418840 21.0 0.423668 22.0 0.428133 23.0 0.432253 24.0 0.436036 25.0 0.439499 26.0 0.442660 27.0 0.445535 28.0 0.448147 29.0 0.450525 30.0 0.452704
13.075099  0.0 0.181373 1.0 0.206297 2.0 0.228718 3.0 0.248942 4.0 0.267237 5.0 0.283838 6.0 0.298950 7.0 0.312753 8.0 0.325401 9.0 0.337029 10.0 0.347755 11.0 0.357676 12.0 0.366877 13.0 0.375432 14.0 0.383397 15.0 0.390825 16.0 0.397758 17.0 0.404225 18.0 0.410261 19.0 0.415883 20.0 0.421112 21.0 0.425963 22.0 0.430451 23.0 0.434592 24.0 0.438394 25.0 0.441873 26.0 0.445048 27.0 0.447937 28.0 0.450563 29.0 0.452954 30.0 0.455142
13.829045  0.0 0.182398 1.0 0.207458 2.0 0.230001 3.0 0.250334 4.0 0.268727 5.0 0.285417 6.0 0.300609 7.0 0.314485 8.0 0.327200 9.0 0.338890 10.0 0.349672 11.0 0.359644 12.0 0.368894 13.0 0.377494 14.0 0.385501 15.0 0.392967 16.0 0.399935 17.0 0.406435 18.0 0.412502 19.0 0.418153 20.0 0.423408 21.0 0.428283 22.0 0.432796 23.0 0.436955 24.0 0.440777 25.0 0.444275 26.0 0.447465 27.0 0.450368 28.0 0.453007 29.0 0.455409 30.0 0.457607
14.626467  0.0 0.183435 1.0 0.208633 2.0 0.231299 3.0 0.251742 4.0 0.270235 5.0 0.287013 6.0 0.302286 7.0 0.316236 8.0 0.329019 9.0 0.340772 10.0 0.351610 11.0 0.361635 12.0 0.370934 13.0 0.379578 14.0 0.387627 15.0 0.395133 16.0 0.402136 17.0 0.408671 18.0 0.414767 19.0 0.420447 20.0 0.425729 21.0 0.430629 22.0 0.435165 23.0 0.439344 24.0 0.443186 25.0 0.446702 26.0 0.449908 27.0 0.452825 28.0 0.455477 29.0 0.457890 30.0 0.460098
15.469869  0.0 0.184484 1.0 0.209821 2.0 0.232611 3.0 0.253166 4.0 0.271759 5.0 0.288627 6.0 0.303983 7.0 0.318007 8.0 0.330858 9.0 0.342675 10.0 0.353570 11.0 0.363649 12.0 0.372997 13.0 0.381686 14.0 0.389778 15.0 0.397322 16.0 0.404361 17.0 0.410931 18.0 0.417057 19.0 0.422766 20.0 0.428075 21.0 0.433002 22.0 0.437560 23.0 0.441761 24.0 0.445622 25.0 0.449155 26.0 0.452378 27.0 0.455309 28.0 0.457974 29.0 0.460398 30.0 0.462616
16.361905  0.0 0.185544 1.0 0.211022 2.0 0.233938 3.0 0.254606 4.0 0.273300 5.0 0.290260 6.0 0.305699 7.0 0.319799 8.0 0.332719 9.0 0.344598 10.0 0.355552 11.0 0.365685 12.0 0.375083 13.0 0.383816 14.0 0.391952 15.0 0.399536 16.0 0.406611 17.0 0.413216 18.0 0.419375 19.0 0.425112 20.0 0.430449 21.0 0.435402 22.0 0.439982 23.0 0.444205 24.0 0.448083 25.0 0.451635 26.0 0.454874 27.0 0.457821 28.0 0.460498 29.0 0.462934 30.0 0.465164
17.305378  0.0 0.186617 1.0 0.212237 2.0 0.235280 3.0 0.256062 4.0 0.274858 5.0 0.291912 6.0 0.307435 7.0 0.321611 8.0 0.334601 9.0 0.346543 10.0 0.357556 11.0 0.367744 12.0 0.377191 13.0 0.385971 14.0 0.394150 15.0 0.401774 16.0 0.408887 17.0 0.415527 18.0 0.421718 19.0 0.427486 20.0 0.432850 21.0 0.437828 22.0 0.442430 23.0 0.446676 24.0 0.450573 25.0 0.454143 26.0 0.457399 27.0 0.460360 28.0 0.463050 29.0 0.465498 30.0 0.467740
18.303255  0.0 0.187702 1.0 0.213466 2.0 0.236637 3.0 0.257534 4.0 0.276434 5.0 0.293582 6.0 0.309190 7.0 0.323444 8.0 0.336504 9.0 0.348511 10.0 0.359582 11.0 0.369826 12.0 0.379324 13.0 0.388152 14.0 0.396372 15.0 0.404037 16.0 0.411189 17.0 0.417863 18.0 0.424088 19.0 0.429886 20.0 0.435278 21.0 0.440280 22.0 0.444906 23.0 0.449175 24.0 0.453093 25.0 0.456679 26.0 0.459951 27.0 0.462927 28.0 0.465631 29.0 0.468092 30.0 0.470345
19.358672  0.0 0.188799 1.0 0.214709 2.0 0.238010 3.0 0.259024 4.0 0.278029 5.0 0.295272 6.0 0.310965 7.0 0.325297 8.0 0.338429 9.0 0.350500 10.0 0.361633 11.0 0.371931 12.0 0.381480 13.0 0.390357 14.0 0.398621 15.0 0.406327 16.0 0.413518 17.0 0.420226 18.0 0.426484 19.0 0.432313 20.0 0.437733 21.0 0.442761 22.0 0.447412 23.0 0.451701 24.0 0.455640 25.0 0.459244 26.0 0.462532 27.0 0.465523 28.0 0.468242 29.0 0.470716 30.0 0.472979
20.474947  0.0 0.189910 1.0 0.215967 2.0 0.239400 3.0 0.260531 4.0 0.279641 5.0 0.296980 6.0 0.312761 7.0 0.327172 8.0 0.340376 9.0 0.352513 10.0 0.363708 11.0 0.374061 12.0 0.383662 13.0 0.392587 14.0 0.400896 15.0 0.408643 16.0 0.415872 17.0 0.422615 18.0 0.428907 19.0 0.434767 20.0 0.440215 21.0 0.445269 22.0 0.449946 23.0 0.454256 24.0 0.458217 25.0 0.461840 26.0 0.465144 27.0 0.468151 28.0 0.470883 29.0 0.473369 30.0 0.475643
21.655589  0.0 0.191034 1.0 0.217240 2.0 0.240806 3.0 0.262056 4.0 0.281274 5.0 0.298709 6.0 0.314577 7.0 0.329068 8.0 0.342345 9.0 0.354550 10.0 0.365806 11.0 0.376214 12.0 0.385869 13.0 0.394843 14.0 0.403197 15.0 0.410987 16.0 0.418254 17.0 0.425033 18.0 0.431358 19.0 0.437249 20.0 0.442726 21.0 0.447806 22.0 0.452509 23.0 0.456841 24.0 0.460822 25.0 0.464465 26.0 0.467786 27.0 0.470808 28.0 0.473554 29.0 0.476053 30.0 0.478337
22.904311  0.0 0.192171 1.0 0.218528 2.0 0.242229 3.0 0.263599 4.0 0.282925 5.0 0.300458 6.0 0.316415 7.0 0.330986 8.0 0.344338 9.0 0.356611 10.0 0.367928 11.0 0.378395 12.0 0.388102 13.0 0.397125 14.0 0.405525 15.0 0.413357 16.0 0.420663 17.0 0.427480 18.0 0.433837 19.0 0.439760 20.0 0.445266 21.0 0.450374 22.0 0.455101 23.0 0.459455 24.0 0.463458 25.0 0.467119 26.0 0.470459 27.0 0.473496 28.0 0.476256 29.0 0.478767 30.0 0.481062
24.225038  0.0 0.193322 1.0 0.219831 2.0 0.243668 3.0 0.265160 4.0 0.284596 5.0 0.302227 6.0 0.318274 7.0 0.332927 8.0 0.346353 9.0 0.358695 10.0 0.370075 11.0 0.380600 12.0 0.390361 13.0 0.399433 14.0 0.407880 15.0 0.415754 16.0 0.423100 17.0 0.429954 18.0 0.436345 19.0 0.442299 20.0 0.447835 21.0 0.452972 22.0 0.457723 23.0 0.462101 24.0 0.466123 25.0 0.469805 26.0 0.473162 27.0 0.476215 28.0 0.478989 29.0 0.481512 30.0 0.483818
25.621921  0.0 0.194487 1.0 0.221150 2.0 0.245124 3.0 0.266740 4.0 0.286287 5.0 0.304017 6.0 0.320155 7.0 0.334891 8.0 0.348392 9.0 0.360804 10.0 0.372247 11.0 0.382832 12.0 0.392647 13.0 0.401768 14.0 0.410262 15.0 0.418180 16.0 0.425565 17.0 0.432458 18.0 0.438883 19.0 0.444869 20.0 0.450435 21.0 0.455600 22.0 0.460375 23.0 0.464777 24.0 0.468820 25.0 0.472521 26.0 0.475896 27.0 0.478965 28.0 0.481753 29.0 0.484289 30.0 0.486609
27.099352  0.0 0.195666 1.0 0.222485 2.0 0.246598 3.0 0.268339 4.0 0.287998 5.0 0.305830 6.0 0.322059 7.0 0.336879 8.0 0.350455 9.0 0.362938 10.0 0.374445 11.0 0.385090 12.0 0.394960 13.0 0.404131 14.0 0.412672 15.0 0.420634 16.0 0.428059 17.0 0.434991 18.0 0.441452 19.0 0.447470 20.0 0.453067 21.0 0.458259 22.0 0.463059 23.0 0.467486 24.0 0.471548 25.0 0.475270 26.0 0.478662 27.0 0.481747 28.0 0.484550 29.0 0.487098 30.0 0.489432
28.661977  0.0 0.196859 1.0 0.223836 2.0 0.248090 3.0 0.269957 4.0 0.289729 5.0 0.307664 6.0 0.323986 7.0 0.338890 8.0 0.352544 9.0 0.365097 10.0 0.376669 11.0 0.387374 12.0 0.397300 13.0 0.406522 14.0 0.415111 15.0 0.423117 16.0 0.430584 17.0 0.437554 18.0 0.444051 19.0 0.450102 20.0 0.455729 21.0 0.460949 22.0 0.465774 23.0 0.470225 24.0 0.474310 25.0 0.478050 26.0 0.481461 27.0 0.484563 28.0 0.487379 29.0 0.489942 30.0 0.492288
30.314706  0.0 0.198067 1.0 0.225203 2.0 0.249600 3.0 0.271594 4.0 0.291481 5.0 0.309520 6.0 0.325936 7.0 0.340926 8.0 0.354658 9.0 0.367282 10.0 0.378920 11.0 0.389686 12.0 0.399667 13.0 0.408942 14.0 0.417579 15.0 0.425629 16.0 0.433140 17.0 0.440147 18.0 0.446680 19.0 0.452765 20.0 0.458423 21.0 0.463671 22.0 0.468522 23.0 0.472998 24.0 0.477105 25.0 0.480864 26.0 0.484293 27.0 0.487411 28.0 0.490243 29.0 0.492820 30.0 0.495178
32.062737  0.0 0.199289 1.0 0.226587 2.0 0.251128 3.0 0.273252 4.0 0.293255 5.0 0.311399 6.0 0.327910 7.0 0.342986 8.0 0.356798 9.0 0.369494 10.0 0.381198 11.0 0.392025 12.0 0.402064 13.0 0.411392 14.0 0.420076 15.0 0.428172 16.0 0.435725 17.0 0.442771 18.0 0.449341 19.0 0.455460 20.0 0.461149 21.0 0.466425 22.0 0.471304 23.0 0.475803 24.0 0.479934 25.0 0.483712 26.0 0.487159 27.0 0.490294 28.0 0.493141 29.0 0.495733 30.0 0.498102
33.911564  0.0 0.200527 1.0 0.227988 2.0 0.252675 3.0 0.274929 4.0 0.295050 5.0 0.313300 6.0 0.329908 7.0 0.345072 8.0 0.358963 9.0 0.371732 10.0 0.383503 11.0 0.394393 12.0 0.404489 13.0 0.413871 14.0 0.422604 15.0 0.430746 16.0 0.438343 17.0 0.445427 18.0 0.452035 19.0 0.458187 20.0 0.463908 21.0 0.469213 22.0 0.474119 23.0 0.478643 24.0 0.482796 25.0 0.486595 26.0 0.490060 27.0 0.493211 28.0 0.496075 29.0 0.498680 30.0 0.501061
35.866999  0.0 0.201780 1.0 0.229407 2.0 0.254241 3.0 0.276628 4.0 0.296868 5.0 0.315225 6.0 0.331930 7.0 0.347182 8.0 0.361155 9.0 0.373997 10.0 0.385838 11.0 0.396790 12.0 0.406944 13.0 0.416380 14.0 0.425163 15.0 0.433352 16.0 0.440991 17.0 0.448115 18.0 0.454760 19.0 0.460948 20.0 0.466700 21.0 0.472034 22.0 0.476968 23.0 0.481516 24.0 0.485693 25.0 0.489514 26.0 0.492997 27.0 0.496166 28.0 0.499045 29.0 0.501663 30.0 0.504057
37.935191  0.0 0.203049 1.0 0.230843 2.0 0.255827 3.0 0.278347 4.0 0.298707 5.0 0.317174 6.0 0.333977 7.0 0.349319 8.0 0.363374 9.0 0.376291 10.0 0.388201 11.0 0.399216 12.0 0.409429 13.0 0.418921 14.0 0.427754 15.0 0.435990 16.0 0.443673 17.0 0.450837 18.0 0.457520 19.0 0.463742 20.0 0.469527 21.0 0.474890 22.0 0.479853 23.0 0.484425 24.0 0.488626 25.0 0.492467 26.0 0.495970 27.0 0.499156 28.0 0.502050 29.0 0.504683 30.0 0.507088
40.122640  0.0 0.204334 1.0 0.232297 2.0 0.257432 3.0 0.280088 4.0 0.300570 5.0 0.319147 6.0 0.336050 7.0 0.351483 8.0 0.365620 9.0 0.378613 10.0 0.390593 11.0 0.401673 12.0 0.411945 13.0 0.421492 14.0 0.430377 15.0 0.438660 16.0 0.446387 17.0 0.453592 18.0 0.460313 19.0 0.466571 20.0 0.472388 21.0 0.477781 22.0 0.482773 23.0 0.487370 24.0 0.491594 25.0 0.495457 26.0 0.498980 27.0 0.502183 28.0 0.505093 29.0 0.507739 30.0 0.510158
42.436223  0.0 0.205635 1.0 0.233770 2.0 0.259058 3.0 0.281851 4.0 0.302456 5.0 0.321144 6.0 0.338149 7.0 0.353673 8.0 0.367895 9.0 0.380965 10.0 0.393015 11.0 0.404159 12.0 0.414492 13.0 0.424095 14.0 0.433033 15.0 0.441364 16.0 0.449135 17.0 0.456382 18.0 0.463141 19.0 0.469435 20.0 0.475285 21.0 0.480709 22.0 0.485729 23.0 0.490351 24.0 0.494599 25.0 0.498484 26.0 0.502026 27.0 0.505247 28.0 0.508173 29.0 0.510834 30.0 0.513265
44.883214  0.0 0.206953 1.0 0.235262 2.0 0.260705 3.0 0.283637 4.0 0.304366 5.0 0.323167 6.0 0.340274 7.0 0.355891 8.0 0.370198 9.0 0.383346 10.0 0.395468 11.0 0.406678 12.0 0.417071 13.0 0.426731 14.0 0.435721 15.0 0.444101 16.0 0.451918 17.0 0.459207 18.0 0.466004 19.0 0.472334 20.0 0.478218 21.0 0.483673 22.0 0.488721 23.0 0.493369 24.0 0.497642 25.0 0.501549 26.0 0.505111 27.0 0.508350 28.0 0.511292 29.0 0.513967 30.0 0.516411
47.471306  0.0 0.208288 1.0 0.236773 2.0 0.262372 3.0 0.285445 4.0 0.306301 5.0 0.325216 6.0 0.342425 7.0 0.358137 8.0 0.372530 9.0 0.385757 10.0 0.397951 11.0 0.409227 12.0 0.419683 13.0 0.429401 14.0 0.438444 15.0 0.446873 16.0 0.454735 17.0 0.462067 18.0 0.468904 19.0 0.475270 20.0 0.481188 21.0 0.486675 22.0 0.491752 23.0 0.496426 24.0 0.500723 25.0 0.504653 26.0 0.508235 27.0 0.511492 28.0 0.514450 29.0 0.517140 30.0 0.519596
50.208634  0.0 0.209640 1.0 0.238303 2.0 0.264061 3.0 0.287276 4.0 0.308260 5.0 0.327291 6.0 0.344605 7.0 0.360412 8.0 0.374892 9.0 0.388198 10.0 0.400466 11.0 0.411810 12.0 0.422329 13.0 0.432104 14.0 0.441201 15.0 0.449680 16.0 0.457588 17.0 0.464964 18.0 0.471840 19.0 0.478244 20.0 0.484195 21.0 0.489715 22.0 0.494821 23.0 0.499523 24.0 0.503843 25.0 0.507795 26.0 0.511398 27.0 0.514673 28.0 0.517648 29.0 0.520352 30.0 0.522823
53.103804  0.0 0.211010 1.0 0.239853 2.0 0.265772 3.0 0.289131 4.0 0.310245 5.0 0.329392 6.0 0.346812 7.0 0.362716 8.0 0.377284 9.0 0.390671 10.0 0.403013 11.0 0.414425 12.0 0.425008 13.0 0.434841 14.0 0.443993 15.0 0.452523 16.0 0.460478 17.0 0.467897 18.0 0.474814 19.0 0.481255 20.0 0.487241 21.0 0.492794 22.0 0.497929 23.0 0.502658 24.0 0.507003 25.0 0.510978 26.0 0.514601 27.0 0.517895 28.0 0.520887 29.0 0.523606 30.0 0.526090
56.165917  0.0 0.212397 1.0 0.241423 2.0 0.267506 3.0 0.291010 4.0 0.312255 5.0 0.331521 6.0 0.349048 7.0 0.365049 8.0 0.379707 9.0 0.393176 10.0 0.405593 11.0 0.417075 12.0 0.427721 13.0 0.437614 14.0 0.446821 15.0 0.455402 16.0 0.463405 17.0 0.470869 18.0 0.477826 19.0 0.484305 20.0 0.490327 21.0 0.495912 22.0 0.501077 23.0 0.505834 24.0 0.510204 25.0 0.514202 26.0 0.517846 27.0 0.521159 28.0 0.524167 29.0 0.526902 30.0 0.529401
59.404601  0.0 0.213803 1.0 0.243014 2.0 0.269262 3.0 0.292914 4.0 0.314291 5.0 0.333677 6.0 0.351313 7.0 0.367413 8.0 0.382161 9.0 0.395714 10.0 0.408207 11.0 0.419759 12.0 0.430470 13.0 0.440423 14.0 0.449686 15.0 0.458319 16.0 0.466370 17.0 0.473878 18.0 0.480877 19.0 0.487395 20.0 0.493452 21.0 0.499071 22.0 0.504266 23.0 0.509051 24.0 0.513446 25.0 0.517468 26.0 0.521133 27.0 0.524465 28.0 0.527491 29.0 0.530241 30.0 0.532754
62.830036  0.0 0.215228 1.0 0.244627 2.0 0.271041 3.0 0.294843 4.0 0.316355 5.0 0.335862 6.0 0.353608 7.0 0.369809 8.0 0.384648 9.0 0.398284 10.0 0.410854 11.0 0.422477 12.0 0.433255 13.0 0.443269 14.0 0.452588 15.0 0.461274 16.0 0.469373 17.0 0.476927 18.0 0.483968 19.0 0.490525 20.0 0.496619 21.0 0.502271 22.0 0.507497 23.0 0.512310 24.0 0.516731 25.0 0.520776 26.0 0.524462 27.0 0.527814 28.0 0.530857 29.0 0.533623 30.0 0.536151
66.452991  0.0 0.216672 1.0 0.246260 2.0 0.272844 3.0 0.296797 4.0 0.318445 5.0 0.338075 6.0 0.355934 7.0 0.372235 8.0 0.387167 9.0 0.400889 10.0 0.413537 11.0 0.425232 12.0 0.436076 13.0 0.446152 14.0 0.455529 15.0 0.464268 16.0 0.472417 17.0 0.480017 18.0 0.487100 19.0 0.493697 20.0 0.499827 21.0 0.505513 22.0 0.510770 23.0 0.515612 24.0 0.520059 25.0 0.524128 26.0 0.527836 27.0 0.531207 28.0 0.534268 29.0 0.537050 30.0 0.539592
70.284856  0.0 0.218135 1.0 0.247916 2.0 0.274671 3.0 0.298778 4.0 0.320564 5.0 0.340319 6.0 0.358290 7.0 0.374694 8.0 0.389720 9.0 0.403527 10.0 0.416255 11.0 0.428023 12.0 0.438935 13.0 0.449073 14.0 0.458508 15.0 0.467301 16.0 0.475500 17.0 0.483147 18.0 0.490273 19.0 0.496910 20.0 0.503077 21.0 0.508798 22.0 0.514086 23.0 0.518957 24.0 0.523431 25.0 0.527524 26.0 0.531254 27.0 0.534646 28.0 0.537725 29.0 0.540523 30.0 0.543080
74.337677  0.0 0.219618 1.0 0.249594 2.0 0.276523 3.0 0.300785 4.0 0.322711 5.0 0.342592 6.0 0.360677 7.0 0.377186 8.0 0.392307 9.0 0.406202 10.0 0.419009 11.0 0.430851 12.0 0.441831 13.0 0.452034 14.0 0.461527 15.0 0.470375 16.0 0.478625 17.0 0.486319 18.0 0.493489 19.0 0.500167 20.0 0.506371 21.0 0.512127 22.0 0.517447 23.0 0.522348 24.0 0.526849 25.0 0.530966 26.0 0.534719 27.0 0.538130 28.0 0.541227 29.0 0.544042 30.0 0.546614
78.624195  0.0 0.221122 1.0 0.251295 2.0 0.278400 3.0 0.302819 4.0 0.324887 5.0 0.344896 6.0 0.363097 7.0 0.379711 8.0 0.394929 9.0 0.408912 10.0 0.421800 11.0 0.433718 12.0 0.444767 13.0 0.455034 14.0 0.464587 15.0 0.473490 16.0 0.481792 17.0 0.489533 18.0 0.496748 19.0 0.503467 20.0 0.509710 21.0 0.515500 22.0 0.520854 23.0 0.525783 24.0 0.530312 25.0 0.534454 26.0 0.538230 27.0 0.541662 28.0 0.544777 29.0 0.547609 30.0 0.550195
83.157886  0.0 0.222646 1.0 0.253019 2.0 0.280302 3.0 0.304882 4.0 0.327093 5.0 0.347231 6.0 0.365550 7.0 0.382271 8.0 0.397586 9.0 0.411658 10.0 0.424629 11.0 0.436623 12.0 0.447742 13.0 0.458075 14.0 0.467688 15.0 0.476648 16.0 0.485002 17.0 0.492791 18.0 0.500052 19.0 0.506812 20.0 0.513094 21.0 0.518920 22.0 0.524306 23.0 0.529266 24.0 0.533823 25.0 0.537990 26.0 0.541788 27.0 0.545241 28.0 0.548376 29.0 0.551224 30.0 0.553826
87.953002  0.0 0.224191 1.0 0.254766 2.0 0.282231 3.0 0.306972 4.0 0.329329 5.0 0.349598 6.0 0.368036 7.0 0.384866 8.0 0.400280 9.0 0.414442 10.0 0.427497 11.0 0.439569 12.0 0.450759 13.0 0.461157 14.0 0.470832 15.0 0.479848 16.0 0.488255 17.0 0.496094 18.0 0.503401 19.0 0.510204 20.0 0.516524 21.0 0.522386 22.0 0.527806 23.0 0.532796 24.0 0.537381 25.0 0.541574 26.0 0.545396 27.0 0.548870 28.0 0.552024 29.0 0.554889 30.0 0.557506
93.024617  0.0 0.225757 1.0 0.256538 2.0 0.284186 3.0 0.309091 4.0 0.331596 5.0 0.351997 6.0 0.370556 7.0 0.387496 8.0 0.403010 9.0 0.417266 10.0 0.430404 11.0 0.442555 12.0 0.453817 13.0 0.464282 14.0 0.474019 15.0 0.483093 16.0 0.491554 17.0 0.499442 18.0 0.506796 19.0 0.513641 20.0 0.520002 21.0 0.525899 22.0 0.531354 23.0 0.536375 24.0 0.540989 25.0 0.545208 26.0 0.549053 27.0 0.552549 28.0 0.555722 29.0 0.558605 30.0 0.561237
98.388676  0.0 0.227345 1.0 0.258335 2.0 0.286169 3.0 0.311240 4.0 0.333894 5.0 0.354430 6.0 0.373112 7.0 0.390163 8.0 0.405779 9.0 0.420128 10.0 0.433351 11.0 0.445582 12.0 0.456917 13.0 0.467450 14.0 0.477249 15.0 0.486382 16.0 0.494898 17.0 0.502836 18.0 0.510238 19.0 0.517127 20.0 0.523528 21.0 0.529462 22.0 0.534951 23.0 0.540004 24.0 0.544648 25.0 0.548893 26.0 0.552762 27.0 0.556279 28.0 0.559472 29.0 0.562373 30.0 0.565022
104.062042  0.0 0.228956 1.0 0.260157 2.0 0.288179 3.0 0.313419 4.0 0.336224 5.0 0.356897 6.0 0.375702 7.0 0.392867 8.0 0.408586 9.0 0.423031 10.0 0.436339 11.0 0.448651 12.0 0.460061 13.0 0.470662 14.0 0.480525 15.0 0.489717 16.0 0.498289 17.0 0.506278 18.0 0.513728 19.0 0.520662 20.0 0.527104 21.0 0.533075 22.0 0.538599 23.0 0.543685 24.0 0.548357 25.0 0.552629 26.0 0.556522 27.0 0.560062 28.0 0.563275 29.0 0.566195 30.0 0.568860
110.062550  0.0 0.230591 1.0 0.262005 2.0 0.290217 3.0 0.315628 4.0 0.338587 5.0 0.359399 6.0 0.378330 7.0 0.395609 8.0 0.411432 9.0 0.425974 10.0 0.439370 11.0 0.451764 12.0 0.463249 13.0 0.473919 14.0 0.483847 15.0 0.493100 16.0 0.501728 17.0 0.509770 18.0 0.517268 19.0 0.524246 20.0 0.530730 21.0 0.536740 22.0 0.542299 23.0 0.547418 24.0 0.552120 25.0 0.556418 26.0 0.560336 27.0 0.563898 28.0 0.567132 29.0 0.570070 30.0 0.572752
116.409064  0.0 0.232248 1.0 0.263879 2.0 0.292285 3.0 0.317869 4.0 0.340984 5.0 0.361935 6.0 0.380994 7.0 0.398389 8.0 0.414319 9.0 0.428959 10.0 0.442445 11.0 0.454920 12.0 0.466483 13.0 0.477223 14.0 0.487218 15.0 0.496530 16.0 0.505215 17.0 0.513311 18.0 0.520858 19.0 0.527881 20.0 0.534408 21.0 0.540457 22.0 0.546051 23.0 0.551204 24.0 0.555936 25.0 0.560262 26.0 0.564204 27.0 0.567789 28.0 0.571044 29.0 0.574001 30.0 0.576700
123.121536  0.0 0.233930 1.0 0.265781 2.0 0.294382 3.0 0.320142 4.0 0.343415 5.0 0.364510 6.0 0.383697 7.0 0.401209 8.0 0.417247 9.0 0.431986 10.0 0.445563 11.0 0.458122 12.0 0.469762 13.0 0.480573 14.0 0.490637 15.0 0.500011 16.0 0.508753 17.0 0.516903 18.0 0.524499 19.0 0.531569 20.0 0.538138 21.0 0.544228 22.0 0.549857 23.0 0.555045 24.0 0.559807 25.0 0.564160 26.0 0.568129 27.0 0.571736 28.0 0.575012 29.0 0.577989 30.0 0.580706
130.221067  0.0 0.235636 1.0 0.267710 2.0 0.296510 3.0 0.322448 4.0 0.345880 5.0 0.367121 6.0 0.386440 7.0 0.404071 8.0 0.420219 9.0 0.435057 10.0 0.448726 11.0 0.461370 12.0 0.473089 13.0 0.483973 14.0 0.494105 15.0 0.503542 16.0 0.512341 17.0 0.520547 18.0 0.528193 19.0 0.535310 20.0 0.541923 21.0 0.548053 22.0 0.553719 23.0 0.558942 24.0 0.563734 25.0 0.568116 26.0 0.572110 27.0 0.575741 28.0 0.579039 29.0 0.582035 30.0 0.584770
137.729977  0.0 0.237367 1.0 0.269668 2.0 0.298670 3.0 0.324788 4.0 0.348382 5.0 0.369770 6.0 0.389222 7.0 0.406975 8.0 0.423233 9.0 0.438173 10.0 0.451935 11.0 0.464665 12.0 0.476464 13.0 0.487423 14.0 0.497623 15.0 0.507125 16.0 0.515982 17.0 0.524244 18.0 0.531941 19.0 0.539105 20.0 0.545763 21.0 0.551935 22.0 0.557637 23.0 0.562895 24.0 0.567719 25.0 0.572129 26.0 0.576151 27.0 0.579806 28.0 0.583124 29.0 0.586141 30.0 0.588894
145.671872  0.0 0.239123 1.0 0.271654 2.0 0.300861 3.0 0.327163 4.0 0.350922 5.0 0.372458 6.0 0.392045 7.0 0.409921 8.0 0.426292 9.0 0.441334 10.0 0.455191 11.0 0.468008 12.0 0.479888 13.0 0.490924 14.0 0.501193 15.0 0.510760 16.0 0.519678 17.0 0.527996 18.0 0.535744 19.0 0.542957 20.0 0.549659 21.0 0.555873 22.0 0.561615 23.0 0.566907 24.0 0.571762 25.0 0.576204 26.0 0.580253 27.0 0.583933 28.0 0.587271 29.0 0.590308 30.0 0.593080
154.071719  0.0 0.240905 1.0 0.273669 2.0 0.303084 3.0 0.329572 4.0 0.353498 5.0 0.375185 6.0 0.394909 7.0 0.412910 8.0 0.429395 9.0 0.444541 10.0 0.458495 11.0 0.471399 12.0 0.483363 13.0 0.494476 14.0 0.504816 15.0 0.514449 16.0 0.523429 17.0 0.531803 18.0 0.539603 19.0 0.546865 20.0 0.553613 21.0 0.559871 22.0 0.565652 23.0 0.570979 24.0 0.575866 25.0 0.580340 26.0 0.584416 27.0 0.588121 28.0 0.591482 29.0 0.594537 30.0 0.597329
162.955925  0.0 0.242714 1.0 0.275714 2.0 0.305340 3.0 0.332017 4.0 0.356113 5.0 0.377953 6.0 0.397816 7.0 0.415944 8.0 0.432544 9.0 0.447795 10.0 0.461847 11.0 0.474843 12.0 0.486889 13.0 0.498081 14.0 0.508492 15.0 0.518193 16.0 0.527236 17.0 0.535666 18.0 0.543521 19.0 0.550834 20.0 0.557627 21.0 0.563928 22.0 0.569750 23.0 0.575112 24.0 0.580035 25.0 0.584539 26.0 0.588643 27.0 0.592372 28.0 0.595757 29.0 0.598831 30.0 0.601641
172.352418  0.0 0.244551 1.0 0.277790 2.0 0.307630 3.0 0.334498 4.0 0.358767 5.0 0.380761 6.0 0.400766 7.0 0.419022 8.0 0.435740 9.0 0.451101 10.0 0.465250 11.0 0.478340 12.0 0.490470 13.0 0.501740 14.0 0.512224 15.0 0.521993 16.0 0.531100 17.0 0.539588 18.0 0.547500 19.0 0.554864 20.0 0.561704 21.0 0.568046 22.0 0.573910 23.0 0.579308 24.0 0.584267 25.0 0.588801 26.0 0.592933 27.0 0.596689 28.0 0.600098 29.0 0.603194 30.0 0.606020
182.290740  0.0 0.246416 1.0 0.279898 2.0 0.309954 3.0 0.337016 4.0 0.361460 5.0 0.383612 6.0 0.403760 7.0 0.422147 8.0 0.438984 9.0 0.454457 10.0 0.468705 11.0 0.481888 12.0 0.494106 13.0 0.505454 14.0 0.516012 15.0 0.525850 16.0 0.535023 17.0 0.543571 18.0 0.551540 19.0 0.558955 20.0 0.565843 21.0 0.572228 22.0 0.578134 23.0 0.583569 24.0 0.588564 25.0 0.593129 26.0 0.597290 27.0 0.601072 28.0 0.604505 29.0 0.607623 30.0 0.610468
192.802133  0.0 0.248308 1.0 0.282039 2.0 0.312315 3.0 0.339574 4.0 0.364194 5.0 0.386508 6.0 0.406801 7.0 0.425319 8.0 0.442279 9.0 0.457863 10.0 0.472213 11.0 0.485491 12.0 0.497797 13.0 0.509225 14.0 0.519861 15.0 0.529768 16.0 0.539006 17.0 0.547616 18.0 0.555641 19.0 0.563109 20.0 0.570046 21.0 0.576477 22.0 0.582423 23.0 0.587899 24.0 0.592927 25.0 0.597524 26.0 0.601714 27.0 0.605523 28.0 0.608981 29.0 0.612122 30.0 0.614987
203.919642  0.0 0.250230 1.0 0.284212 2.0 0.314712 3.0 0.342171 4.0 0.366971 5.0 0.389448 6.0 0.409889 7.0 0.428543 8.0 0.445625 9.0 0.461321 10.0 0.475776 11.0 0.489149 12.0 0.501544 13.0 0.513055 14.0 0.523769 15.0 0.533748 16.0 0.543050 17.0 0.551725 18.0 0.559806 19.0 0.567327 20.0 0.574315 21.0 0.580793 22.0 0.586778 23.0 0.592296 24.0 0.597359 25.0 0.601988 26.0 0.606208 27.0 0.610044 28.0 0.613527 29.0 0.616691 30.0 0.619579
215.678218  0.0 0.252181 1.0 0.286418 2.0 0.317146 3.0 0.344808 4.0 0.369792 5.0 0.392434 6.0 0.413025 7.0 0.431815 8.0 0.449023 9.0 0.464833 10.0 0.479394 11.0 0.492863 12.0 0.505350 13.0 0.516947 14.0 0.527738 15.0 0.537790 16.0 0.547159 17.0 0.555897 18.0 0.564036 19.0 0.571611 20.0 0.578650 21.0 0.585176 22.0 0.591204 23.0 0.596763 24.0 0.601861 25.0 0.606523 26.0 0.610775 27.0 0.614639 28.0 0.618145 29.0 0.621334 30.0 0.624243
228.114826  0.0 0.254165 1.0 0.288658 2.0 0.319617 3.0 0.347486 4.0 0.372656 5.0 0.395465 6.0 0.416209 7.0 0.435139 8.0 0.452473 9.0 0.468399 10.0 0.483067 11.0 0.496636 12.0 0.509214 13.0 0.520899 14.0 0.531769 15.0 0.541896 16.0 0.551335 17.0 0.560135 18.0 0.568333 19.0 0.575963 20.0 0.583054 21.0 0.589629 22.0 0.595703 23.0 0.601300 24.0 0.606434 25.0 0.611135 26.0 0.615418 27.0 0.619310 28.0 0.622842 29.0 0.626050 30.0 0.628982
241.268564  0.0 0.256179 1.0 0.290935 2.0 0.322127 3.0 0.350206 4.0 0.375564 5.0 0.398543 6.0 0.419442 7.0 0.438514 8.0 0.455978 9.0 0.472024 10.0 0.486798 11.0 0.500472 12.0 0.513142 13.0 0.524913 14.0 0.535864 15.0 0.546066 16.0 0.555577 17.0 0.564440 18.0 0.572701 19.0 0.580389 20.0 0.587530 21.0 0.594153 22.0 0.600274 23.0 0.605910 24.0 0.611086 25.0 0.615821 26.0 0.620135 27.0 0.624056 28.0 0.627615 29.0 0.630847 30.0 0.633799
255.180783  0.0 0.258225 1.0 0.293249 2.0 0.324677 3.0 0.352969 4.0 0.378518 5.0 0.401672 6.0 0.422727 7.0 0.441942 8.0 0.459537 9.0 0.475706 10.0 0.490591 11.0 0.504367 12.0 0.517134 13.0 0.528992 14.0 0.540024 15.0 0.550303 16.0 0.559887 17.0 0.568817 18.0 0.577141 19.0 0.584886 20.0 0.592082 21.0 0.598750 22.0 0.604919 23.0 0.610597 24.0 0.615814 25.0 0.620583 26.0 0.624929 27.0 0.628880 28.0 0.632467 29.0 0.635725 30.0 0.638696
269.895220  0.0 0.260303 1.0 0.295598 2.0 0.327269 3.0 0.355778 4.0 0.381521 5.0 0.404852 6.0 0.426067 7.0 0.445427 8.0 0.463157 9.0 0.479448 10.0 0.494446 11.0 0.508325 12.0 0.521190 13.0 0.533136 14.0 0.544255 15.0 0.554612 16.0 0.564266 17.0 0.573267 18.0 0.581653 19.0 0.589457 20.0 0.596707 21.0 0.603428 22.0 0.609640 23.0 0.615364 24.0 0.620619 25.0 0.625423 26.0 0.629803 27.0 0.633784 28.0 0.637399 29.0 0.640683 30.0 0.643679
285.458131  0.0 0.262416 1.0 0.297985 2.0 0.329902 3.0 0.358631 4.0 0.384573 5.0 0.408081 6.0 0.429460 7.0 0.448969 8.0 0.466835 9.0 0.483249 10.0 0.498362 11.0 0.512347 12.0 0.525311 13.0 0.537352 14.0 0.548555 15.0 0.558992 16.0 0.568718 17.0 0.577789 18.0 0.586238 19.0 0.594102 20.0 0.601408 21.0 0.608182 22.0 0.614440 23.0 0.620211 24.0 0.625504 25.0 0.630344 26.0 0.634760 27.0 0.638772 28.0 0.642414 29.0 0.645725 30.0 0.648745
301.918444  0.0 0.264564 1.0 0.300411 2.0 0.332577 3.0 0.361529 4.0 0.387674 5.0 0.411363 6.0 0.432908 7.0 0.452568 8.0 0.470572 9.0 0.487112 10.0 0.502342 11.0 0.516436 12.0 0.529499 13.0 0.541636 14.0 0.552926 15.0 0.563443 16.0 0.573247 17.0 0.582387 18.0 0.590900 19.0 0.598825 20.0 0.606187 21.0 0.613016 22.0 0.619325 23.0 0.625138 24.0 0.630472 25.0 0.635355 26.0 0.639804 27.0 0.643848 28.0 0.647518 29.0 0.650852 30.0 0.653898
319.327905  0.0 0.266746 1.0 0.302879 2.0 0.335297 3.0 0.364476 4.0 0.390824 5.0 0.414699 6.0 0.436411 7.0 0.456225 8.0 0.474369 9.0 0.491043 10.0 0.506387 11.0 0.520595 12.0 0.533761 13.0 0.545991 14.0 0.557368 15.0 0.567969 16.0 0.577852 17.0 0.587060 18.0 0.595645 19.0 0.603632 20.0 0.611052 21.0 0.617931 22.0 0.624293 23.0 0.630149 24.0 0.635529 25.0 0.640450 26.0 0.644934 27.0 0.649011 28.0 0.652712 29.0 0.656073 30.0 0.659139
337.741243  0.0 0.268963 1.0 0.305386 2.0 0.338063 3.0 0.367473 4.0 0.394028 5.0 0.418092 6.0 0.439976 7.0 0.459945 8.0 0.478233 9.0 0.495038 10.0 0.510504 11.0 0.524823 12.0 0.538094 13.0 0.550418 14.0 0.561889 15.0 0.572573 16.0 0.582533 17.0 0.591818 18.0 0.600470 19.0 0.608521 20.0 0.616000 21.0 0.622934 22.0 0.629345 23.0 0.635251 24.0 0.640674 25.0 0.645633 26.0 0.650153 27.0 0.654263 28.0 0.657995 29.0 0.661386 30.0 0.664477
357.216346  0.0 0.271219 1.0 0.307933 2.0 0.340874 3.0 0.370519 4.0 0.397286 5.0 0.421541 6.0 0.443599 7.0 0.463728 8.0 0.482162 9.0 0.499099 10.0 0.514689 11.0 0.529121 12.0 0.542499 13.0 0.554925 14.0 0.566487 15.0 0.577258 16.0 0.587295 17.0 0.596658 18.0 0.605377 19.0 0.613493 20.0 0.621033 21.0 0.628026 22.0 0.634485 23.0 0.640442 24.0 0.645907 25.0 0.650905 26.0 0.655464 27.0 0.659608 28.0 0.663371 29.0 0.666792 30.0 0.669912
377.814438  0.0 0.273513 1.0 0.310526 2.0 0.343730 3.0 0.373615 4.0 0.400598 5.0 0.425047 6.0 0.447283 7.0 0.467574 8.0 0.486156 9.0 0.503230 10.0 0.518944 11.0 0.533495 12.0 0.546979 13.0 0.559509 14.0 0.571164 15.0 0.582023 16.0 0.592145 17.0 0.601580 18.0 0.610370 19.0 0.618552 20.0 0.626154 21.0 0.633206 22.0 0.639721 23.0 0.645725 24.0 0.651234 25.0 0.656278 26.0 0.660876 27.0 0.665055 28.0 0.668848 29.0 0.672293 30.0 0.675443
399.600273  0.0 0.275845 1.0 0.313163 2.0 0.346639 3.0 0.376765 4.0 0.403966 5.0 0.428615 6.0 0.451030 7.0 0.471485 8.0 0.490218 9.0 0.507435 10.0 0.523275 11.0 0.537946 12.0 0.551542 13.0 0.564171 14.0 0.575921 15.0 0.586870 16.0 0.597078 17.0 0.606589 18.0 0.615456 19.0 0.623706 20.0 0.631371 21.0 0.638476 22.0 0.645050 23.0 0.651101 24.0 0.656662 25.0 0.661748 26.0 0.666384 27.0 0.670599 28.0 0.674426 29.0 0.677903 30.0 0.681073
422.642341  0.0 0.278218 1.0 0.315843 2.0 0.349596 3.0 0.379970 4.0 0.407394 5.0 0.432244 6.0 0.454844 7.0 0.475467 8.0 0.494355 9.0 0.511711 10.0 0.527682 11.0 0.542473 12.0 0.556183 13.0 0.568916 14.0 0.580768 15.0 0.591807 16.0 0.602097 17.0 0.611693 18.0 0.620632 19.0 0.628951 20.0 0.636681 21.0 0.643849 22.0 0.650474 23.0 0.656581 24.0 0.662188 25.0 0.667315 26.0 0.671991 27.0 0.676243 28.0 0.680106 29.0 0.683615 30.0 0.686817
447.013078  0.0 0.280632 1.0 0.318570 2.0 0.352602 3.0 0.383228 4.0 0.410880 5.0 0.435935 6.0 0.458722 7.0 0.479518 8.0 0.498562 9.0 0.516061 10.0 0.532165 11.0 0.547079 12.0 0.560905 13.0 0.573749 14.0 0.585699 15.0 0.596833 16.0 0.607210 17.0 0.616886 18.0 0.625899 19.0 0.634289 20.0 0.642086 21.0 0.649318 22.0 0.656001 23.0 0.662161 24.0 0.667813 25.0 0.672989 26.0 0.677708 27.0 0.681998 28.0 0.685892 29.0 0.689433 30.0 0.692666
472.789100  0.0 0.283086 1.0 0.321346 2.0 0.355663 3.0 0.386545 4.0 0.414426 5.0 0.439691 6.0 0.462668 7.0 0.483638 8.0 0.502842 9.0 0.520493 10.0 0.536728 11.0 0.551772 12.0 0.565715 13.0 0.578667 14.0 0.590718 15.0 0.601947 16.0 0.612417 17.0 0.622173 18.0 0.631268 19.0 0.639732 20.0 0.647594 21.0 0.654887 22.0 0.661632 23.0 0.667842 24.0 0.673551 25.0 0.678772 26.0 0.683533 27.0 0.687862 28.0 0.691794 29.0 0.695366 30.0 0.698625
500.051440  0.0 0.285585 1.0 0.324168 2.0 0.358778 3.0 0.389921 4.0 0.418038 5.0 0.443516 6.0 0.466688 7.0 0.487835 8.0 0.507203 9.0 0.525003 10.0 0.541378 11.0 0.556549 12.0 0.570612 13.0 0.583674 14.0 0.595833 15.0 0.607159 16.0 0.617718 17.0 0.627564 18.0 0.636737 19.0 0.645275 20.0 0.653208 21.0 0.660566 22.0 0.667368 23.0 0.673638 24.0 0.679396 25.0 0.684663 26.0 0.689467 27.0 0.693837 28.0 0.697807 29.0 0.701415 30.0 0.704706
528.885802  0.0 0.288129 1.0 0.327043 2.0 0.361945 3.0 0.393354 4.0 0.421712 5.0 0.447406 6.0 0.470777 7.0 0.492107 8.0 0.511642 9.0 0.529593 10.0 0.546109 11.0 0.561411 12.0 0.575597 13.0 0.588779 14.0 0.601043 15.0 0.612469 16.0 0.623121 17.0 0.633054 18.0 0.642306 19.0 0.650919 20.0 0.658925 21.0 0.666353 22.0 0.673217 23.0 0.679544 24.0 0.685352 25.0 0.690671 26.0 0.695522 27.0 0.699933 28.0 0.703938 29.0 0.707580 30.0 0.710907
559.382834  0.0 0.290716 1.0 0.329968 2.0 0.365173 3.0 0.396852 4.0 0.425452 5.0 0.451369 6.0 0.474941 7.0 0.496454 8.0 0.516159 9.0 0.534272 10.0 0.550928 11.0 0.566368 12.0 0.580679 13.0 0.593975 14.0 0.606347 15.0 0.617877 16.0 0.628628 17.0 0.638646 18.0 0.647987 19.0 0.656680 20.0 0.664757 21.0 0.672248 22.0 0.679181 23.0 0.685563 24.0 0.691432 25.0 0.696800 26.0 0.701697 27.0 0.706151 28.0 0.710197 29.0 0.713875 30.0 0.717229
591.638410  0.0 0.293352 1.0 0.332945 2.0 0.368457 3.0 0.400412 4.0 0.429262 5.0 0.455405 6.0 0.479183 7.0 0.500886 8.0 0.520765 9.0 0.539036 10.0 0.555839 11.0 0.571415 12.0 0.585856 13.0 0.599272 14.0 0.611759 15.0 0.623392 16.0 0.634237 17.0 0.644353 18.0 0.653778 19.0 0.662550 20.0 0.670703 21.0 0.678268 22.0 0.685259 23.0 0.691709 24.0 0.697630 25.0 0.703048 26.0 0.707992 27.0 0.712490 28.0 0.716579 29.0 0.720296 30.0 0.723689
625.753932  0.0 0.296035 1.0 0.335978 2.0 0.371802 3.0 0.404037 4.0 0.433141 5.0 0.459512 6.0 0.483501 7.0 0.505398 8.0 0.525455 9.0 0.543889 10.0 0.560841 11.0 0.576559 12.0 0.591130 13.0 0.604672 14.0 0.617272 15.0 0.629014 16.0 0.639962 17.0 0.650168 18.0 0.659680 19.0 0.668536 20.0 0.676764 21.0 0.684404 22.0 0.691466 23.0 0.697975 24.0 0.703954 25.0 0.709430 26.0 0.714425 27.0 0.718969 28.0 0.723097 29.0 0.726849 30.0 0.730278
661.836651  0.0 0.298768 1.0 0.339065 2.0 0.375209 3.0 0.407731 4.0 0.437092 5.0 0.463701 6.0 0.487904 7.0 0.509996 8.0 0.530234 9.0 0.548838 10.0 0.565941 11.0 0.581804 12.0 0.596511 13.0 0.610173 14.0 0.622893 15.0 0.634744 16.0 0.645797 17.0 0.656101 18.0 0.665706 19.0 0.674646 20.0 0.682956 21.0 0.690665 22.0 0.697797 23.0 0.704371 24.0 0.710413 25.0 0.715941 26.0 0.720986 27.0 0.725578 28.0 0.729752 29.0 0.733547 30.0 0.737010
700.000000  0.0 0.301551 1.0 0.342212 2.0 0.378677 3.0 0.411491 4.0 0.441118 5.0 0.467965 6.0 0.492388 7.0 0.514683 8.0 0.535106 9.0 0.553878 10.0 0.571139 11.0 0.587147 12.0 0.601994 13.0 0.615790 14.0 0.628629 15.0 0.640594 16.0 0.651750 17.0 0.662155 18.0 0.671850 19.0 0.680876 20.0 0.689269 21.0 0.697059 22.0 0.704261 23.0 0.710903 24.0 0.717001 25.0 0.722590 26.0 0.727690 27.0 0.732331 28.0 0.736547 29.0 0.740382 30.0 0.743888
