0.010000  0.0 0.092969 1.0 0.105953 2.0 0.117673 3.0 0.128276 4.0 0.137892 5.0 0.146635 6.0 0.154610 7.0 0.161906 8.0 0.168602 9.0 0.174766 10.0 0.180460 11.0 0.185735 12.0 0.190634 13.0 0.195195 14.0 0.199451 15.0 0.203426 16.0 0.207142 17.0 0.210617 18.0 0.213867 19.0 0.216900 20.0 0.219727 21.0 0.222356 22.0 0.224793 23.0 0.227045 24.0 0.229118 25.0 0.231020 26.0 0.232759 27.0 0.234345 28.0 0.235791 29.0 0.237111 30.0 0.238326
0.010577  0.0 0.093238 1.0 0.106258 2.0 0.118012 3.0 0.128645 4.0 0.138287 5.0 0.147056 6.0 0.155054 7.0 0.162369 8.0 0.169083 9.0 0.175266 10.0 0.180975 11.0 0.186263 12.0 0.191176 13.0 0.195751 14.0 0.200017 15.0 0.204004 16.0 0.207731 17.0 0.211216 18.0 0.214473 19.0 0.217515 20.0 0.220350 21.0 0.222986 22.0 0.225430 23.0 0.227688 24.0 0.229768 25.0 0.231674 26.0 0.233417 27.0 0.235007 28.0 0.236456 29.0 0.237781 30.0 0.239000
0.011187  0.0 0.093508 1.0 0.106566 2.0 0.118353 3.0 0.129015 4.0 0.138686 5.0 0.147479 6.0 0.155498 7.0 0.162835 8.0 0.169569 9.0 0.175767 10.0 0.181492 11.0 0.186797 12.0 0.191724 13.0 0.196310 14.0 0.200589 15.0 0.204586 16.0 0.208324 17.0 0.211817 18.0 0.215085 19.0 0.218135 20.0 0.220978 21.0 0.223621 22.0 0.226070 23.0 0.228335 24.0 0.230419 25.0 0.232332 26.0 0.234080 27.0 0.235675 28.0 0.237128 29.0 0.238456 30.0 0.239676
0.011832  0.0 0.093781 1.0 0.106875 2.0 0.118695 3.0 0.129389 4.0 0.139086 5.0 0.147905 6.0 0.155947 7.0 0.163304 8.0 0.170056 9.0 0.176273 10.0 0.182014 11.0 0.187332 12.0 0.192272 13.0 0.196873 14.0 0.201163 15.0 0.205171 16.0 0.208919 17.0 0.212424 18.0 0.215699 19.0 0.218757 20.0 0.221607 21.0 0.224258 22.0 0.226716 23.0 0.228985 24.0 0.231076 25.0 0.232993 26.0 0.234746 27.0 0.236344 28.0 0.237801 29.0 0.239133 30.0 0.240358
0.012514  0.0 0.094054 1.0 0.107186 2.0 0.119041 3.0 0.129764 4.0 0.139489 5.0 0.148333 6.0 0.156397 7.0 0.163775 8.0 0.170547 9.0 0.176780 10.0 0.182538 11.0 0.187872 12.0 0.192826 13.0 0.197437 14.0 0.201741 15.0 0.205760 16.0 0.209518 17.0 0.213032 18.0 0.216317 19.0 0.219384 20.0 0.222242 21.0 0.224900 22.0 0.227363 23.0 0.229640 24.0 0.231736 25.0 0.233658 26.0 0.235416 27.0 0.237019 28.0 0.238480 29.0 0.239815 30.0 0.241042
0.013235  0.0 0.094330 1.0 0.107499 2.0 0.119387 3.0 0.130142 4.0 0.139895 5.0 0.148763 6.0 0.156851 7.0 0.164250 8.0 0.171040 9.0 0.177291 10.0 0.183065 11.0 0.188413 12.0 0.193381 13.0 0.198007 14.0 0.202321 15.0 0.206352 16.0 0.210121 17.0 0.213644 18.0 0.216938 19.0 0.220013 20.0 0.222879 21.0 0.225545 22.0 0.228015 23.0 0.230298 24.0 0.232400 25.0 0.234328 26.0 0.236090 27.0 0.237697 28.0 0.239162 29.0 0.240501 30.0 0.241732
0.013999  0.0 0.094606 1.0 0.107814 2.0 0.119737 3.0 0.130521 4.0 0.140302 5.0 0.149196 6.0 0.157306 7.0 0.164726 8.0 0.171536 9.0 0.177805 10.0 0.183595 11.0 0.188959 12.0 0.193941 13.0 0.198578 14.0 0.202906 15.0 0.206948 16.0 0.210726 17.0 0.214260 18.0 0.217563 19.0 0.220647 20.0 0.223521 21.0 0.226193 22.0 0.228671 23.0 0.230960 24.0 0.233067 25.0 0.234999 26.0 0.236767 27.0 0.238379 28.0 0.239848 29.0 0.241190 30.0 0.242424
0.014806  0.0 0.094885 1.0 0.108131 2.0 0.120087 3.0 0.130904 4.0 0.140712 5.0 0.149631 6.0 0.157765 7.0 0.165206 8.0 0.172035 9.0 0.178322 10.0 0.184128 11.0 0.189507 12.0 0.194503 13.0 0.199155 14.0 0.203493 15.0 0.207547 16.0 0.211336 17.0 0.214879 18.0 0.218192 19.0 0.221284 20.0 0.224166 21.0 0.226846 22.0 0.229330 23.0 0.231625 24.0 0.233739 25.0 0.235677 26.0 0.237449 27.0 0.239065 28.0 0.240538 29.0 0.241884 30.0 0.243122
0.015659  0.0 0.095165 1.0 0.108449 2.0 0.120441 3.0 0.131288 4.0 0.141124 5.0 0.150069 6.0 0.158226 7.0 0.165688 8.0 0.172536 9.0 0.178842 10.0 0.184665 11.0 0.190058 12.0 0.195068 13.0 0.199733 14.0 0.204084 15.0 0.208149 16.0 0.211948 17.0 0.215503 18.0 0.218823 19.0 0.221925 20.0 0.224815 21.0 0.227501 22.0 0.229993 23.0 0.232295 24.0 0.234414 25.0 0.236357 26.0 0.238134 27.0 0.239754 28.0 0.241231 29.0 0.242581 30.0 0.243822
0.016562  0.0 0.095447 1.0 0.108770 2.0 0.120795 3.0 0.131674 4.0 0.141540 5.0 0.150509 6.0 0.158690 7.0 0.166174 8.0 0.173042 9.0 0.179364 10.0 0.185204 11.0 0.190613 12.0 0.195638 13.0 0.200315 14.0 0.204679 15.0 0.208755 16.0 0.212566 17.0 0.216129 18.0 0.219460 19.0 0.222570 20.0 0.225468 21.0 0.228162 22.0 0.230660 23.0 0.232968 24.0 0.235093 25.0 0.237042 26.0 0.238824 27.0 0.240449 28.0 0.241930 29.0 0.243283 30.0 0.244527
0.017518  0.0 0.095730 1.0 0.109092 2.0 0.121153 3.0 0.132063 4.0 0.141956 5.0 0.150953 6.0 0.159157 7.0 0.166662 8.0 0.173549 9.0 0.179890 10.0 0.185747 11.0 0.191171 12.0 0.196209 13.0 0.200901 14.0 0.205276 15.0 0.209364 16.0 0.213185 17.0 0.216760 18.0 0.220099 19.0 0.223217 20.0 0.226123 21.0 0.228826 22.0 0.231331 23.0 0.233645 24.0 0.235777 25.0 0.237730 26.0 0.239516 27.0 0.241146 28.0 0.242631 29.0 0.243988 30.0 0.245237
0.018528  0.0 0.096015 1.0 0.109416 2.0 0.121512 3.0 0.132454 4.0 0.142376 5.0 0.151398 6.0 0.159626 7.0 0.167153 8.0 0.174060 9.0 0.180419 10.0 0.186292 11.0 0.191733 12.0 0.196786 13.0 0.201490 14.0 0.205878 15.0 0.209978 16.0 0.213810 17.0 0.217393 18.0 0.220743 19.0 0.223870 20.0 0.226784 21.0 0.229494 22.0 0.232005 23.0 0.234327 24.0 0.236463 25.0 0.238423 26.0 0.240215 27.0 0.241849 28.0 0.243338 29.0 0.244698 30.0 0.245949
0.019596  0.0 0.096302 1.0 0.109742 2.0 0.121874 3.0 0.132848 4.0 0.142798 5.0 0.151847 6.0 0.160098 7.0 0.167647 8.0 0.174573 9.0 0.180951 10.0 0.186841 11.0 0.192296 12.0 0.197364 13.0 0.202082 14.0 0.206482 15.0 0.210593 16.0 0.214437 17.0 0.218031 18.0 0.221390 19.0 0.224525 20.0 0.227447 21.0 0.230165 22.0 0.232685 23.0 0.235011 24.0 0.237155 25.0 0.239120 26.0 0.240916 27.0 0.242554 28.0 0.244047 29.0 0.245412 30.0 0.246667
0.020726  0.0 0.096590 1.0 0.110071 2.0 0.122237 3.0 0.133243 4.0 0.143223 5.0 0.152298 6.0 0.160573 7.0 0.168143 8.0 0.175091 9.0 0.181486 10.0 0.187393 11.0 0.192865 12.0 0.197947 13.0 0.202678 14.0 0.207092 15.0 0.211215 16.0 0.215069 17.0 0.218672 18.0 0.222041 19.0 0.225186 20.0 0.228117 21.0 0.230841 22.0 0.233367 23.0 0.235702 24.0 0.237849 25.0 0.239820 26.0 0.241622 27.0 0.243265 28.0 0.244762 29.0 0.246130 30.0 0.247387
0.021921  0.0 0.096881 1.0 0.110400 2.0 0.122603 3.0 0.133641 4.0 0.143651 5.0 0.152752 6.0 0.161051 7.0 0.168643 8.0 0.175610 9.0 0.182025 10.0 0.187949 11.0 0.193436 12.0 0.198532 13.0 0.203278 14.0 0.207703 15.0 0.211837 16.0 0.215703 17.0 0.219318 18.0 0.222696 19.0 0.225849 20.0 0.228788 21.0 0.231521 22.0 0.234054 23.0 0.236394 24.0 0.238549 25.0 0.240525 26.0 0.242331 27.0 0.243979 28.0 0.245481 29.0 0.246853 30.0 0.248114
0.023185  0.0 0.097173 1.0 0.110733 2.0 0.122971 3.0 0.134041 4.0 0.144080 5.0 0.153208 6.0 0.161531 7.0 0.169145 8.0 0.176134 9.0 0.182566 10.0 0.188507 11.0 0.194011 12.0 0.199122 13.0 0.203880 14.0 0.208320 15.0 0.212466 16.0 0.216342 17.0 0.219966 18.0 0.223354 19.0 0.226517 20.0 0.229464 21.0 0.232204 22.0 0.234744 23.0 0.237092 24.0 0.239252 25.0 0.241234 26.0 0.243046 27.0 0.244698 28.0 0.246203 29.0 0.247579 30.0 0.248843
0.024522  0.0 0.097467 1.0 0.111066 2.0 0.123341 3.0 0.134445 4.0 0.144513 5.0 0.153667 6.0 0.162015 7.0 0.169652 8.0 0.176659 9.0 0.183111 10.0 0.189070 11.0 0.194589 12.0 0.199715 13.0 0.204488 14.0 0.208939 15.0 0.213097 16.0 0.216985 17.0 0.220619 18.0 0.224017 19.0 0.227188 20.0 0.230144 21.0 0.232892 22.0 0.235440 23.0 0.237793 24.0 0.239960 25.0 0.241948 26.0 0.243764 27.0 0.245420 28.0 0.246930 29.0 0.248310 30.0 0.249578
0.025936  0.0 0.097762 1.0 0.111403 2.0 0.123714 3.0 0.134850 4.0 0.144948 5.0 0.154129 6.0 0.162501 7.0 0.170160 8.0 0.177189 9.0 0.183659 10.0 0.189635 11.0 0.195170 12.0 0.200311 13.0 0.205097 14.0 0.209562 15.0 0.213732 16.0 0.217630 17.0 0.221276 18.0 0.224682 19.0 0.227864 20.0 0.230828 21.0 0.233583 22.0 0.236139 23.0 0.238499 24.0 0.240672 25.0 0.242664 26.0 0.244486 27.0 0.246148 28.0 0.247662 29.0 0.249044 30.0 0.250317
0.027432  0.0 0.098060 1.0 0.111741 2.0 0.124088 3.0 0.135258 4.0 0.145386 5.0 0.154593 6.0 0.162991 7.0 0.170672 8.0 0.177721 9.0 0.184211 10.0 0.190204 11.0 0.195755 12.0 0.200911 13.0 0.205712 14.0 0.210189 15.0 0.214371 16.0 0.218281 17.0 0.221936 18.0 0.225354 19.0 0.228543 20.0 0.231516 21.0 0.234280 22.0 0.236842 23.0 0.239209 24.0 0.241388 25.0 0.243386 26.0 0.245213 27.0 0.246879 28.0 0.248398 29.0 0.249785 30.0 0.251060
0.029013  0.0 0.098358 1.0 0.112081 2.0 0.124466 3.0 0.135668 4.0 0.145825 5.0 0.155061 6.0 0.163483 7.0 0.171187 8.0 0.178257 9.0 0.184765 10.0 0.190776 11.0 0.196344 12.0 0.201515 13.0 0.206329 14.0 0.210819 15.0 0.215014 16.0 0.218934 17.0 0.222601 18.0 0.226027 19.0 0.229227 20.0 0.232208 21.0 0.234979 22.0 0.237549 23.0 0.239923 24.0 0.242108 25.0 0.244111 26.0 0.245944 27.0 0.247614 28.0 0.249137 29.0 0.250527 30.0 0.251807
0.030686  0.0 0.098660 1.0 0.112423 2.0 0.124845 3.0 0.136081 4.0 0.146269 5.0 0.155531 6.0 0.163978 7.0 0.171705 8.0 0.178796 9.0 0.185323 10.0 0.191352 11.0 0.196936 12.0 0.202122 13.0 0.206950 14.0 0.211454 15.0 0.215660 16.0 0.219593 17.0 0.223269 18.0 0.226707 19.0 0.229915 20.0 0.232905 21.0 0.235684 22.0 0.238261 23.0 0.240641 24.0 0.242832 25.0 0.244843 26.0 0.246680 27.0 0.248355 28.0 0.249882 29.0 0.251277 30.0 0.252559
0.032456  0.0 0.098962 1.0 0.112767 2.0 0.125227 3.0 0.136496 4.0 0.146714 5.0 0.156005 6.0 0.164477 7.0 0.172226 8.0 0.179338 9.0 0.185885 10.0 0.191931 11.0 0.197531 12.0 0.202733 13.0 0.207575 14.0 0.212092 15.0 0.216311 16.0 0.220254 17.0 0.223943 18.0 0.227388 19.0 0.230606 20.0 0.233604 21.0 0.236392 22.0 0.238977 23.0 0.241364 24.0 0.243562 25.0 0.245577 26.0 0.247419 27.0 0.249099 28.0 0.250630 29.0 0.252029 30.0 0.253316
0.034327  0.0 0.099267 1.0 0.113114 2.0 0.125610 3.0 0.136914 4.0 0.147163 5.0 0.156480 6.0 0.164978 7.0 0.172751 8.0 0.179884 9.0 0.186449 10.0 0.192513 11.0 0.198131 12.0 0.203348 13.0 0.208204 14.0 0.212734 15.0 0.216965 16.0 0.220921 17.0 0.224618 18.0 0.228076 19.0 0.231303 20.0 0.234310 21.0 0.237106 22.0 0.239696 23.0 0.242091 24.0 0.244294 25.0 0.246316 26.0 0.248164 27.0 0.249849 28.0 0.251384 29.0 0.252787 30.0 0.254076
0.036307  0.0 0.099574 1.0 0.113462 2.0 0.125997 3.0 0.137334 4.0 0.147613 5.0 0.156960 6.0 0.165483 7.0 0.173278 8.0 0.180432 9.0 0.187018 10.0 0.193100 11.0 0.198733 12.0 0.203965 13.0 0.208837 14.0 0.213379 15.0 0.217623 16.0 0.221590 17.0 0.225300 18.0 0.228766 19.0 0.232002 20.0 0.235018 21.0 0.237822 22.0 0.240422 23.0 0.242822 24.0 0.245033 25.0 0.247059 26.0 0.248912 27.0 0.250601 28.0 0.252141 29.0 0.253548 30.0 0.254842
0.038400  0.0 0.099882 1.0 0.113813 2.0 0.126386 3.0 0.137757 4.0 0.148068 5.0 0.157441 6.0 0.165990 7.0 0.173809 8.0 0.180984 9.0 0.187589 10.0 0.193689 11.0 0.199340 12.0 0.204588 13.0 0.209473 14.0 0.214030 15.0 0.218286 16.0 0.222265 17.0 0.225984 18.0 0.229462 19.0 0.232707 20.0 0.235732 21.0 0.238544 22.0 0.241150 23.0 0.243559 24.0 0.245774 25.0 0.247808 26.0 0.249666 27.0 0.251361 28.0 0.252905 29.0 0.254315 30.0 0.255612
0.040614  0.0 0.100192 1.0 0.114166 2.0 0.126777 3.0 0.138183 4.0 0.148524 5.0 0.157927 6.0 0.166501 7.0 0.174343 8.0 0.181539 9.0 0.188165 10.0 0.194284 11.0 0.199950 12.0 0.205213 13.0 0.210114 14.0 0.214683 15.0 0.218952 16.0 0.222942 17.0 0.226674 18.0 0.230161 19.0 0.233415 20.0 0.236448 21.0 0.239269 22.0 0.241884 23.0 0.244298 24.0 0.246522 25.0 0.248560 26.0 0.250423 27.0 0.252122 28.0 0.253671 29.0 0.255086 30.0 0.256387
0.042956  0.0 0.100505 1.0 0.114521 2.0 0.127170 3.0 0.138611 4.0 0.148984 5.0 0.158414 6.0 0.167014 7.0 0.174880 8.0 0.182099 9.0 0.188743 10.0 0.194880 11.0 0.200565 12.0 0.205844 13.0 0.210758 14.0 0.215342 15.0 0.219623 16.0 0.223625 17.0 0.227367 18.0 0.230864 19.0 0.234129 20.0 0.237172 21.0 0.240000 22.0 0.242620 23.0 0.245044 24.0 0.247272 25.0 0.249317 26.0 0.251186 27.0 0.252891 28.0 0.254444 29.0 0.255862 30.0 0.257166
0.045433  0.0 0.100819 1.0 0.114878 2.0 0.127567 3.0 0.139042 4.0 0.149446 5.0 0.158906 6.0 0.167531 7.0 0.175421 8.0 0.182660 9.0 0.189326 10.0 0.195481 11.0 0.201182 12.0 0.206476 13.0 0.211406 14.0 0.216003 15.0 0.220297 16.0 0.224311 17.0 0.228065 18.0 0.231572 19.0 0.234846 20.0 0.237897 21.0 0.240734 22.0 0.243364 23.0 0.245792 24.0 0.248029 25.0 0.250079 26.0 0.251953 27.0 0.253662 28.0 0.255220 29.0 0.256643 30.0 0.257951
0.048053  0.0 0.101136 1.0 0.115238 2.0 0.127965 3.0 0.139475 4.0 0.149911 5.0 0.159399 6.0 0.168051 7.0 0.175965 8.0 0.183227 9.0 0.189911 10.0 0.196085 11.0 0.201804 12.0 0.207115 13.0 0.212058 14.0 0.216670 15.0 0.220977 16.0 0.225003 17.0 0.228766 18.0 0.232284 19.0 0.235569 20.0 0.238629 21.0 0.241474 22.0 0.244110 23.0 0.246547 24.0 0.248789 25.0 0.250845 26.0 0.252725 27.0 0.254440 28.0 0.256002 29.0 0.257428 30.0 0.258739
0.050824  0.0 0.101454 1.0 0.115600 2.0 0.128366 3.0 0.139912 4.0 0.150379 5.0 0.159897 6.0 0.168575 7.0 0.176513 8.0 0.183796 9.0 0.190502 10.0 0.196694 11.0 0.202429 12.0 0.207755 13.0 0.212715 14.0 0.217339 15.0 0.221659 16.0 0.225697 17.0 0.229473 18.0 0.233001 19.0 0.236294 20.0 0.239364 21.0 0.242217 22.0 0.244862 23.0 0.247305 24.0 0.249555 25.0 0.251617 26.0 0.253502 27.0 0.255221 28.0 0.256787 29.0 0.258219 30.0 0.259534
0.053755  0.0 0.101774 1.0 0.115964 2.0 0.128769 3.0 0.140350 4.0 0.150851 5.0 0.160397 6.0 0.169101 7.0 0.177063 8.0 0.184369 9.0 0.191094 10.0 0.197305 11.0 0.203059 12.0 0.208402 13.0 0.213374 14.0 0.218014 15.0 0.222347 16.0 0.226397 17.0 0.230183 18.0 0.233722 19.0 0.237026 20.0 0.240104 21.0 0.242966 22.0 0.245618 23.0 0.248069 24.0 0.250324 25.0 0.252392 26.0 0.254283 27.0 0.256007 28.0 0.257578 29.0 0.259013 30.0 0.260332
0.056854  0.0 0.102096 1.0 0.116330 2.0 0.129175 3.0 0.140792 4.0 0.151325 5.0 0.160900 6.0 0.169632 7.0 0.177618 8.0 0.184945 9.0 0.191692 10.0 0.197922 11.0 0.203692 12.0 0.209050 13.0 0.214040 14.0 0.218692 15.0 0.223037 16.0 0.227100 17.0 0.230898 18.0 0.234448 19.0 0.237761 20.0 0.240848 21.0 0.243719 22.0 0.246379 23.0 0.248836 24.0 0.251099 25.0 0.253174 26.0 0.255070 27.0 0.256798 28.0 0.258374 29.0 0.259814 30.0 0.261137
0.060133  0.0 0.102421 1.0 0.116699 2.0 0.129584 3.0 0.141237 4.0 0.151802 5.0 0.161406 6.0 0.170164 7.0 0.178175 8.0 0.185526 9.0 0.192292 10.0 0.198541 11.0 0.204329 12.0 0.209704 13.0 0.214707 14.0 0.219375 15.0 0.223734 16.0 0.227808 17.0 0.231618 18.0 0.235177 19.0 0.238501 20.0 0.241598 21.0 0.244476 22.0 0.247144 23.0 0.249610 24.0 0.251878 25.0 0.253958 26.0 0.255861 27.0 0.257595 28.0 0.259175 29.0 0.260618 30.0 0.261945
0.063600  0.0 0.102747 1.0 0.117070 2.0 0.129995 3.0 0.141684 4.0 0.152282 5.0 0.161916 6.0 0.170701 7.0 0.178737 8.0 0.186109 9.0 0.192897 10.0 0.199165 11.0 0.204970 12.0 0.210362 13.0 0.215381 14.0 0.220062 15.0 0.224433 16.0 0.228521 17.0 0.232342 18.0 0.235913 19.0 0.239245 20.0 0.242351 21.0 0.245239 22.0 0.247915 23.0 0.250387 24.0 0.252663 25.0 0.254750 26.0 0.256657 27.0 0.258396 28.0 0.259981 29.0 0.261428 30.0 0.262759
0.067268  0.0 0.103076 1.0 0.117444 2.0 0.130409 3.0 0.142134 4.0 0.152765 5.0 0.162429 6.0 0.171241 7.0 0.179301 8.0 0.186697 9.0 0.193505 10.0 0.199792 11.0 0.205616 12.0 0.211024 13.0 0.216057 14.0 0.220753 15.0 0.225139 16.0 0.229238 17.0 0.233070 18.0 0.236651 19.0 0.239995 20.0 0.243110 21.0 0.246005 22.0 0.248690 23.0 0.251170 24.0 0.253452 25.0 0.255544 26.0 0.257457 27.0 0.259202 28.0 0.260791 29.0 0.262242 30.0 0.263577
0.071146  0.0 0.103406 1.0 0.117819 2.0 0.130825 3.0 0.142588 4.0 0.153251 5.0 0.162945 6.0 0.171785 7.0 0.179870 8.0 0.187288 9.0 0.194118 10.0 0.200424 11.0 0.206265 12.0 0.211689 13.0 0.216739 14.0 0.221449 15.0 0.225847 16.0 0.229959 17.0 0.233803 18.0 0.237396 19.0 0.240748 20.0 0.243873 21.0 0.246778 22.0 0.249470 23.0 0.251957 24.0 0.254246 25.0 0.256345 26.0 0.258264 27.0 0.260013 28.0 0.261607 29.0 0.263063 30.0 0.264402
0.075249  0.0 0.103739 1.0 0.118198 2.0 0.131245 3.0 0.143043 4.0 0.153740 5.0 0.163465 6.0 0.172331 7.0 0.180441 8.0 0.187883 9.0 0.194733 10.0 0.201059 11.0 0.206919 12.0 0.212360 13.0 0.217424 14.0 0.222149 15.0 0.226561 16.0 0.230685 17.0 0.234541 18.0 0.238143 19.0 0.241507 20.0 0.244641 21.0 0.247554 22.0 0.250255 23.0 0.252749 24.0 0.255045 25.0 0.257149 26.0 0.259074 27.0 0.260829 28.0 0.262428 29.0 0.263887 30.0 0.265230
0.079588  0.0 0.104074 1.0 0.118578 2.0 0.131666 3.0 0.143502 4.0 0.154233 5.0 0.163988 6.0 0.172882 7.0 0.181017 8.0 0.188482 9.0 0.195354 10.0 0.201699 11.0 0.207576 12.0 0.213034 13.0 0.218115 14.0 0.222853 15.0 0.227279 16.0 0.231416 17.0 0.235283 18.0 0.238897 19.0 0.242271 20.0 0.245414 21.0 0.248337 22.0 0.251045 23.0 0.253546 24.0 0.255849 25.0 0.257961 26.0 0.259891 27.0 0.261651 28.0 0.263254 29.0 0.264719 30.0 0.266065
0.084177  0.0 0.104411 1.0 0.118962 2.0 0.132091 3.0 0.143964 4.0 0.154728 5.0 0.164514 6.0 0.173435 7.0 0.181596 8.0 0.189085 9.0 0.195977 10.0 0.202342 11.0 0.208238 12.0 0.213713 13.0 0.218808 14.0 0.223562 15.0 0.228002 16.0 0.232151 17.0 0.236030 18.0 0.239655 19.0 0.243039 20.0 0.246192 21.0 0.249122 22.0 0.251839 23.0 0.254349 24.0 0.256659 25.0 0.258775 26.0 0.260712 27.0 0.262477 28.0 0.264085 29.0 0.265553 30.0 0.266904
0.089031  0.0 0.104750 1.0 0.119347 2.0 0.132518 3.0 0.144429 4.0 0.155227 5.0 0.165043 6.0 0.173994 7.0 0.182180 8.0 0.189691 9.0 0.196606 10.0 0.202991 11.0 0.208904 12.0 0.214396 13.0 0.219508 14.0 0.224276 15.0 0.228728 16.0 0.232891 17.0 0.236782 18.0 0.240418 19.0 0.243812 20.0 0.246975 21.0 0.249915 22.0 0.252639 23.0 0.255156 24.0 0.257473 25.0 0.259598 26.0 0.261539 27.0 0.263309 28.0 0.264922 29.0 0.266396 30.0 0.267749
0.094165  0.0 0.105092 1.0 0.119736 2.0 0.132948 3.0 0.144896 4.0 0.155729 5.0 0.165576 6.0 0.174554 7.0 0.182766 8.0 0.190302 9.0 0.197237 10.0 0.203642 11.0 0.209574 12.0 0.215083 13.0 0.220210 14.0 0.224994 15.0 0.229461 16.0 0.233635 17.0 0.237539 18.0 0.241185 19.0 0.244590 20.0 0.247763 21.0 0.250711 22.0 0.253444 23.0 0.255969 24.0 0.258293 25.0 0.260422 26.0 0.262370 27.0 0.264146 28.0 0.265764 29.0 0.267241 30.0 0.268600
0.099595  0.0 0.105435 1.0 0.120126 2.0 0.133381 3.0 0.145368 4.0 0.156234 5.0 0.166112 6.0 0.175119 7.0 0.183357 8.0 0.190915 9.0 0.197874 10.0 0.204299 11.0 0.210249 12.0 0.215775 13.0 0.220919 14.0 0.225716 15.0 0.230197 16.0 0.234385 17.0 0.238300 18.0 0.241959 19.0 0.245373 20.0 0.248555 21.0 0.251513 22.0 0.254254 23.0 0.256787 24.0 0.259117 25.0 0.261255 26.0 0.263208 27.0 0.264989 28.0 0.266612 29.0 0.268093 30.0 0.269455
0.105338  0.0 0.105781 1.0 0.120519 2.0 0.133817 3.0 0.145841 4.0 0.156743 5.0 0.166652 6.0 0.175687 7.0 0.183951 8.0 0.191534 9.0 0.198513 10.0 0.204958 11.0 0.210928 12.0 0.216471 13.0 0.221631 14.0 0.226444 15.0 0.230938 16.0 0.235139 17.0 0.239066 18.0 0.242736 19.0 0.246162 20.0 0.249353 21.0 0.252319 22.0 0.255070 23.0 0.257610 24.0 0.259948 25.0 0.262090 26.0 0.264050 27.0 0.265836 28.0 0.267463 29.0 0.268949 30.0 0.270316
0.111412  0.0 0.106129 1.0 0.120915 2.0 0.134255 3.0 0.146319 4.0 0.157254 5.0 0.167196 6.0 0.176260 7.0 0.184550 8.0 0.192156 9.0 0.199158 10.0 0.205623 11.0 0.211611 12.0 0.217172 13.0 0.222349 14.0 0.227176 15.0 0.231684 16.0 0.235898 17.0 0.239837 18.0 0.243519 19.0 0.246955 20.0 0.250156 21.0 0.253132 22.0 0.255890 23.0 0.258438 24.0 0.260783 25.0 0.262933 26.0 0.264898 27.0 0.266690 28.0 0.268322 29.0 0.269813 30.0 0.271183
0.117836  0.0 0.106480 1.0 0.121314 2.0 0.134697 3.0 0.146798 4.0 0.157770 5.0 0.167743 6.0 0.176835 7.0 0.185151 8.0 0.192783 9.0 0.199806 10.0 0.206292 11.0 0.212299 12.0 0.217878 13.0 0.223069 14.0 0.227913 15.0 0.232435 16.0 0.236662 17.0 0.240614 18.0 0.244306 19.0 0.247753 20.0 0.250964 21.0 0.253949 22.0 0.256716 23.0 0.259272 24.0 0.261624 25.0 0.263779 26.0 0.265751 27.0 0.267548 28.0 0.269185 29.0 0.270680 30.0 0.272055
0.124631  0.0 0.106833 1.0 0.121714 2.0 0.135141 3.0 0.147282 4.0 0.158288 5.0 0.168293 6.0 0.177415 7.0 0.185758 8.0 0.193413 9.0 0.200459 10.0 0.206966 11.0 0.212991 12.0 0.218587 13.0 0.223797 14.0 0.228654 15.0 0.233190 16.0 0.237431 17.0 0.241395 18.0 0.245100 19.0 0.248557 20.0 0.251778 21.0 0.254773 22.0 0.257547 23.0 0.260111 24.0 0.262470 25.0 0.264633 26.0 0.266610 27.0 0.268413 28.0 0.270055 29.0 0.271555 30.0 0.272933
0.131817  0.0 0.107188 1.0 0.122118 2.0 0.135588 3.0 0.147768 4.0 0.158810 5.0 0.168847 6.0 0.177998 7.0 0.186368 8.0 0.194048 9.0 0.201116 10.0 0.207643 11.0 0.213688 12.0 0.219302 13.0 0.224526 14.0 0.229401 15.0 0.233952 16.0 0.238205 17.0 0.242182 18.0 0.245897 19.0 0.249365 20.0 0.252597 21.0 0.255600 22.0 0.258384 23.0 0.260955 24.0 0.263322 25.0 0.265491 26.0 0.267474 27.0 0.269282 28.0 0.270929 29.0 0.272433 30.0 0.273817
0.139418  0.0 0.107545 1.0 0.122524 2.0 0.136039 3.0 0.148258 4.0 0.159335 5.0 0.169405 6.0 0.178586 7.0 0.186982 8.0 0.194686 9.0 0.201778 10.0 0.208326 11.0 0.214390 12.0 0.220021 13.0 0.225263 14.0 0.230152 15.0 0.234717 16.0 0.238984 17.0 0.242973 18.0 0.246701 19.0 0.250179 20.0 0.253421 21.0 0.256434 22.0 0.259226 23.0 0.261805 24.0 0.264179 25.0 0.266356 26.0 0.268345 27.0 0.270158 28.0 0.271811 29.0 0.273320 30.0 0.274706
0.147457  0.0 0.107906 1.0 0.122934 2.0 0.136492 3.0 0.148751 4.0 0.159865 5.0 0.169966 6.0 0.179176 7.0 0.187600 8.0 0.195329 9.0 0.202443 10.0 0.209012 11.0 0.215096 12.0 0.220745 13.0 0.226003 14.0 0.230908 15.0 0.235488 16.0 0.239768 17.0 0.243770 18.0 0.247508 19.0 0.250999 20.0 0.254250 21.0 0.257272 22.0 0.260074 23.0 0.262661 24.0 0.265042 25.0 0.267224 26.0 0.269220 27.0 0.271039 28.0 0.272696 29.0 0.274209 30.0 0.275601
0.155960  0.0 0.108268 1.0 0.123345 2.0 0.136948 3.0 0.149248 4.0 0.160397 5.0 0.170532 6.0 0.179772 7.0 0.188223 8.0 0.195976 9.0 0.203113 10.0 0.209703 11.0 0.215806 12.0 0.221474 13.0 0.226750 14.0 0.231669 15.0 0.236263 16.0 0.240558 17.0 0.244572 18.0 0.248323 19.0 0.251823 20.0 0.255085 21.0 0.258117 22.0 0.260927 23.0 0.263522 24.0 0.265910 25.0 0.268101 26.0 0.270102 27.0 0.271926 28.0 0.273589 29.0 0.275107 30.0 0.276502
0.164953  0.0 0.108633 1.0 0.123760 2.0 0.137407 3.0 0.149747 4.0 0.160933 5.0 0.171101 6.0 0.180370 7.0 0.188849 8.0 0.196628 9.0 0.203787 10.0 0.210399 11.0 0.216522 12.0 0.222208 13.0 0.227499 14.0 0.232435 15.0 0.237045 16.0 0.241352 17.0 0.245379 18.0 0.249141 19.0 0.252654 20.0 0.255926 21.0 0.258966 22.0 0.261785 23.0 0.264389 24.0 0.266785 25.0 0.268980 26.0 0.270988 27.0 0.272819 28.0 0.274486 29.0 0.276008 30.0 0.277409
0.174465  0.0 0.109000 1.0 0.124177 2.0 0.137870 3.0 0.150250 4.0 0.161472 5.0 0.171674 6.0 0.180974 7.0 0.189480 8.0 0.197283 9.0 0.204467 10.0 0.211100 11.0 0.217242 12.0 0.222946 13.0 0.228256 14.0 0.233206 15.0 0.237830 16.0 0.242152 17.0 0.246192 18.0 0.249967 19.0 0.253489 20.0 0.256771 21.0 0.259823 22.0 0.262650 23.0 0.265261 24.0 0.267664 25.0 0.269868 26.0 0.271882 27.0 0.273718 28.0 0.275391 29.0 0.276918 30.0 0.278321
0.184525  0.0 0.109370 1.0 0.124598 2.0 0.138335 3.0 0.150756 4.0 0.162016 5.0 0.172250 6.0 0.181581 7.0 0.190114 8.0 0.197944 9.0 0.205150 10.0 0.211804 11.0 0.217967 12.0 0.223690 13.0 0.229015 14.0 0.233983 15.0 0.238622 16.0 0.242957 17.0 0.247010 18.0 0.250796 19.0 0.254331 20.0 0.257623 21.0 0.260683 22.0 0.263520 23.0 0.266140 24.0 0.268550 25.0 0.270760 26.0 0.272781 27.0 0.274622 28.0 0.276300 29.0 0.277831 30.0 0.279240
0.195165  0.0 0.109741 1.0 0.125021 2.0 0.138804 3.0 0.151266 4.0 0.162562 5.0 0.172831 6.0 0.182192 7.0 0.190754 8.0 0.198608 9.0 0.205839 10.0 0.212515 11.0 0.218696 12.0 0.224437 13.0 0.229782 14.0 0.234764 15.0 0.239418 16.0 0.243768 17.0 0.247833 18.0 0.251632 19.0 0.255177 20.0 0.258480 21.0 0.261551 22.0 0.264396 23.0 0.267023 24.0 0.269442 25.0 0.271660 26.0 0.273686 27.0 0.275533 28.0 0.277216 29.0 0.278753 30.0 0.280165
0.206419  0.0 0.110117 1.0 0.125447 2.0 0.139275 3.0 0.151780 4.0 0.163114 5.0 0.173415 6.0 0.182807 7.0 0.191397 8.0 0.199278 9.0 0.206531 10.0 0.213228 11.0 0.219432 12.0 0.225191 13.0 0.230552 14.0 0.235552 15.0 0.240220 16.0 0.244583 17.0 0.248662 18.0 0.252473 19.0 0.256030 20.0 0.259344 21.0 0.262423 22.0 0.265277 23.0 0.267914 24.0 0.270340 25.0 0.272563 26.0 0.274597 27.0 0.276450 28.0 0.278138 29.0 0.279679 30.0 0.281096
0.218322  0.0 0.110494 1.0 0.125875 2.0 0.139751 3.0 0.152296 4.0 0.163667 5.0 0.174004 6.0 0.183427 7.0 0.192045 8.0 0.199950 9.0 0.207229 10.0 0.213949 11.0 0.220171 12.0 0.225949 13.0 0.231328 14.0 0.236343 15.0 0.241027 16.0 0.245405 17.0 0.249497 18.0 0.253320 19.0 0.256888 20.0 0.260212 21.0 0.263302 22.0 0.266165 23.0 0.268809 24.0 0.271243 25.0 0.273475 26.0 0.275514 27.0 0.277373 28.0 0.279066 29.0 0.280613 30.0 0.282033
0.230911  0.0 0.110874 1.0 0.126307 2.0 0.140229 3.0 0.152817 4.0 0.164226 5.0 0.174596 6.0 0.184050 7.0 0.192697 8.0 0.200630 9.0 0.207930 10.0 0.214672 11.0 0.220916 12.0 0.226714 13.0 0.232109 14.0 0.237141 15.0 0.241840 16.0 0.246232 17.0 0.250336 18.0 0.254172 19.0 0.257752 20.0 0.261087 21.0 0.264186 22.0 0.267058 23.0 0.269712 24.0 0.272153 25.0 0.274391 26.0 0.276437 27.0 0.278302 28.0 0.280000 29.0 0.281551 30.0 0.282976
0.244226  0.0 0.111256 1.0 0.126742 2.0 0.140711 3.0 0.153340 4.0 0.164787 5.0 0.175193 6.0 0.184679 7.0 0.193353 8.0 0.201312 9.0 0.208638 10.0 0.215402 11.0 0.221665 12.0 0.227481 13.0 0.232896 14.0 0.237943 15.0 0.242657 16.0 0.247064 17.0 0.251183 18.0 0.255030 19.0 0.258621 20.0 0.261967 21.0 0.265077 22.0 0.267959 23.0 0.270619 24.0 0.273069 25.0 0.275315 26.0 0.277366 27.0 0.279237 28.0 0.280941 29.0 0.282497 30.0 0.283927
0.258309  0.0 0.111642 1.0 0.127180 2.0 0.141195 3.0 0.153868 4.0 0.165354 5.0 0.175793 6.0 0.185311 7.0 0.194015 8.0 0.202000 9.0 0.209349 10.0 0.216135 11.0 0.222421 12.0 0.228256 13.0 0.233687 14.0 0.238753 15.0 0.243482 16.0 0.247902 17.0 0.252034 18.0 0.255894 19.0 0.259498 20.0 0.262854 21.0 0.265973 22.0 0.268863 23.0 0.271534 24.0 0.273991 25.0 0.276243 26.0 0.278302 27.0 0.280179 28.0 0.281888 29.0 0.283448 30.0 0.284882
0.273204  0.0 0.112030 1.0 0.127621 2.0 0.141684 3.0 0.154398 4.0 0.165923 5.0 0.176398 6.0 0.185947 7.0 0.194680 8.0 0.202692 9.0 0.210066 10.0 0.216875 11.0 0.223180 12.0 0.229035 13.0 0.234485 14.0 0.239565 15.0 0.244311 16.0 0.248746 17.0 0.252892 18.0 0.256764 19.0 0.260378 20.0 0.263745 21.0 0.266876 22.0 0.269776 23.0 0.272453 24.0 0.274919 25.0 0.277179 26.0 0.279244 27.0 0.281126 28.0 0.282841 29.0 0.284407 30.0 0.285846
0.288957  0.0 0.112420 1.0 0.128064 2.0 0.142176 3.0 0.154934 4.0 0.166497 5.0 0.177007 6.0 0.186588 7.0 0.195350 8.0 0.203389 9.0 0.210788 10.0 0.217619 11.0 0.223946 12.0 0.229820 13.0 0.235287 14.0 0.240386 15.0 0.245147 16.0 0.249596 17.0 0.253754 18.0 0.257640 19.0 0.261267 20.0 0.264645 21.0 0.267784 22.0 0.270693 23.0 0.273381 24.0 0.275853 25.0 0.278120 26.0 0.280192 27.0 0.282081 28.0 0.283801 29.0 0.285371 30.0 0.286814
0.305619  0.0 0.112814 1.0 0.128512 2.0 0.142671 3.0 0.155471 4.0 0.167074 5.0 0.177620 6.0 0.187233 7.0 0.196024 8.0 0.204090 9.0 0.211514 10.0 0.218369 11.0 0.224716 12.0 0.230609 13.0 0.236095 14.0 0.241210 15.0 0.245987 16.0 0.250451 17.0 0.254624 18.0 0.258522 19.0 0.262159 20.0 0.265548 21.0 0.268699 22.0 0.271618 23.0 0.274313 24.0 0.276795 25.0 0.279069 26.0 0.281147 27.0 0.283041 28.0 0.284767 29.0 0.286343 30.0 0.287791
0.323242  0.0 0.113210 1.0 0.128961 2.0 0.143169 3.0 0.156014 4.0 0.167656 5.0 0.178237 6.0 0.187884 7.0 0.196705 8.0 0.204797 9.0 0.212246 10.0 0.219123 11.0 0.225492 12.0 0.231405 13.0 0.236909 14.0 0.242042 15.0 0.246834 16.0 0.251313 17.0 0.255498 18.0 0.259410 19.0 0.263060 20.0 0.266461 21.0 0.269621 22.0 0.272548 23.0 0.275254 24.0 0.277741 25.0 0.280024 26.0 0.282109 27.0 0.284009 28.0 0.285741 29.0 0.287321 30.0 0.288772
0.341881  0.0 0.113609 1.0 0.129415 2.0 0.143671 3.0 0.156560 4.0 0.168242 5.0 0.178859 6.0 0.188537 7.0 0.197388 8.0 0.205509 9.0 0.212982 10.0 0.219883 11.0 0.226273 12.0 0.232206 13.0 0.237728 14.0 0.242878 15.0 0.247686 16.0 0.252179 17.0 0.256380 18.0 0.260303 19.0 0.263965 20.0 0.267377 21.0 0.270547 22.0 0.273486 23.0 0.276198 24.0 0.278696 25.0 0.280985 26.0 0.283076 27.0 0.284982 28.0 0.286719 29.0 0.288305 30.0 0.289763
0.361595  0.0 0.114010 1.0 0.129871 2.0 0.144177 3.0 0.157110 4.0 0.168831 5.0 0.179485 6.0 0.189197 7.0 0.198078 8.0 0.206225 9.0 0.213724 10.0 0.220648 11.0 0.227060 12.0 0.233013 13.0 0.238554 14.0 0.243720 15.0 0.248545 16.0 0.253053 17.0 0.257266 18.0 0.261204 19.0 0.264878 20.0 0.268301 21.0 0.271482 22.0 0.274429 23.0 0.277152 24.0 0.279655 25.0 0.281953 26.0 0.284051 27.0 0.285964 28.0 0.287707 29.0 0.289297 30.0 0.290757
0.382446  0.0 0.114415 1.0 0.130331 2.0 0.144686 3.0 0.157663 4.0 0.169426 5.0 0.180115 6.0 0.189860 7.0 0.198771 8.0 0.206947 9.0 0.214471 10.0 0.221418 11.0 0.227852 12.0 0.233825 13.0 0.239384 14.0 0.244568 15.0 0.249409 16.0 0.253932 17.0 0.258161 18.0 0.262110 19.0 0.265796 20.0 0.269230 21.0 0.272421 22.0 0.275380 23.0 0.278110 24.0 0.280624 25.0 0.282927 26.0 0.285032 27.0 0.286950 28.0 0.288699 29.0 0.290295 30.0 0.291761
0.404499  0.0 0.114822 1.0 0.130794 2.0 0.145199 3.0 0.158221 4.0 0.170023 5.0 0.180750 6.0 0.190529 7.0 0.199470 8.0 0.207673 9.0 0.215224 10.0 0.222194 11.0 0.228649 12.0 0.234643 13.0 0.240221 14.0 0.245422 15.0 0.250279 16.0 0.254818 17.0 0.259060 18.0 0.263024 19.0 0.266722 20.0 0.270167 21.0 0.273369 22.0 0.276336 23.0 0.279076 24.0 0.281597 25.0 0.283909 26.0 0.286021 27.0 0.287946 28.0 0.289700 29.0 0.291300 30.0 0.292770
0.427823  0.0 0.115233 1.0 0.131260 2.0 0.145715 3.0 0.158783 4.0 0.170626 5.0 0.181389 6.0 0.191201 7.0 0.200174 8.0 0.208405 9.0 0.215980 10.0 0.222975 11.0 0.229452 12.0 0.235466 13.0 0.241062 14.0 0.246282 15.0 0.251156 16.0 0.255709 17.0 0.259966 18.0 0.263942 19.0 0.267653 20.0 0.271110 21.0 0.274321 22.0 0.277299 23.0 0.280048 24.0 0.282578 25.0 0.284896 26.0 0.287015 27.0 0.288946 28.0 0.290705 29.0 0.292312 30.0 0.293788
0.452493  0.0 0.115646 1.0 0.131730 2.0 0.146236 3.0 0.159348 4.0 0.171232 5.0 0.182034 6.0 0.191879 7.0 0.200882 8.0 0.209141 9.0 0.216744 10.0 0.223762 11.0 0.230261 12.0 0.236295 13.0 0.241912 14.0 0.247148 15.0 0.252038 16.0 0.256607 17.0 0.260878 18.0 0.264868 19.0 0.268591 20.0 0.272059 21.0 0.275283 22.0 0.278269 23.0 0.281027 24.0 0.283565 25.0 0.285892 26.0 0.288018 27.0 0.289956 28.0 0.291721 29.0 0.293332 30.0 0.294811
0.478584  0.0 0.116063 1.0 0.132202 2.0 0.146759 3.0 0.159918 4.0 0.171844 5.0 0.182681 6.0 0.192561 7.0 0.201596 8.0 0.209884 9.0 0.217511 10.0 0.224554 11.0 0.231076 12.0 0.237131 13.0 0.242765 14.0 0.248021 15.0 0.252927 16.0 0.257511 17.0 0.261797 18.0 0.265800 19.0 0.269536 20.0 0.273016 21.0 0.276249 22.0 0.279246 23.0 0.282013 24.0 0.284560 25.0 0.286893 26.0 0.289026 27.0 0.290970 28.0 0.292741 29.0 0.294357 30.0 0.295843
0.506181  0.0 0.116482 1.0 0.132679 2.0 0.147287 3.0 0.160491 4.0 0.172458 5.0 0.183335 6.0 0.193249 7.0 0.202314 8.0 0.210631 9.0 0.218286 10.0 0.225353 11.0 0.231895 12.0 0.237971 13.0 0.243627 14.0 0.248898 15.0 0.253821 16.0 0.258422 17.0 0.262722 18.0 0.266739 19.0 0.270486 20.0 0.273978 21.0 0.277223 22.0 0.280230 23.0 0.283006 24.0 0.285561 25.0 0.287903 26.0 0.290043 27.0 0.291993 28.0 0.293770 29.0 0.295392 30.0 0.296881
0.535369  0.0 0.116904 1.0 0.133158 2.0 0.147818 3.0 0.161070 4.0 0.173079 5.0 0.183992 6.0 0.193941 7.0 0.203039 8.0 0.211384 9.0 0.219065 10.0 0.226156 11.0 0.232723 12.0 0.238819 13.0 0.244493 14.0 0.249784 15.0 0.254724 16.0 0.259339 17.0 0.263653 18.0 0.267684 19.0 0.271445 20.0 0.274948 21.0 0.278204 22.0 0.281220 23.0 0.284006 24.0 0.286569 25.0 0.288918 26.0 0.291066 27.0 0.293023 28.0 0.294805 29.0 0.296431 30.0 0.297926
0.566240  0.0 0.117330 1.0 0.133642 2.0 0.148353 3.0 0.161651 4.0 0.173703 5.0 0.184655 6.0 0.194638 7.0 0.203767 8.0 0.212142 9.0 0.219850 10.0 0.226966 11.0 0.233554 12.0 0.239672 13.0 0.245366 14.0 0.250674 15.0 0.255630 16.0 0.260262 17.0 0.264592 18.0 0.268636 19.0 0.272409 20.0 0.275924 21.0 0.279191 22.0 0.282218 23.0 0.285012 24.0 0.287585 25.0 0.289943 26.0 0.292096 27.0 0.294059 28.0 0.295848 29.0 0.297480 30.0 0.298980
0.598891  0.0 0.117758 1.0 0.134128 2.0 0.148893 3.0 0.162238 4.0 0.174332 5.0 0.185322 6.0 0.195341 7.0 0.204502 8.0 0.212906 9.0 0.220640 10.0 0.227780 11.0 0.234393 12.0 0.240532 13.0 0.246245 14.0 0.251572 15.0 0.256546 16.0 0.261193 17.0 0.265536 18.0 0.269595 19.0 0.273382 20.0 0.276909 21.0 0.280186 22.0 0.283222 23.0 0.286028 24.0 0.288607 25.0 0.290973 26.0 0.293134 27.0 0.295104 28.0 0.296898 29.0 0.298535 30.0 0.300039
0.633424  0.0 0.118190 1.0 0.134619 2.0 0.149435 3.0 0.162828 4.0 0.174965 5.0 0.185995 6.0 0.196048 7.0 0.205241 8.0 0.213675 9.0 0.221436 10.0 0.228602 11.0 0.235236 12.0 0.241397 13.0 0.247130 14.0 0.252475 15.0 0.257466 16.0 0.262129 17.0 0.266489 18.0 0.270560 19.0 0.274359 20.0 0.277898 21.0 0.281187 22.0 0.284235 23.0 0.287048 24.0 0.289638 25.0 0.292011 26.0 0.294179 27.0 0.296155 28.0 0.297955 29.0 0.299599 30.0 0.301108
0.669949  0.0 0.118624 1.0 0.135113 2.0 0.149983 3.0 0.163423 4.0 0.175603 5.0 0.186672 6.0 0.196761 7.0 0.205987 8.0 0.214449 9.0 0.222238 10.0 0.229429 11.0 0.236087 12.0 0.242269 13.0 0.248022 14.0 0.253386 15.0 0.258394 16.0 0.263074 17.0 0.267447 18.0 0.271533 19.0 0.275346 20.0 0.278897 21.0 0.282197 22.0 0.285253 23.0 0.288078 24.0 0.290674 25.0 0.293056 26.0 0.295232 27.0 0.297215 28.0 0.299021 29.0 0.300669 30.0 0.302182
0.708581  0.0 0.119063 1.0 0.135611 2.0 0.150533 3.0 0.164022 4.0 0.176246 5.0 0.187353 6.0 0.197478 7.0 0.206737 8.0 0.215230 9.0 0.223045 10.0 0.230261 11.0 0.236943 12.0 0.243147 13.0 0.248919 14.0 0.254302 15.0 0.259328 16.0 0.264023 17.0 0.268413 18.0 0.272512 19.0 0.276338 20.0 0.279901 21.0 0.283212 22.0 0.286281 23.0 0.289113 24.0 0.291720 25.0 0.294109 26.0 0.296291 27.0 0.298281 28.0 0.300093 29.0 0.301747 30.0 0.303267
0.749439  0.0 0.119504 1.0 0.136112 2.0 0.151089 3.0 0.164625 4.0 0.176892 5.0 0.188041 6.0 0.198202 7.0 0.207493 8.0 0.216015 9.0 0.223860 10.0 0.231101 11.0 0.237805 12.0 0.244031 13.0 0.249825 14.0 0.255225 15.0 0.260269 16.0 0.264981 17.0 0.269385 18.0 0.273500 19.0 0.277338 20.0 0.280914 21.0 0.284236 22.0 0.287314 23.0 0.290157 24.0 0.292772 25.0 0.295170 26.0 0.297360 27.0 0.299357 28.0 0.301175 29.0 0.302834 30.0 0.304357
0.792654  0.0 0.119948 1.0 0.136616 2.0 0.151648 3.0 0.165234 4.0 0.177545 5.0 0.188732 6.0 0.198930 7.0 0.208254 8.0 0.216808 9.0 0.224678 10.0 0.231945 11.0 0.238675 12.0 0.244922 13.0 0.250735 14.0 0.256156 15.0 0.261217 16.0 0.265945 17.0 0.270365 18.0 0.274493 19.0 0.278345 20.0 0.281933 21.0 0.285266 22.0 0.288356 23.0 0.291208 24.0 0.293833 25.0 0.296237 26.0 0.298435 27.0 0.300438 28.0 0.302262 29.0 0.303927 30.0 0.305457
0.838361  0.0 0.120396 1.0 0.137126 2.0 0.152211 3.0 0.165846 4.0 0.178202 5.0 0.189430 6.0 0.199664 7.0 0.209021 8.0 0.217605 9.0 0.225505 10.0 0.232798 11.0 0.239549 12.0 0.245818 13.0 0.251654 14.0 0.257092 15.0 0.262171 16.0 0.266917 17.0 0.271352 18.0 0.275494 19.0 0.279359 20.0 0.282960 21.0 0.286305 22.0 0.289405 23.0 0.292267 24.0 0.294900 25.0 0.297314 26.0 0.299519 27.0 0.301529 28.0 0.303359 29.0 0.305030 30.0 0.306564
0.886703  0.0 0.120847 1.0 0.137638 2.0 0.152779 3.0 0.166463 4.0 0.178864 5.0 0.190132 6.0 0.200403 7.0 0.209794 8.0 0.218408 9.0 0.226336 10.0 0.233655 11.0 0.240432 12.0 0.246723 13.0 0.252578 14.0 0.258037 15.0 0.263134 16.0 0.267896 17.0 0.272345 18.0 0.276503 19.0 0.280382 20.0 0.283995 21.0 0.287351 22.0 0.290461 23.0 0.293334 24.0 0.295975 25.0 0.298397 26.0 0.300610 27.0 0.302627 28.0 0.304463 29.0 0.306138 30.0 0.307678
0.937833  0.0 0.121302 1.0 0.138155 2.0 0.153350 3.0 0.167085 4.0 0.179530 5.0 0.190839 6.0 0.201147 7.0 0.210572 8.0 0.219218 9.0 0.227174 10.0 0.234519 11.0 0.241320 12.0 0.247634 13.0 0.253509 14.0 0.258987 15.0 0.264102 16.0 0.268880 17.0 0.273347 18.0 0.277518 19.0 0.281410 20.0 0.285035 21.0 0.288405 22.0 0.291526 23.0 0.294407 24.0 0.297059 25.0 0.299490 26.0 0.301709 27.0 0.303733 28.0 0.305576 29.0 0.307258 30.0 0.308802
0.991911  0.0 0.121760 1.0 0.138675 2.0 0.153927 3.0 0.167711 4.0 0.180202 5.0 0.191552 6.0 0.201898 7.0 0.211357 8.0 0.220033 9.0 0.228018 10.0 0.235390 11.0 0.242215 12.0 0.248551 13.0 0.254448 14.0 0.259946 15.0 0.265078 16.0 0.269874 17.0 0.274355 18.0 0.278542 19.0 0.282448 20.0 0.286086 21.0 0.289467 22.0 0.292597 23.0 0.295490 24.0 0.298150 25.0 0.300589 26.0 0.302817 27.0 0.304848 28.0 0.306696 29.0 0.308383 30.0 0.309932
1.049107  0.0 0.122222 1.0 0.139199 2.0 0.154507 3.0 0.168342 4.0 0.180879 5.0 0.192270 6.0 0.202653 7.0 0.212146 8.0 0.220855 9.0 0.228868 10.0 0.236266 11.0 0.243116 12.0 0.249476 13.0 0.255392 14.0 0.260910 15.0 0.266061 16.0 0.270873 17.0 0.275372 18.0 0.279572 19.0 0.283492 20.0 0.287143 21.0 0.290535 22.0 0.293679 23.0 0.296580 24.0 0.299250 25.0 0.301697 26.0 0.303932 27.0 0.305969 28.0 0.307824 29.0 0.309518 30.0 0.311073
1.109601  0.0 0.122687 1.0 0.139727 2.0 0.155092 3.0 0.168978 4.0 0.181560 5.0 0.192994 6.0 0.203415 7.0 0.212943 8.0 0.221681 9.0 0.229725 10.0 0.237150 11.0 0.244024 12.0 0.250406 13.0 0.256346 14.0 0.261882 15.0 0.267052 16.0 0.271882 17.0 0.276395 18.0 0.280612 19.0 0.284545 20.0 0.288209 21.0 0.291613 22.0 0.294766 23.0 0.297678 24.0 0.300357 25.0 0.302813 26.0 0.305056 27.0 0.307101 28.0 0.308962 29.0 0.310661 30.0 0.312220
1.173584  0.0 0.123155 1.0 0.140259 2.0 0.155681 3.0 0.169619 4.0 0.182248 5.0 0.193723 6.0 0.204182 7.0 0.213745 8.0 0.222516 9.0 0.230588 10.0 0.238039 11.0 0.244940 12.0 0.251345 13.0 0.257305 14.0 0.262862 15.0 0.268050 16.0 0.272897 17.0 0.277427 18.0 0.281657 19.0 0.285605 20.0 0.289282 21.0 0.292697 22.0 0.295863 23.0 0.298785 24.0 0.301473 25.0 0.303936 26.0 0.306187 27.0 0.308239 28.0 0.310107 29.0 0.311812 30.0 0.313378
1.241256  0.0 0.123627 1.0 0.140796 2.0 0.156275 3.0 0.170264 4.0 0.182940 5.0 0.194458 6.0 0.204955 7.0 0.214552 8.0 0.223356 9.0 0.231458 10.0 0.238937 11.0 0.245860 12.0 0.252289 13.0 0.258272 14.0 0.263848 15.0 0.269054 16.0 0.273920 17.0 0.278466 18.0 0.282712 19.0 0.286673 20.0 0.290363 21.0 0.293791 22.0 0.296967 23.0 0.299899 24.0 0.302597 25.0 0.305070 26.0 0.307329 27.0 0.309387 28.0 0.311262 29.0 0.312972 30.0 0.314543
1.312831  0.0 0.124103 1.0 0.141336 2.0 0.156873 3.0 0.170915 4.0 0.183637 5.0 0.195198 6.0 0.205734 7.0 0.215367 8.0 0.224203 9.0 0.232334 10.0 0.239840 11.0 0.246790 12.0 0.253242 13.0 0.259246 14.0 0.264843 15.0 0.270069 16.0 0.274951 17.0 0.279512 18.0 0.283774 19.0 0.287750 20.0 0.291453 21.0 0.294893 22.0 0.298079 23.0 0.301023 24.0 0.303729 25.0 0.306210 26.0 0.308478 27.0 0.310543 28.0 0.312424 29.0 0.314140 30.0 0.315716
1.388532  0.0 0.124583 1.0 0.141880 2.0 0.157476 3.0 0.171570 4.0 0.184340 5.0 0.195943 6.0 0.206518 7.0 0.216187 8.0 0.225056 9.0 0.233217 10.0 0.240751 11.0 0.247726 12.0 0.254201 13.0 0.260227 14.0 0.265844 15.0 0.271089 16.0 0.275988 17.0 0.280568 18.0 0.284843 19.0 0.288833 20.0 0.292549 21.0 0.296002 22.0 0.299201 23.0 0.302153 24.0 0.304871 25.0 0.307361 26.0 0.309635 27.0 0.311708 28.0 0.313595 29.0 0.315318 30.0 0.316899
1.468599  0.0 0.125066 1.0 0.142429 2.0 0.158084 3.0 0.172230 4.0 0.185048 5.0 0.196695 6.0 0.207310 7.0 0.217014 8.0 0.225915 9.0 0.234107 10.0 0.241668 11.0 0.248669 12.0 0.255168 13.0 0.261216 14.0 0.266854 15.0 0.272117 16.0 0.277035 17.0 0.281630 18.0 0.285922 19.0 0.289927 20.0 0.293656 21.0 0.297121 22.0 0.300330 23.0 0.303294 24.0 0.306019 25.0 0.308519 26.0 0.310802 27.0 0.312882 28.0 0.314776 29.0 0.316504 30.0 0.318090
1.553282  0.0 0.125552 1.0 0.142982 2.0 0.158696 3.0 0.172896 4.0 0.185762 5.0 0.197452 6.0 0.208106 7.0 0.217847 8.0 0.226782 9.0 0.235002 10.0 0.242592 11.0 0.249619 12.0 0.256143 13.0 0.262211 14.0 0.267871 15.0 0.273154 16.0 0.278089 17.0 0.282701 18.0 0.287007 19.0 0.291027 20.0 0.294769 21.0 0.298246 22.0 0.301469 23.0 0.304442 24.0 0.307179 25.0 0.309686 26.0 0.311976 27.0 0.314063 28.0 0.315964 29.0 0.317699 30.0 0.319292
1.642849  0.0 0.126044 1.0 0.143540 2.0 0.159313 3.0 0.173566 4.0 0.186481 5.0 0.198215 6.0 0.208909 7.0 0.218686 8.0 0.227654 9.0 0.235906 10.0 0.243524 11.0 0.250576 12.0 0.257123 13.0 0.263216 14.0 0.268895 15.0 0.274197 16.0 0.279151 17.0 0.283780 18.0 0.288103 19.0 0.292136 20.0 0.295892 21.0 0.299383 22.0 0.302615 23.0 0.305600 24.0 0.308345 25.0 0.310862 26.0 0.313161 27.0 0.315256 28.0 0.317163 29.0 0.318903 30.0 0.320500
1.737580  0.0 0.126538 1.0 0.144101 2.0 0.159935 3.0 0.174243 4.0 0.187206 5.0 0.198984 6.0 0.209719 7.0 0.219532 8.0 0.228534 9.0 0.236816 10.0 0.244462 11.0 0.251542 12.0 0.258113 13.0 0.264228 14.0 0.269929 15.0 0.275250 16.0 0.280222 17.0 0.284867 18.0 0.289206 19.0 0.293254 20.0 0.297024 21.0 0.300526 22.0 0.303770 23.0 0.306766 24.0 0.309521 25.0 0.312046 26.0 0.314353 27.0 0.316456 28.0 0.318369 29.0 0.320115 30.0 0.321720
1.837774  0.0 0.127037 1.0 0.144667 2.0 0.160561 3.0 0.174924 4.0 0.187937 5.0 0.199759 6.0 0.210533 7.0 0.220384 8.0 0.229420 9.0 0.237734 10.0 0.245408 11.0 0.252514 12.0 0.259110 13.0 0.265247 14.0 0.270968 15.0 0.276310 16.0 0.281299 17.0 0.285963 18.0 0.290317 19.0 0.294379 20.0 0.298163 21.0 0.301679 22.0 0.304935 23.0 0.307940 24.0 0.310707 25.0 0.313241 26.0 0.315556 27.0 0.317666 28.0 0.319587 29.0 0.321339 30.0 0.322948
1.943745  0.0 0.127539 1.0 0.145238 2.0 0.161193 3.0 0.175610 4.0 0.188672 5.0 0.200541 6.0 0.211356 7.0 0.221244 8.0 0.230312 9.0 0.238659 10.0 0.246362 11.0 0.253494 12.0 0.260114 13.0 0.266275 14.0 0.272018 15.0 0.277379 16.0 0.282387 17.0 0.287066 18.0 0.291438 19.0 0.295515 20.0 0.299313 21.0 0.302840 22.0 0.306107 23.0 0.309126 24.0 0.311900 25.0 0.314444 26.0 0.316768 27.0 0.318885 28.0 0.320812 29.0 0.322570 30.0 0.324184
2.055827  0.0 0.128045 1.0 0.145812 2.0 0.161830 3.0 0.176303 4.0 0.189415 5.0 0.201327 6.0 0.212184 7.0 0.222110 8.0 0.231213 9.0 0.239589 10.0 0.247322 11.0 0.254481 12.0 0.261127 13.0 0.267309 14.0 0.273075 15.0 0.278455 16.0 0.283482 17.0 0.288180 18.0 0.292565 19.0 0.296658 20.0 0.300469 21.0 0.304010 22.0 0.307291 23.0 0.310318 24.0 0.313104 25.0 0.315656 26.0 0.317987 27.0 0.320112 28.0 0.322047 29.0 0.323812 30.0 0.325433
2.174371  0.0 0.128556 1.0 0.146393 2.0 0.162471 3.0 0.177000 4.0 0.190162 5.0 0.202121 6.0 0.213019 7.0 0.222982 8.0 0.232120 9.0 0.240529 10.0 0.248291 11.0 0.255475 12.0 0.262146 13.0 0.268354 14.0 0.274139 15.0 0.279540 16.0 0.284586 17.0 0.289301 18.0 0.293704 19.0 0.297811 20.0 0.301636 21.0 0.305190 22.0 0.308482 23.0 0.311521 24.0 0.314316 25.0 0.316879 26.0 0.319219 27.0 0.321351 28.0 0.323292 29.0 0.325063 30.0 0.326688
2.299752  0.0 0.129070 1.0 0.146977 2.0 0.163118 3.0 0.177703 4.0 0.190916 5.0 0.202921 6.0 0.213861 7.0 0.223862 8.0 0.233035 9.0 0.241475 10.0 0.249266 11.0 0.256480 12.0 0.263175 13.0 0.269405 14.0 0.275213 15.0 0.280634 16.0 0.285699 17.0 0.290430 18.0 0.294850 19.0 0.298973 20.0 0.302812 21.0 0.306378 22.0 0.309682 23.0 0.312733 24.0 0.315538 25.0 0.318108 26.0 0.320458 27.0 0.322598 28.0 0.324546 29.0 0.326323 30.0 0.327955
2.432362  0.0 0.129589 1.0 0.147565 2.0 0.163770 3.0 0.178412 4.0 0.191676 5.0 0.203726 6.0 0.214708 7.0 0.224748 8.0 0.233956 9.0 0.242429 10.0 0.250250 11.0 0.257490 12.0 0.264211 13.0 0.270465 14.0 0.276294 15.0 0.281736 16.0 0.286819 17.0 0.291570 18.0 0.296005 19.0 0.300142 20.0 0.303996 21.0 0.307577 22.0 0.310893 23.0 0.313953 24.0 0.316770 25.0 0.319351 26.0 0.321708 27.0 0.323855 28.0 0.325811 29.0 0.327595 30.0 0.329232
2.572619  0.0 0.130112 1.0 0.148160 2.0 0.164427 3.0 0.179125 4.0 0.192441 5.0 0.204539 6.0 0.215564 7.0 0.225642 8.0 0.234884 9.0 0.243391 10.0 0.251241 11.0 0.258509 12.0 0.265256 13.0 0.271534 14.0 0.277385 15.0 0.282847 16.0 0.287950 17.0 0.292717 18.0 0.297170 19.0 0.301324 20.0 0.305191 21.0 0.308784 22.0 0.312111 23.0 0.315185 24.0 0.318010 25.0 0.320601 26.0 0.322967 27.0 0.325123 28.0 0.327085 29.0 0.328874 30.0 0.330517
2.720963  0.0 0.130639 1.0 0.148758 2.0 0.165090 3.0 0.179846 4.0 0.193214 5.0 0.205358 6.0 0.216425 7.0 0.226542 8.0 0.235822 9.0 0.244359 10.0 0.252239 11.0 0.259536 12.0 0.266309 13.0 0.272609 14.0 0.278484 15.0 0.283967 16.0 0.289088 17.0 0.293874 18.0 0.298342 19.0 0.302512 20.0 0.306394 21.0 0.310000 22.0 0.313342 23.0 0.316425 24.0 0.319262 25.0 0.321861 26.0 0.324235 27.0 0.326398 28.0 0.328368 29.0 0.330165 30.0 0.331814
2.877861  0.0 0.131170 1.0 0.149361 2.0 0.165757 3.0 0.180572 4.0 0.193992 5.0 0.206184 6.0 0.217293 7.0 0.227449 8.0 0.236765 9.0 0.245336 10.0 0.253248 11.0 0.260571 12.0 0.267369 13.0 0.273695 14.0 0.279590 15.0 0.285094 16.0 0.290236 17.0 0.295040 18.0 0.299526 19.0 0.303711 20.0 0.307608 21.0 0.311228 22.0 0.314581 23.0 0.317676 24.0 0.320523 25.0 0.323132 26.0 0.325515 27.0 0.327686 28.0 0.329663 29.0 0.331466 30.0 0.333120
3.043807  0.0 0.131706 1.0 0.149969 2.0 0.166431 3.0 0.181303 4.0 0.194776 5.0 0.207016 6.0 0.218169 7.0 0.228366 8.0 0.237716 9.0 0.246321 10.0 0.254263 11.0 0.261615 12.0 0.268440 13.0 0.274789 14.0 0.280708 15.0 0.286233 16.0 0.291394 17.0 0.296215 18.0 0.300719 19.0 0.304919 20.0 0.308831 21.0 0.312464 22.0 0.315829 23.0 0.318936 24.0 0.321794 25.0 0.324411 26.0 0.326804 27.0 0.328983 28.0 0.330966 29.0 0.332775 30.0 0.334437
3.219321  0.0 0.132246 1.0 0.150582 2.0 0.167109 3.0 0.182041 4.0 0.195567 5.0 0.207854 6.0 0.219052 7.0 0.229288 8.0 0.238676 9.0 0.247312 10.0 0.255286 11.0 0.262667 12.0 0.269518 13.0 0.275891 14.0 0.281833 15.0 0.287379 16.0 0.292559 17.0 0.297401 18.0 0.301920 19.0 0.306136 20.0 0.310062 21.0 0.313710 22.0 0.317088 23.0 0.320205 24.0 0.323075 25.0 0.325703 26.0 0.328103 27.0 0.330290 28.0 0.332282 29.0 0.334098 30.0 0.335765
3.404956  0.0 0.132791 1.0 0.151201 2.0 0.167793 3.0 0.182784 4.0 0.196364 5.0 0.208701 6.0 0.219942 7.0 0.230217 8.0 0.239642 9.0 0.248314 10.0 0.256318 11.0 0.263726 12.0 0.270604 13.0 0.277004 14.0 0.282968 15.0 0.288535 16.0 0.293736 17.0 0.298594 18.0 0.303132 19.0 0.307364 20.0 0.311305 21.0 0.314966 22.0 0.318356 23.0 0.321487 24.0 0.324365 25.0 0.327004 26.0 0.329414 27.0 0.331609 28.0 0.333607 29.0 0.335429 30.0 0.337101
3.601296  0.0 0.133340 1.0 0.151824 2.0 0.168484 3.0 0.183534 4.0 0.197168 5.0 0.209553 6.0 0.220839 7.0 0.231156 8.0 0.240617 9.0 0.249322 10.0 0.257357 11.0 0.264796 12.0 0.271701 13.0 0.278124 14.0 0.284112 15.0 0.289701 16.0 0.294921 17.0 0.299798 18.0 0.304353 19.0 0.308602 20.0 0.312558 21.0 0.316231 22.0 0.319636 23.0 0.322778 24.0 0.325668 25.0 0.328315 26.0 0.330733 27.0 0.332936 28.0 0.334941 29.0 0.336772 30.0 0.338451
3.808956  0.0 0.133893 1.0 0.152452 2.0 0.169179 3.0 0.184290 4.0 0.197978 5.0 0.210412 6.0 0.221743 7.0 0.232100 8.0 0.241600 9.0 0.250339 10.0 0.258406 11.0 0.265873 12.0 0.272805 13.0 0.279254 14.0 0.285264 15.0 0.290875 16.0 0.296115 17.0 0.301012 18.0 0.305584 19.0 0.309848 20.0 0.313819 21.0 0.317509 22.0 0.320925 23.0 0.324078 24.0 0.326979 25.0 0.329638 26.0 0.332065 27.0 0.334276 28.0 0.336290 29.0 0.338126 30.0 0.339810
4.028591  0.0 0.134452 1.0 0.153086 2.0 0.169880 3.0 0.185052 4.0 0.198795 5.0 0.211280 6.0 0.222655 7.0 0.233054 8.0 0.242589 9.0 0.251365 10.0 0.259463 11.0 0.266960 12.0 0.273918 13.0 0.280393 14.0 0.286427 15.0 0.292059 16.0 0.297321 17.0 0.302235 18.0 0.306826 19.0 0.311107 20.0 0.315093 21.0 0.318796 22.0 0.322224 23.0 0.325391 24.0 0.328301 25.0 0.330969 26.0 0.333406 27.0 0.335626 28.0 0.337646 29.0 0.339489 30.0 0.341180
4.260891  0.0 0.135014 1.0 0.153725 2.0 0.170588 3.0 0.185821 4.0 0.199619 5.0 0.212153 6.0 0.223575 7.0 0.234015 8.0 0.243589 9.0 0.252398 10.0 0.260528 11.0 0.268056 12.0 0.275042 13.0 0.281540 14.0 0.287599 15.0 0.293253 16.0 0.298534 17.0 0.303469 18.0 0.308075 19.0 0.312374 20.0 0.316375 21.0 0.320092 22.0 0.323535 23.0 0.326712 24.0 0.329636 25.0 0.332313 26.0 0.334758 27.0 0.336986 28.0 0.339014 29.0 0.340865 30.0 0.342562
4.506586  0.0 0.135582 1.0 0.154369 2.0 0.171300 3.0 0.186596 4.0 0.200450 5.0 0.213034 6.0 0.224501 7.0 0.234983 8.0 0.244596 9.0 0.253440 10.0 0.261603 11.0 0.269159 12.0 0.276173 13.0 0.282699 14.0 0.288779 15.0 0.294456 16.0 0.299759 17.0 0.304713 18.0 0.309338 19.0 0.313652 20.0 0.317669 21.0 0.321401 22.0 0.324856 23.0 0.328046 24.0 0.330979 25.0 0.333668 26.0 0.336123 27.0 0.338359 28.0 0.340395 29.0 0.342251 30.0 0.343954
4.766448  0.0 0.136155 1.0 0.155019 2.0 0.172020 3.0 0.187377 4.0 0.201287 5.0 0.213923 6.0 0.225436 7.0 0.235960 8.0 0.245611 9.0 0.254491 10.0 0.262687 11.0 0.270273 12.0 0.277315 13.0 0.283866 14.0 0.289972 15.0 0.295671 16.0 0.300994 17.0 0.305965 18.0 0.310610 19.0 0.314941 20.0 0.318974 21.0 0.322719 22.0 0.326187 23.0 0.329390 24.0 0.332335 25.0 0.335032 26.0 0.337497 27.0 0.339742 28.0 0.341785 29.0 0.343648 30.0 0.345359
5.041295  0.0 0.136731 1.0 0.155674 2.0 0.172745 3.0 0.188165 4.0 0.202132 5.0 0.214818 6.0 0.226379 7.0 0.236945 8.0 0.246636 9.0 0.255550 10.0 0.263778 11.0 0.271396 12.0 0.278466 13.0 0.285042 14.0 0.291173 15.0 0.296894 16.0 0.302237 17.0 0.307231 18.0 0.311891 19.0 0.316239 20.0 0.320287 21.0 0.324048 22.0 0.327531 23.0 0.330744 24.0 0.333701 25.0 0.336410 26.0 0.338883 27.0 0.341136 28.0 0.343187 29.0 0.345058 30.0 0.346774
5.331990  0.0 0.137314 1.0 0.156335 2.0 0.173475 3.0 0.188960 4.0 0.202984 5.0 0.215722 6.0 0.227329 7.0 0.237938 8.0 0.247668 9.0 0.256619 10.0 0.264881 11.0 0.272527 12.0 0.279625 13.0 0.286229 14.0 0.292383 15.0 0.298127 16.0 0.303493 17.0 0.308505 18.0 0.313185 19.0 0.317550 20.0 0.321614 21.0 0.325389 22.0 0.328884 23.0 0.332111 24.0 0.335078 25.0 0.337798 26.0 0.340281 27.0 0.342543 28.0 0.344601 29.0 0.346478 30.0 0.348200
5.639448  0.0 0.137901 1.0 0.157002 2.0 0.174214 3.0 0.189761 4.0 0.203842 5.0 0.216634 6.0 0.228288 7.0 0.238940 8.0 0.248709 9.0 0.257697 10.0 0.265991 11.0 0.273670 12.0 0.280796 13.0 0.287426 14.0 0.293605 15.0 0.299372 16.0 0.304759 17.0 0.309790 18.0 0.314489 19.0 0.318871 20.0 0.322951 21.0 0.326740 22.0 0.330249 23.0 0.333489 24.0 0.336468 25.0 0.339196 26.0 0.341689 27.0 0.343959 28.0 0.346025 29.0 0.347910 30.0 0.349640
5.964634  0.0 0.138493 1.0 0.157674 2.0 0.174957 3.0 0.190569 4.0 0.204709 5.0 0.217552 6.0 0.229254 7.0 0.239950 8.0 0.249759 9.0 0.258782 10.0 0.267111 11.0 0.274821 12.0 0.281976 13.0 0.288632 14.0 0.294836 15.0 0.300626 16.0 0.306033 17.0 0.311087 18.0 0.315803 19.0 0.320201 20.0 0.324297 21.0 0.328103 22.0 0.331626 23.0 0.334877 24.0 0.337868 25.0 0.340608 26.0 0.343110 27.0 0.345389 28.0 0.347464 29.0 0.349356 30.0 0.351091
6.308571  0.0 0.139090 1.0 0.158351 2.0 0.175707 3.0 0.191384 4.0 0.205582 5.0 0.218479 6.0 0.230228 7.0 0.240968 8.0 0.250817 9.0 0.259879 10.0 0.268241 11.0 0.275981 12.0 0.283165 13.0 0.289849 14.0 0.296078 15.0 0.301891 16.0 0.307321 17.0 0.312393 18.0 0.317129 19.0 0.321546 20.0 0.325658 21.0 0.329477 22.0 0.333013 23.0 0.336279 24.0 0.339279 25.0 0.342031 26.0 0.344543 27.0 0.346831 28.0 0.348913 29.0 0.350811 30.0 0.352553
6.672341  0.0 0.139693 1.0 0.159035 2.0 0.176464 3.0 0.192206 4.0 0.206463 5.0 0.219414 6.0 0.231212 7.0 0.241996 8.0 0.251885 9.0 0.260984 10.0 0.269380 11.0 0.277152 12.0 0.284366 13.0 0.291076 14.0 0.297331 15.0 0.303167 16.0 0.308619 17.0 0.313711 18.0 0.318465 19.0 0.322900 20.0 0.327028 21.0 0.330862 22.0 0.334413 23.0 0.337691 24.0 0.340705 25.0 0.343465 26.0 0.345986 27.0 0.348283 28.0 0.350373 29.0 0.352280 30.0 0.354029
7.057087  0.0 0.140300 1.0 0.159725 2.0 0.177227 3.0 0.193036 4.0 0.207352 5.0 0.220355 6.0 0.232203 7.0 0.243032 8.0 0.252962 9.0 0.262097 10.0 0.270528 11.0 0.278333 12.0 0.285576 13.0 0.292313 14.0 0.298593 15.0 0.304453 16.0 0.309926 17.0 0.315040 18.0 0.319813 19.0 0.324265 20.0 0.328410 21.0 0.332260 22.0 0.335825 23.0 0.339114 24.0 0.342141 25.0 0.344913 26.0 0.347444 27.0 0.349750 28.0 0.351848 29.0 0.353762 30.0 0.355516
7.464018  0.0 0.140913 1.0 0.160420 2.0 0.177996 3.0 0.193872 4.0 0.208249 5.0 0.221307 6.0 0.233203 7.0 0.244077 8.0 0.254048 9.0 0.263222 10.0 0.271688 11.0 0.279523 12.0 0.286796 13.0 0.293562 14.0 0.299867 15.0 0.305751 16.0 0.311247 17.0 0.316380 18.0 0.321174 19.0 0.325643 20.0 0.329805 21.0 0.333670 22.0 0.337247 23.0 0.340552 24.0 0.343588 25.0 0.346372 26.0 0.348913 27.0 0.351228 28.0 0.353334 29.0 0.355254 30.0 0.357016
7.894415  0.0 0.141532 1.0 0.161123 2.0 0.178773 3.0 0.194715 4.0 0.209152 5.0 0.222266 6.0 0.234212 7.0 0.245131 8.0 0.255144 9.0 0.264355 10.0 0.272856 11.0 0.280725 12.0 0.288028 13.0 0.294820 14.0 0.301152 15.0 0.307060 16.0 0.312578 17.0 0.317732 18.0 0.322544 19.0 0.327032 20.0 0.331210 21.0 0.335089 22.0 0.338684 23.0 0.342000 24.0 0.345050 25.0 0.347843 26.0 0.350393 27.0 0.352717 28.0 0.354832 29.0 0.356761 30.0 0.358530
8.349629  0.0 0.142155 1.0 0.161830 2.0 0.179557 3.0 0.195566 4.0 0.210065 5.0 0.223232 6.0 0.235229 7.0 0.246194 8.0 0.256249 9.0 0.265498 10.0 0.274034 11.0 0.281936 12.0 0.289269 13.0 0.296090 14.0 0.302447 15.0 0.308379 16.0 0.313919 17.0 0.319096 18.0 0.323927 19.0 0.328432 20.0 0.332627 21.0 0.336524 22.0 0.340132 23.0 0.343460 24.0 0.346522 25.0 0.349328 26.0 0.351889 27.0 0.354221 28.0 0.356344 29.0 0.358280 30.0 0.360055
8.831092  0.0 0.142785 1.0 0.162544 2.0 0.180346 3.0 0.196425 4.0 0.210985 5.0 0.224208 6.0 0.236255 7.0 0.247266 8.0 0.257363 9.0 0.266652 10.0 0.275224 11.0 0.283157 12.0 0.290520 13.0 0.297371 14.0 0.303754 15.0 0.309710 16.0 0.315274 17.0 0.320470 18.0 0.325322 19.0 0.329847 20.0 0.334058 21.0 0.337970 22.0 0.341590 23.0 0.344935 24.0 0.348007 25.0 0.350824 26.0 0.353396 27.0 0.355737 28.0 0.357868 29.0 0.359811 30.0 0.361593
9.340317  0.0 0.143420 1.0 0.163265 2.0 0.181144 3.0 0.197290 4.0 0.211912 5.0 0.225193 6.0 0.237291 7.0 0.248349 8.0 0.258488 9.0 0.267815 10.0 0.276423 11.0 0.284391 12.0 0.291785 13.0 0.298662 14.0 0.305072 15.0 0.311054 16.0 0.316640 17.0 0.321857 18.0 0.326728 19.0 0.331272 20.0 0.335500 21.0 0.339427 22.0 0.343064 23.0 0.346420 24.0 0.349507 25.0 0.352333 26.0 0.354914 27.0 0.357265 28.0 0.359405 29.0 0.361356 30.0 0.363146
9.878906  0.0 0.144060 1.0 0.163992 2.0 0.181948 3.0 0.198164 4.0 0.212849 5.0 0.226185 6.0 0.238335 7.0 0.249440 8.0 0.259622 9.0 0.268988 10.0 0.277632 11.0 0.285634 12.0 0.293059 13.0 0.299965 14.0 0.306401 15.0 0.312408 16.0 0.318016 17.0 0.323257 18.0 0.328148 19.0 0.332708 20.0 0.336954 21.0 0.340899 22.0 0.344550 23.0 0.347919 24.0 0.351018 25.0 0.353857 26.0 0.356448 27.0 0.358809 28.0 0.360957 29.0 0.362915 30.0 0.364711
10.448551  0.0 0.144706 1.0 0.164725 2.0 0.182759 3.0 0.199046 4.0 0.213794 5.0 0.227187 6.0 0.239388 7.0 0.250540 8.0 0.260766 9.0 0.270173 10.0 0.278854 11.0 0.286887 12.0 0.294343 13.0 0.301280 14.0 0.307742 15.0 0.313774 16.0 0.319407 17.0 0.324667 18.0 0.329580 19.0 0.334160 20.0 0.338423 21.0 0.342382 22.0 0.346047 23.0 0.349432 24.0 0.352542 25.0 0.355392 26.0 0.357995 27.0 0.360364 28.0 0.362521 29.0 0.364486 30.0 0.366289
11.051044  0.0 0.145359 1.0 0.165465 2.0 0.183578 3.0 0.199934 4.0 0.214746 5.0 0.228198 6.0 0.240452 7.0 0.251652 8.0 0.261920 9.0 0.271367 10.0 0.280084 11.0 0.288153 12.0 0.295641 13.0 0.302605 14.0 0.309096 15.0 0.315153 16.0 0.320809 17.0 0.326091 18.0 0.331023 19.0 0.335622 20.0 0.339903 21.0 0.343878 22.0 0.347560 23.0 0.350957 24.0 0.354081 25.0 0.356941 26.0 0.359553 27.0 0.361932 28.0 0.364097 29.0 0.366072 30.0 0.367883
11.688278  0.0 0.146017 1.0 0.166212 2.0 0.184404 3.0 0.200832 4.0 0.215708 5.0 0.229217 6.0 0.241524 7.0 0.252772 8.0 0.263085 9.0 0.272571 10.0 0.281326 11.0 0.289429 12.0 0.296949 13.0 0.303942 14.0 0.310461 15.0 0.316543 16.0 0.322221 17.0 0.327528 18.0 0.332479 19.0 0.337097 20.0 0.341395 21.0 0.345388 22.0 0.349085 23.0 0.352494 24.0 0.355631 25.0 0.358505 26.0 0.361128 27.0 0.363516 28.0 0.365690 29.0 0.367672 30.0 0.369488
12.362256  0.0 0.146680 1.0 0.166965 2.0 0.185237 3.0 0.201737 4.0 0.216678 5.0 0.230246 6.0 0.242606 7.0 0.253902 8.0 0.264260 9.0 0.273788 10.0 0.282580 11.0 0.290716 12.0 0.298267 13.0 0.305293 14.0 0.311837 15.0 0.317945 16.0 0.323649 17.0 0.328976 18.0 0.333950 19.0 0.338587 20.0 0.342903 21.0 0.346912 22.0 0.350622 23.0 0.354048 24.0 0.357195 25.0 0.360081 26.0 0.362715 27.0 0.365113 28.0 0.367295 29.0 0.369284 30.0 0.371108
13.075099  0.0 0.147351 1.0 0.167725 2.0 0.186078 3.0 0.202650 4.0 0.217657 5.0 0.231285 6.0 0.243698 7.0 0.255043 8.0 0.265445 9.0 0.275014 10.0 0.283844 11.0 0.292016 12.0 0.299600 13.0 0.306654 14.0 0.313227 15.0 0.319361 16.0 0.325089 17.0 0.330437 18.0 0.335432 19.0 0.340089 20.0 0.344423 21.0 0.348447 22.0 0.352174 23.0 0.355613 24.0 0.358775 25.0 0.361671 26.0 0.364314 27.0 0.366723 28.0 0.368914 29.0 0.370912 30.0 0.372744
13.829045  0.0 0.148027 1.0 0.168493 2.0 0.186927 3.0 0.203572 4.0 0.218644 5.0 0.232332 6.0 0.244800 7.0 0.256194 8.0 0.266642 9.0 0.276251 10.0 0.285119 11.0 0.293327 12.0 0.300944 13.0 0.308026 14.0 0.314629 15.0 0.320789 16.0 0.326539 17.0 0.331913 18.0 0.336927 19.0 0.341602 20.0 0.345955 21.0 0.349997 22.0 0.353740 23.0 0.357192 24.0 0.360368 25.0 0.363276 26.0 0.365931 27.0 0.368349 28.0 0.370549 29.0 0.372555 30.0 0.374393
14.626467  0.0 0.148709 1.0 0.169266 2.0 0.187783 3.0 0.204503 4.0 0.219642 5.0 0.233388 6.0 0.245911 7.0 0.257355 8.0 0.267848 9.0 0.277500 10.0 0.286407 11.0 0.294649 12.0 0.302298 13.0 0.309414 14.0 0.316042 15.0 0.322228 16.0 0.328006 17.0 0.333401 18.0 0.338437 19.0 0.343132 20.0 0.347503 21.0 0.351562 22.0 0.355319 23.0 0.358787 24.0 0.361973 25.0 0.364895 26.0 0.367561 27.0 0.369989 28.0 0.372198 29.0 0.374210 30.0 0.376056
15.469869  0.0 0.149398 1.0 0.170048 2.0 0.188647 3.0 0.205441 4.0 0.220647 5.0 0.234455 6.0 0.247033 7.0 0.258527 8.0 0.269065 9.0 0.278761 10.0 0.287706 11.0 0.295984 12.0 0.303667 13.0 0.310812 14.0 0.317470 15.0 0.323683 16.0 0.329484 17.0 0.334901 18.0 0.339959 19.0 0.344675 20.0 0.349064 21.0 0.353139 22.0 0.356912 23.0 0.360395 24.0 0.363596 25.0 0.366527 26.0 0.369204 27.0 0.371642 28.0 0.373859 29.0 0.375881 30.0 0.377736
16.361905  0.0 0.150094 1.0 0.170837 2.0 0.189520 3.0 0.206388 4.0 0.221662 5.0 0.235532 6.0 0.248165 7.0 0.259710 8.0 0.270295 9.0 0.280032 10.0 0.289016 11.0 0.297332 12.0 0.305047 13.0 0.312223 14.0 0.318911 15.0 0.325150 16.0 0.330975 17.0 0.336417 18.0 0.341494 19.0 0.346231 20.0 0.350638 21.0 0.354731 22.0 0.358521 23.0 0.362016 24.0 0.365232 25.0 0.368176 26.0 0.370864 27.0 0.373312 28.0 0.375539 29.0 0.377569 30.0 0.379429
17.305378  0.0 0.150795 1.0 0.171633 2.0 0.190400 3.0 0.207345 4.0 0.222687 5.0 0.236617 6.0 0.249307 7.0 0.260904 8.0 0.271536 9.0 0.281314 10.0 0.290339 11.0 0.298690 12.0 0.306440 13.0 0.313647 14.0 0.320363 15.0 0.326629 16.0 0.332481 17.0 0.337946 18.0 0.343046 19.0 0.347802 20.0 0.352228 21.0 0.356339 22.0 0.360143 23.0 0.363654 24.0 0.366882 25.0 0.369839 26.0 0.372539 27.0 0.374996 28.0 0.377232 29.0 0.379270 30.0 0.381137
18.303255  0.0 0.151503 1.0 0.172435 2.0 0.191288 3.0 0.208310 4.0 0.223721 5.0 0.237714 6.0 0.250460 7.0 0.262107 8.0 0.272787 9.0 0.282610 10.0 0.291674 11.0 0.300061 12.0 0.307845 13.0 0.315085 14.0 0.321830 15.0 0.328123 16.0 0.334000 17.0 0.339487 18.0 0.344611 19.0 0.349387 20.0 0.353832 21.0 0.357960 22.0 0.361780 23.0 0.365307 24.0 0.368548 25.0 0.371516 26.0 0.374227 27.0 0.376695 28.0 0.378940 29.0 0.380985 30.0 0.382863
19.358672  0.0 0.152218 1.0 0.173247 2.0 0.192185 3.0 0.209284 4.0 0.224764 5.0 0.238821 6.0 0.251624 7.0 0.263324 8.0 0.274050 9.0 0.283917 10.0 0.293021 11.0 0.301446 12.0 0.309264 13.0 0.316535 14.0 0.323310 15.0 0.329631 16.0 0.335533 17.0 0.341044 18.0 0.346189 19.0 0.350986 20.0 0.355450 21.0 0.359594 22.0 0.363433 23.0 0.366973 24.0 0.370229 25.0 0.373210 26.0 0.375931 27.0 0.378409 28.0 0.380664 29.0 0.382719 30.0 0.384603
20.474947  0.0 0.152940 1.0 0.174066 2.0 0.193091 3.0 0.210267 4.0 0.225817 5.0 0.239938 6.0 0.252799 7.0 0.264551 8.0 0.275326 9.0 0.285235 10.0 0.294380 11.0 0.302843 12.0 0.310696 13.0 0.317998 14.0 0.324803 15.0 0.331152 16.0 0.337079 17.0 0.342616 18.0 0.347782 19.0 0.352599 20.0 0.357083 21.0 0.361247 22.0 0.365100 23.0 0.368656 24.0 0.371925 25.0 0.374919 26.0 0.377652 27.0 0.380141 28.0 0.382405 29.0 0.384468 30.0 0.386358
21.655589  0.0 0.153668 1.0 0.174892 2.0 0.194005 3.0 0.211260 4.0 0.226881 5.0 0.241064 6.0 0.253984 7.0 0.265789 8.0 0.276613 9.0 0.286567 10.0 0.295753 11.0 0.304252 12.0 0.312139 13.0 0.319476 14.0 0.326310 15.0 0.332686 16.0 0.338641 17.0 0.344201 18.0 0.349391 19.0 0.354229 20.0 0.358732 21.0 0.362913 22.0 0.366782 23.0 0.370354 24.0 0.373636 25.0 0.376643 26.0 0.379388 27.0 0.381887 28.0 0.384160 29.0 0.386231 30.0 0.388130
22.904311  0.0 0.154404 1.0 0.175725 2.0 0.194927 3.0 0.212262 4.0 0.227955 5.0 0.242203 6.0 0.255181 7.0 0.267039 8.0 0.277911 9.0 0.287912 10.0 0.297138 11.0 0.305676 12.0 0.313599 13.0 0.320967 14.0 0.327832 15.0 0.334237 16.0 0.340217 17.0 0.345801 18.0 0.351014 19.0 0.355873 20.0 0.360396 21.0 0.364594 22.0 0.368481 23.0 0.372068 24.0 0.375364 25.0 0.378383 26.0 0.381138 27.0 0.383648 28.0 0.385931 29.0 0.388012 30.0 0.389919
24.225038  0.0 0.155147 1.0 0.176568 2.0 0.195858 3.0 0.213272 4.0 0.229037 5.0 0.243352 6.0 0.256389 7.0 0.268302 8.0 0.279223 9.0 0.289268 10.0 0.298536 11.0 0.307113 12.0 0.315071 13.0 0.322471 14.0 0.329368 15.0 0.335801 16.0 0.341807 17.0 0.347417 18.0 0.352651 19.0 0.357532 20.0 0.362074 21.0 0.366291 22.0 0.370196 23.0 0.373795 24.0 0.377108 25.0 0.380141 26.0 0.382908 27.0 0.385428 28.0 0.387721 29.0 0.389810 30.0 0.391724
25.621921  0.0 0.155896 1.0 0.177419 2.0 0.196799 3.0 0.214294 4.0 0.230132 5.0 0.244511 6.0 0.257608 7.0 0.269576 8.0 0.280547 9.0 0.290636 10.0 0.299947 11.0 0.308563 12.0 0.316557 13.0 0.323991 14.0 0.330917 15.0 0.337379 16.0 0.343413 17.0 0.349047 18.0 0.354305 19.0 0.359207 20.0 0.363769 21.0 0.368005 22.0 0.371925 23.0 0.375543 24.0 0.378867 25.0 0.381913 26.0 0.384693 27.0 0.387224 28.0 0.389526 29.0 0.391623 30.0 0.393544
27.099352  0.0 0.156653 1.0 0.178277 2.0 0.197748 3.0 0.215325 4.0 0.231237 5.0 0.245682 6.0 0.258839 7.0 0.270861 8.0 0.281883 9.0 0.292019 10.0 0.301372 11.0 0.310025 12.0 0.318056 13.0 0.325525 14.0 0.332482 15.0 0.338973 16.0 0.345034 17.0 0.350692 18.0 0.355975 19.0 0.360898 20.0 0.365480 21.0 0.369734 22.0 0.373671 23.0 0.377305 24.0 0.380644 25.0 0.383701 26.0 0.386494 27.0 0.389035 28.0 0.391346 29.0 0.393453 30.0 0.395384
28.661977  0.0 0.157417 1.0 0.179143 2.0 0.198706 3.0 0.216366 4.0 0.232351 5.0 0.246865 6.0 0.260082 7.0 0.272160 8.0 0.283231 9.0 0.293415 10.0 0.302811 11.0 0.311505 12.0 0.319571 13.0 0.327073 14.0 0.334062 15.0 0.340583 16.0 0.346670 17.0 0.352354 18.0 0.357659 19.0 0.362605 20.0 0.367207 21.0 0.371478 22.0 0.375435 23.0 0.379083 24.0 0.382438 25.0 0.385509 26.0 0.388311 27.0 0.390864 28.0 0.393186 29.0 0.395302 30.0 0.397241
30.314706  0.0 0.158190 1.0 0.180019 2.0 0.199674 3.0 0.217416 4.0 0.233476 5.0 0.248058 6.0 0.261338 7.0 0.273471 8.0 0.284594 9.0 0.294824 10.0 0.304262 11.0 0.312997 12.0 0.321100 13.0 0.328635 14.0 0.335657 15.0 0.342207 16.0 0.348320 17.0 0.354032 18.0 0.359359 19.0 0.364326 20.0 0.368949 21.0 0.373241 22.0 0.377214 23.0 0.380878 24.0 0.384247 25.0 0.387333 26.0 0.390148 27.0 0.392711 28.0 0.395043 29.0 0.397167 30.0 0.399113
32.062737  0.0 0.158969 1.0 0.180903 2.0 0.200652 3.0 0.218478 4.0 0.234614 5.0 0.249263 6.0 0.262604 7.0 0.274794 8.0 0.285969 9.0 0.296245 10.0 0.305728 11.0 0.314503 12.0 0.322643 13.0 0.330214 14.0 0.337266 15.0 0.343845 16.0 0.349989 17.0 0.355724 18.0 0.361077 19.0 0.366067 20.0 0.370710 21.0 0.375021 22.0 0.379010 23.0 0.382691 24.0 0.386073 25.0 0.389173 26.0 0.392001 27.0 0.394575 28.0 0.396917 29.0 0.399049 30.0 0.401004
33.911564  0.0 0.159756 1.0 0.181796 2.0 0.201639 3.0 0.219550 4.0 0.235762 5.0 0.250479 6.0 0.263883 7.0 0.276130 8.0 0.287357 9.0 0.297683 10.0 0.307209 11.0 0.316022 12.0 0.324201 13.0 0.331807 14.0 0.338892 15.0 0.345502 16.0 0.351673 17.0 0.357433 18.0 0.362811 19.0 0.367823 20.0 0.372487 21.0 0.376816 22.0 0.380823 23.0 0.384521 24.0 0.387919 25.0 0.391030 26.0 0.393870 27.0 0.396456 28.0 0.398807 29.0 0.400950 30.0 0.402914
35.866999  0.0 0.160551 1.0 0.182696 2.0 0.202635 3.0 0.220632 4.0 0.236921 5.0 0.251709 6.0 0.265175 7.0 0.277480 8.0 0.288758 9.0 0.299133 10.0 0.308704 11.0 0.317559 12.0 0.325775 13.0 0.333416 14.0 0.340534 15.0 0.347174 16.0 0.353372 17.0 0.359159 18.0 0.364560 19.0 0.369595 20.0 0.374280 21.0 0.378628 22.0 0.382655 23.0 0.386368 24.0 0.389782 25.0 0.392907 26.0 0.395759 27.0 0.398356 28.0 0.400718 29.0 0.402870 30.0 0.404842
37.935191  0.0 0.161354 1.0 0.183607 2.0 0.203642 3.0 0.221724 4.0 0.238091 5.0 0.252950 6.0 0.266480 7.0 0.278843 8.0 0.290175 9.0 0.300597 10.0 0.310212 11.0 0.319110 12.0 0.327364 13.0 0.335039 14.0 0.342191 15.0 0.348861 16.0 0.355087 17.0 0.360903 18.0 0.366327 19.0 0.371384 20.0 0.376090 21.0 0.380460 22.0 0.384504 23.0 0.388233 24.0 0.391662 25.0 0.394802 26.0 0.397667 27.0 0.400275 28.0 0.402647 29.0 0.404807 30.0 0.406786
40.122640  0.0 0.162165 1.0 0.184527 2.0 0.204659 3.0 0.222828 4.0 0.239273 5.0 0.254202 6.0 0.267798 7.0 0.280219 8.0 0.291605 9.0 0.302075 10.0 0.311736 11.0 0.320675 12.0 0.328968 13.0 0.336680 14.0 0.343863 15.0 0.350564 16.0 0.356821 17.0 0.362662 18.0 0.368113 19.0 0.373193 20.0 0.377920 21.0 0.382309 22.0 0.386369 23.0 0.390117 24.0 0.393559 25.0 0.396713 26.0 0.399592 27.0 0.402211 28.0 0.404593 29.0 0.406763 30.0 0.408751
42.436223  0.0 0.162984 1.0 0.185456 2.0 0.205685 3.0 0.223943 4.0 0.240468 5.0 0.255467 6.0 0.269127 7.0 0.281608 8.0 0.293049 9.0 0.303570 10.0 0.313276 11.0 0.322255 12.0 0.330587 13.0 0.338336 14.0 0.345553 15.0 0.352286 16.0 0.358571 17.0 0.364437 18.0 0.369914 19.0 0.375018 20.0 0.379767 21.0 0.384175 22.0 0.388254 23.0 0.392019 24.0 0.395477 25.0 0.398643 26.0 0.401534 27.0 0.404165 28.0 0.406558 29.0 0.408738 30.0 0.410736
44.883214  0.0 0.163811 1.0 0.186394 2.0 0.206722 3.0 0.225069 4.0 0.241674 5.0 0.256746 6.0 0.270472 7.0 0.283012 8.0 0.294506 9.0 0.305078 10.0 0.314830 11.0 0.323853 12.0 0.332225 13.0 0.340009 14.0 0.347260 15.0 0.354024 16.0 0.360338 17.0 0.366232 18.0 0.371733 19.0 0.376861 20.0 0.381631 21.0 0.386058 22.0 0.390158 23.0 0.393938 24.0 0.397413 25.0 0.400595 26.0 0.403497 27.0 0.406140 28.0 0.408544 29.0 0.410733 30.0 0.412739
47.471306  0.0 0.164647 1.0 0.187341 2.0 0.207769 3.0 0.226206 4.0 0.242891 5.0 0.258037 6.0 0.271829 7.0 0.284430 8.0 0.295979 9.0 0.306601 10.0 0.316399 11.0 0.325466 12.0 0.333877 13.0 0.341697 14.0 0.348983 15.0 0.355779 16.0 0.362121 17.0 0.368045 18.0 0.373570 19.0 0.378721 20.0 0.383513 21.0 0.387963 22.0 0.392080 23.0 0.395877 24.0 0.399368 25.0 0.402564 26.0 0.405480 27.0 0.408135 28.0 0.410549 29.0 0.412747 30.0 0.414760
50.208634  0.0 0.165492 1.0 0.188299 2.0 0.208828 3.0 0.227354 4.0 0.244121 5.0 0.259341 6.0 0.273200 7.0 0.285862 8.0 0.297467 9.0 0.308139 10.0 0.317984 11.0 0.327095 12.0 0.335546 13.0 0.343403 14.0 0.350723 15.0 0.357551 16.0 0.363924 17.0 0.369875 18.0 0.375427 19.0 0.380601 20.0 0.385416 21.0 0.389885 22.0 0.394020 23.0 0.397836 24.0 0.401340 25.0 0.404552 26.0 0.407482 27.0 0.410148 28.0 0.412573 29.0 0.414780 30.0 0.416803
53.103804  0.0 0.166345 1.0 0.189266 2.0 0.209897 3.0 0.228516 4.0 0.245365 5.0 0.260658 6.0 0.274585 7.0 0.287308 8.0 0.298970 9.0 0.309693 10.0 0.319587 11.0 0.328739 12.0 0.337230 13.0 0.345127 14.0 0.352481 15.0 0.359341 16.0 0.365745 17.0 0.371722 18.0 0.377301 19.0 0.382500 20.0 0.387337 21.0 0.391826 22.0 0.395980 23.0 0.399814 24.0 0.403335 25.0 0.406559 26.0 0.409502 27.0 0.412181 28.0 0.414616 29.0 0.416834 30.0 0.418867
56.165917  0.0 0.167207 1.0 0.190243 2.0 0.210977 3.0 0.229688 4.0 0.246620 5.0 0.261989 6.0 0.275983 7.0 0.288768 8.0 0.300487 9.0 0.311264 10.0 0.321205 11.0 0.330401 12.0 0.338934 13.0 0.346868 14.0 0.354257 15.0 0.361150 16.0 0.367584 17.0 0.373589 18.0 0.379194 19.0 0.384417 20.0 0.389277 21.0 0.393786 22.0 0.397961 23.0 0.401811 24.0 0.405349 25.0 0.408588 26.0 0.411544 27.0 0.414234 28.0 0.416681 29.0 0.418909 30.0 0.420950
59.404601  0.0 0.168078 1.0 0.191230 2.0 0.212068 3.0 0.230872 4.0 0.247889 5.0 0.263334 6.0 0.277397 7.0 0.290245 8.0 0.302020 9.0 0.312849 10.0 0.322838 11.0 0.332081 12.0 0.340654 13.0 0.348625 14.0 0.356051 15.0 0.362977 16.0 0.369440 17.0 0.375475 18.0 0.381104 19.0 0.386353 20.0 0.391235 21.0 0.395767 22.0 0.399961 23.0 0.403827 24.0 0.407383 25.0 0.410637 26.0 0.413607 27.0 0.416309 28.0 0.418767 29.0 0.421005 30.0 0.423054
62.830036  0.0 0.168958 1.0 0.192227 2.0 0.213170 3.0 0.232069 4.0 0.249170 5.0 0.264692 6.0 0.278825 7.0 0.291736 8.0 0.303569 9.0 0.314451 10.0 0.324488 11.0 0.333776 12.0 0.342392 13.0 0.350400 14.0 0.357862 15.0 0.364821 16.0 0.371315 17.0 0.377380 18.0 0.383037 19.0 0.388309 20.0 0.393215 21.0 0.397768 22.0 0.401981 23.0 0.405866 24.0 0.409436 25.0 0.412706 26.0 0.415690 27.0 0.418405 28.0 0.420873 29.0 0.423120 30.0 0.425178
66.452991  0.0 0.169848 1.0 0.193236 2.0 0.214285 3.0 0.233278 4.0 0.250464 5.0 0.266064 6.0 0.280267 7.0 0.293242 8.0 0.305134 9.0 0.316068 10.0 0.326156 11.0 0.335489 12.0 0.344146 13.0 0.352195 14.0 0.359692 15.0 0.366684 16.0 0.373212 17.0 0.379304 18.0 0.384989 19.0 0.390286 20.0 0.395215 21.0 0.399789 22.0 0.404020 23.0 0.407925 24.0 0.411511 25.0 0.414796 26.0 0.417793 27.0 0.420520 28.0 0.422999 29.0 0.425256 30.0 0.427326
70.284856  0.0 0.170746 1.0 0.194255 2.0 0.215411 3.0 0.234500 4.0 0.251773 5.0 0.267450 6.0 0.281724 7.0 0.294764 8.0 0.306715 9.0 0.317704 10.0 0.327842 11.0 0.337219 12.0 0.345918 13.0 0.354008 14.0 0.361541 15.0 0.368568 16.0 0.375127 17.0 0.381247 18.0 0.386960 19.0 0.392283 20.0 0.397234 21.0 0.401829 22.0 0.406082 23.0 0.410004 24.0 0.413608 25.0 0.416907 26.0 0.419917 27.0 0.422657 28.0 0.425148 29.0 0.427417 30.0 0.429495
74.337677  0.0 0.171655 1.0 0.195284 2.0 0.216549 3.0 0.235735 4.0 0.253096 5.0 0.268851 6.0 0.283196 7.0 0.296301 8.0 0.308312 9.0 0.319357 10.0 0.329544 11.0 0.338968 12.0 0.347711 13.0 0.355840 14.0 0.363410 15.0 0.370471 16.0 0.377061 17.0 0.383211 18.0 0.388950 19.0 0.394299 20.0 0.399274 21.0 0.403890 22.0 0.408165 23.0 0.412104 24.0 0.415726 25.0 0.419041 26.0 0.422065 27.0 0.424817 28.0 0.427320 29.0 0.429599 30.0 0.431685
78.624195  0.0 0.172572 1.0 0.196324 2.0 0.217698 3.0 0.236983 4.0 0.254432 5.0 0.270267 6.0 0.284685 7.0 0.297856 8.0 0.309926 9.0 0.321026 10.0 0.331264 11.0 0.340736 12.0 0.349522 13.0 0.357689 14.0 0.365298 15.0 0.372393 16.0 0.379014 17.0 0.385196 18.0 0.390961 19.0 0.396336 20.0 0.401334 21.0 0.405975 22.0 0.410268 23.0 0.414226 24.0 0.417865 25.0 0.421196 26.0 0.424234 27.0 0.427000 28.0 0.429513 29.0 0.431802 30.0 0.433897
83.157886  0.0 0.173499 1.0 0.197375 2.0 0.218859 3.0 0.238243 4.0 0.255781 5.0 0.271698 6.0 0.286190 7.0 0.299427 8.0 0.311558 9.0 0.322713 10.0 0.333001 11.0 0.342521 12.0 0.351351 13.0 0.359558 14.0 0.367205 15.0 0.374335 16.0 0.380988 17.0 0.387201 18.0 0.392995 19.0 0.398395 20.0 0.403418 21.0 0.408080 22.0 0.412393 23.0 0.416371 24.0 0.420025 25.0 0.423373 26.0 0.426426 27.0 0.429204 28.0 0.431729 29.0 0.434027 30.0 0.436132
87.953002  0.0 0.174438 1.0 0.198438 2.0 0.220034 3.0 0.239517 4.0 0.257145 5.0 0.273144 6.0 0.287709 7.0 0.301014 8.0 0.313207 9.0 0.324416 10.0 0.334758 11.0 0.344325 12.0 0.353199 13.0 0.361448 14.0 0.369131 15.0 0.376296 16.0 0.382984 17.0 0.389226 18.0 0.395050 19.0 0.400476 20.0 0.405523 21.0 0.410207 22.0 0.414540 23.0 0.418538 24.0 0.422210 25.0 0.425571 26.0 0.428639 27.0 0.431430 28.0 0.433967 29.0 0.436276 30.0 0.438392
93.024617  0.0 0.175386 1.0 0.199512 2.0 0.221221 3.0 0.240806 4.0 0.258525 5.0 0.274605 6.0 0.289245 7.0 0.302617 8.0 0.314873 9.0 0.326140 10.0 0.336534 11.0 0.346148 12.0 0.355066 13.0 0.363358 14.0 0.371079 15.0 0.378280 16.0 0.385001 17.0 0.391272 18.0 0.397125 19.0 0.402578 20.0 0.407650 21.0 0.412356 22.0 0.416711 23.0 0.420727 24.0 0.424417 25.0 0.427794 26.0 0.430875 27.0 0.433679 28.0 0.436228 29.0 0.438550 30.0 0.440675
98.388676  0.0 0.176344 1.0 0.200598 2.0 0.222421 3.0 0.242108 4.0 0.259919 5.0 0.276081 6.0 0.290797 7.0 0.304237 8.0 0.316556 9.0 0.327882 10.0 0.338328 11.0 0.347990 12.0 0.356954 13.0 0.365287 14.0 0.373048 15.0 0.380285 16.0 0.387039 17.0 0.393341 18.0 0.399222 19.0 0.404702 20.0 0.409798 21.0 0.414527 22.0 0.418904 23.0 0.422939 24.0 0.426647 25.0 0.430041 26.0 0.433137 27.0 0.435954 28.0 0.438515 29.0 0.440847 30.0 0.442981
104.062042  0.0 0.177313 1.0 0.201696 2.0 0.223634 3.0 0.243424 4.0 0.261328 5.0 0.277575 6.0 0.292366 7.0 0.305876 8.0 0.318257 9.0 0.329642 10.0 0.340141 11.0 0.349853 12.0 0.358862 13.0 0.367237 14.0 0.375037 15.0 0.382310 16.0 0.389097 17.0 0.395432 18.0 0.401341 19.0 0.406848 20.0 0.411969 21.0 0.416722 22.0 0.421121 23.0 0.425173 24.0 0.428900 25.0 0.432311 26.0 0.435422 27.0 0.438252 28.0 0.440825 29.0 0.443168 30.0 0.445311
110.062550  0.0 0.178292 1.0 0.202806 2.0 0.224860 3.0 0.244755 4.0 0.262753 5.0 0.279085 6.0 0.293953 7.0 0.307533 8.0 0.319977 9.0 0.331420 10.0 0.341973 11.0 0.351736 12.0 0.360791 13.0 0.369207 14.0 0.377047 15.0 0.384357 16.0 0.391177 17.0 0.397546 18.0 0.403484 19.0 0.409017 20.0 0.414164 21.0 0.418941 22.0 0.423360 23.0 0.427434 24.0 0.431177 25.0 0.434605 26.0 0.437731 27.0 0.440575 28.0 0.443160 29.0 0.445512 30.0 0.447665
116.409064  0.0 0.179282 1.0 0.203927 2.0 0.226099 3.0 0.246100 4.0 0.264192 5.0 0.280611 6.0 0.295556 7.0 0.309207 8.0 0.321716 9.0 0.333218 10.0 0.343825 11.0 0.353639 12.0 0.362740 13.0 0.371199 14.0 0.379079 15.0 0.386426 16.0 0.393281 17.0 0.399681 18.0 0.405650 19.0 0.411211 20.0 0.416383 21.0 0.421183 22.0 0.425622 23.0 0.429718 24.0 0.433478 25.0 0.436922 26.0 0.440063 27.0 0.442921 28.0 0.445518 29.0 0.447881 30.0 0.450046
123.121536  0.0 0.180283 1.0 0.205062 2.0 0.227352 3.0 0.247459 4.0 0.265648 5.0 0.282153 6.0 0.297177 7.0 0.310900 8.0 0.323474 9.0 0.335034 10.0 0.345698 11.0 0.355562 12.0 0.364710 13.0 0.373214 14.0 0.381132 15.0 0.388516 16.0 0.395408 17.0 0.401839 18.0 0.407839 19.0 0.413428 20.0 0.418626 21.0 0.423449 22.0 0.427910 23.0 0.432026 24.0 0.435805 25.0 0.439264 26.0 0.442421 27.0 0.445292 28.0 0.447901 29.0 0.450277 30.0 0.452453
130.221067  0.0 0.181296 1.0 0.206209 2.0 0.228620 3.0 0.248834 4.0 0.267120 5.0 0.283712 6.0 0.298816 7.0 0.312610 8.0 0.325251 9.0 0.336872 10.0 0.347591 11.0 0.357505 12.0 0.366700 13.0 0.375250 14.0 0.383209 15.0 0.390631 16.0 0.397558 17.0 0.404020 18.0 0.410051 19.0 0.415668 20.0 0.420892 21.0 0.425739 22.0 0.430223 23.0 0.434358 24.0 0.438157 25.0 0.441633 26.0 0.444804 27.0 0.447689 28.0 0.450312 29.0 0.452699 30.0 0.454884
137.729977  0.0 0.182321 1.0 0.207369 2.0 0.229902 3.0 0.250225 4.0 0.268608 5.0 0.285288 6.0 0.300472 7.0 0.314340 8.0 0.327048 9.0 0.338731 10.0 0.349506 11.0 0.359471 12.0 0.368715 13.0 0.377308 14.0 0.385309 15.0 0.392769 16.0 0.399731 17.0 0.406226 18.0 0.412286 19.0 0.417932 20.0 0.423183 21.0 0.428053 22.0 0.432561 23.0 0.436715 24.0 0.440534 25.0 0.444028 26.0 0.447214 27.0 0.450113 28.0 0.452749 29.0 0.455147 30.0 0.457341
145.671872  0.0 0.183356 1.0 0.208543 2.0 0.231198 3.0 0.251631 4.0 0.270114 5.0 0.286882 6.0 0.302147 7.0 0.316088 8.0 0.328864 9.0 0.340609 10.0 0.351441 11.0 0.361459 12.0 0.370751 13.0 0.379388 14.0 0.387431 15.0 0.394930 16.0 0.401927 17.0 0.408457 18.0 0.414546 19.0 0.420221 20.0 0.425498 21.0 0.430394 22.0 0.434925 23.0 0.439099 24.0 0.442936 25.0 0.446448 26.0 0.449650 27.0 0.452564 28.0 0.455211 29.0 0.457621 30.0 0.459824
154.071719  0.0 0.184404 1.0 0.209729 2.0 0.232508 3.0 0.253053 4.0 0.271636 5.0 0.288495 6.0 0.303842 7.0 0.317857 8.0 0.330700 9.0 0.342508 10.0 0.353397 11.0 0.363469 12.0 0.372810 13.0 0.381491 14.0 0.389577 15.0 0.397115 16.0 0.404147 17.0 0.410712 18.0 0.416832 19.0 0.422535 20.0 0.427839 21.0 0.432761 22.0 0.437313 23.0 0.441510 24.0 0.445365 25.0 0.448894 26.0 0.452113 27.0 0.455040 28.0 0.457701 29.0 0.460121 30.0 0.462335
162.955925  0.0 0.185463 1.0 0.210929 2.0 0.233834 3.0 0.254491 4.0 0.273174 5.0 0.290126 6.0 0.305555 7.0 0.319646 8.0 0.332558 9.0 0.344428 10.0 0.355375 11.0 0.365501 12.0 0.374891 13.0 0.383617 14.0 0.391746 15.0 0.399323 16.0 0.406392 17.0 0.412991 18.0 0.419144 19.0 0.424876 20.0 0.430208 21.0 0.435154 22.0 0.439728 23.0 0.443947 24.0 0.447819 25.0 0.451367 26.0 0.454602 27.0 0.457544 28.0 0.460217 29.0 0.462648 30.0 0.464876
172.352418  0.0 0.186535 1.0 0.212142 2.0 0.235174 3.0 0.255945 4.0 0.274731 5.0 0.291775 6.0 0.307288 7.0 0.321455 8.0 0.334436 9.0 0.346370 10.0 0.357375 11.0 0.367555 12.0 0.376995 13.0 0.385769 14.0 0.393939 15.0 0.401556 16.0 0.408664 17.0 0.415296 18.0 0.421482 19.0 0.427243 20.0 0.432602 21.0 0.437573 22.0 0.442169 23.0 0.446411 24.0 0.450303 25.0 0.453867 26.0 0.457118 27.0 0.460075 28.0 0.462760 29.0 0.465205 30.0 0.467443
182.290740  0.0 0.187618 1.0 0.213370 2.0 0.236529 3.0 0.257415 4.0 0.276305 5.0 0.293443 6.0 0.309041 7.0 0.323285 8.0 0.336336 9.0 0.348333 10.0 0.359398 11.0 0.369633 12.0 0.379123 13.0 0.387944 14.0 0.396156 15.0 0.403814 16.0 0.410960 17.0 0.417626 18.0 0.423845 19.0 0.429637 20.0 0.435022 21.0 0.440019 22.0 0.444639 23.0 0.448901 24.0 0.452815 25.0 0.456395 26.0 0.459662 27.0 0.462633 28.0 0.465333 29.0 0.467791 30.0 0.470039
192.802133  0.0 0.188715 1.0 0.214611 2.0 0.237901 3.0 0.258903 4.0 0.277897 5.0 0.295129 6.0 0.310813 7.0 0.325135 8.0 0.338258 9.0 0.350320 10.0 0.361445 11.0 0.371734 12.0 0.381275 13.0 0.390144 14.0 0.398400 15.0 0.406099 16.0 0.413282 17.0 0.419982 18.0 0.426234 19.0 0.432056 20.0 0.437470 21.0 0.442491 22.0 0.447137 23.0 0.451420 24.0 0.455354 25.0 0.458953 26.0 0.462235 27.0 0.465221 28.0 0.467935 29.0 0.470405 30.0 0.472663
203.919642  0.0 0.189824 1.0 0.215868 2.0 0.239289 3.0 0.260408 4.0 0.279508 5.0 0.296835 6.0 0.312605 7.0 0.327006 8.0 0.340201 9.0 0.352329 10.0 0.363515 11.0 0.373858 12.0 0.383452 13.0 0.392369 14.0 0.400670 15.0 0.408410 16.0 0.415631 17.0 0.422366 18.0 0.428650 19.0 0.434503 20.0 0.439945 21.0 0.444992 22.0 0.449663 23.0 0.453966 24.0 0.457922 25.0 0.461539 26.0 0.464838 27.0 0.467840 28.0 0.470567 29.0 0.473048 30.0 0.475317
215.678218  0.0 0.190947 1.0 0.217140 2.0 0.240693 3.0 0.261931 4.0 0.281138 5.0 0.298561 6.0 0.314418 7.0 0.328899 8.0 0.342166 9.0 0.354362 10.0 0.365609 11.0 0.376009 12.0 0.385654 13.0 0.394619 14.0 0.402965 15.0 0.410746 16.0 0.418005 17.0 0.424778 18.0 0.431094 19.0 0.436978 20.0 0.442448 21.0 0.447522 22.0 0.452217 23.0 0.456542 24.0 0.460518 25.0 0.464155 26.0 0.467471 27.0 0.470487 28.0 0.473227 29.0 0.475720 30.0 0.478000
228.114826  0.0 0.192083 1.0 0.218426 2.0 0.242114 3.0 0.263472 4.0 0.282787 5.0 0.300307 6.0 0.316252 7.0 0.330813 8.0 0.344154 9.0 0.356418 10.0 0.367726 11.0 0.378184 12.0 0.387882 13.0 0.396895 14.0 0.405287 15.0 0.413110 16.0 0.420407 17.0 0.427217 18.0 0.433565 19.0 0.439480 20.0 0.444979 21.0 0.450081 22.0 0.454800 23.0 0.459148 24.0 0.463143 25.0 0.466799 26.0 0.470133 27.0 0.473164 28.0 0.475918 29.0 0.478423 30.0 0.480713
241.268564  0.0 0.193233 1.0 0.219728 2.0 0.243551 3.0 0.265031 4.0 0.284455 5.0 0.302073 6.0 0.318108 7.0 0.332750 8.0 0.346165 9.0 0.358498 10.0 0.369868 11.0 0.380384 12.0 0.390135 13.0 0.399197 14.0 0.407635 15.0 0.415500 16.0 0.422837 17.0 0.429684 18.0 0.436066 19.0 0.442012 20.0 0.447541 21.0 0.452670 22.0 0.457413 23.0 0.461784 24.0 0.465799 25.0 0.469474 26.0 0.472825 27.0 0.475872 28.0 0.478639 29.0 0.481156 30.0 0.483459
255.180783  0.0 0.194396 1.0 0.221045 2.0 0.245006 3.0 0.266608 4.0 0.286143 5.0 0.303861 6.0 0.319987 7.0 0.334711 8.0 0.348200 9.0 0.360602 10.0 0.372035 11.0 0.382610 12.0 0.392415 13.0 0.401526 14.0 0.410010 15.0 0.417919 16.0 0.425294 17.0 0.432179 18.0 0.438597 19.0 0.444574 20.0 0.450132 21.0 0.455288 22.0 0.460055 23.0 0.464451 24.0 0.468485 25.0 0.472179 26.0 0.475547 27.0 0.478610 28.0 0.481392 29.0 0.483921 30.0 0.486237
269.895220  0.0 0.195574 1.0 0.222378 2.0 0.246477 3.0 0.268204 4.0 0.287850 5.0 0.305670 6.0 0.321887 7.0 0.336695 8.0 0.350260 9.0 0.362730 10.0 0.374228 11.0 0.384862 12.0 0.394721 13.0 0.403882 14.0 0.412413 15.0 0.420365 16.0 0.427782 17.0 0.434703 18.0 0.441156 19.0 0.447166 20.0 0.452754 21.0 0.457937 22.0 0.462728 23.0 0.467148 24.0 0.471203 25.0 0.474916 26.0 0.478302 27.0 0.481380 28.0 0.484175 29.0 0.486719 30.0 0.489046
285.458131  0.0 0.196765 1.0 0.223727 2.0 0.247967 3.0 0.269820 4.0 0.289579 5.0 0.307501 6.0 0.323810 7.0 0.338702 8.0 0.352344 9.0 0.364884 10.0 0.376446 11.0 0.387140 12.0 0.397054 13.0 0.406267 14.0 0.414844 15.0 0.422840 16.0 0.430299 17.0 0.437257 18.0 0.443745 19.0 0.449788 20.0 0.455406 21.0 0.460616 22.0 0.465432 23.0 0.469876 24.0 0.473954 25.0 0.477684 26.0 0.481088 27.0 0.484182 28.0 0.486991 29.0 0.489549 30.0 0.491888
301.918444  0.0 0.197971 1.0 0.225092 2.0 0.249474 3.0 0.271454 4.0 0.291328 5.0 0.309353 6.0 0.325756 7.0 0.340733 8.0 0.354453 9.0 0.367064 10.0 0.378690 11.0 0.389445 12.0 0.399415 13.0 0.408680 14.0 0.417304 15.0 0.425344 16.0 0.432845 17.0 0.439841 18.0 0.446365 19.0 0.452440 20.0 0.458088 21.0 0.463326 22.0 0.468170 23.0 0.472636 24.0 0.476736 25.0 0.480486 26.0 0.483906 27.0 0.487016 28.0 0.489842 29.0 0.492413 30.0 0.494763
319.327905  0.0 0.199192 1.0 0.226475 2.0 0.251000 3.0 0.273109 4.0 0.293098 5.0 0.311228 6.0 0.327726 7.0 0.342788 8.0 0.356587 9.0 0.369269 10.0 0.380963 11.0 0.391778 12.0 0.401804 13.0 0.411121 14.0 0.419793 15.0 0.427879 16.0 0.435421 17.0 0.442455 18.0 0.449016 19.0 0.455124 20.0 0.460803 21.0 0.466069 22.0 0.470939 23.0 0.475429 24.0 0.479551 25.0 0.483321 26.0 0.486759 27.0 0.489886 28.0 0.492726 29.0 0.495310 30.0 0.497671
337.741243  0.0 0.200428 1.0 0.227874 2.0 0.252545 3.0 0.274784 4.0 0.294890 5.0 0.313126 6.0 0.329719 7.0 0.344869 8.0 0.358747 9.0 0.371501 10.0 0.383262 11.0 0.394138 12.0 0.404221 13.0 0.413592 14.0 0.422314 15.0 0.430444 16.0 0.438028 17.0 0.445101 18.0 0.451698 19.0 0.457840 20.0 0.463550 21.0 0.468844 22.0 0.473742 23.0 0.478254 24.0 0.482399 25.0 0.486190 26.0 0.489646 27.0 0.492789 28.0 0.495644 29.0 0.498241 30.0 0.500614
357.216346  0.0 0.201680 1.0 0.229290 2.0 0.254108 3.0 0.276479 4.0 0.296703 5.0 0.315046 6.0 0.331736 7.0 0.346974 8.0 0.360933 9.0 0.373761 10.0 0.385590 11.0 0.396528 12.0 0.406668 13.0 0.416093 14.0 0.424864 15.0 0.433040 16.0 0.440667 17.0 0.447778 18.0 0.454412 19.0 0.460588 20.0 0.466329 21.0 0.471652 22.0 0.476577 23.0 0.481113 24.0 0.485281 25.0 0.489093 26.0 0.492567 27.0 0.495727 28.0 0.498597 29.0 0.501207 30.0 0.503591
377.814438  0.0 0.202947 1.0 0.230724 2.0 0.255691 3.0 0.278195 4.0 0.298540 5.0 0.316991 6.0 0.333779 7.0 0.349106 8.0 0.363146 9.0 0.376048 10.0 0.387946 11.0 0.398946 12.0 0.409145 13.0 0.418624 14.0 0.427445 15.0 0.435668 16.0 0.443337 17.0 0.450489 18.0 0.457159 19.0 0.463370 20.0 0.469142 21.0 0.474494 22.0 0.479447 23.0 0.484007 24.0 0.488198 25.0 0.492030 26.0 0.495523 27.0 0.498700 28.0 0.501585 29.0 0.504208 30.0 0.506604
399.600273  0.0 0.204230 1.0 0.232176 2.0 0.257294 3.0 0.279933 4.0 0.300398 5.0 0.318959 6.0 0.335846 7.0 0.351263 8.0 0.365386 9.0 0.378364 10.0 0.390330 11.0 0.401394 12.0 0.411652 13.0 0.421186 14.0 0.430058 15.0 0.438327 16.0 0.446040 17.0 0.453232 18.0 0.459939 19.0 0.466185 20.0 0.471989 21.0 0.477372 22.0 0.482351 23.0 0.486936 24.0 0.491150 25.0 0.495003 26.0 0.498515 27.0 0.501709 28.0 0.504609 29.0 0.507245 30.0 0.509654
422.642341  0.0 0.205529 1.0 0.233647 2.0 0.258917 3.0 0.281693 4.0 0.302280 5.0 0.320952 6.0 0.337939 7.0 0.353447 8.0 0.367653 9.0 0.380708 10.0 0.392744 11.0 0.403872 12.0 0.414190 13.0 0.423779 14.0 0.432702 15.0 0.441019 16.0 0.448775 17.0 0.456010 18.0 0.462753 19.0 0.469034 20.0 0.474871 21.0 0.480285 22.0 0.485291 23.0 0.489901 24.0 0.494137 25.0 0.498012 26.0 0.501543 27.0 0.504754 28.0 0.507669 29.0 0.510319 30.0 0.512740
447.013078  0.0 0.206845 1.0 0.235136 2.0 0.260560 3.0 0.283474 4.0 0.304186 5.0 0.322970 6.0 0.340059 7.0 0.355659 8.0 0.369949 9.0 0.383081 10.0 0.395188 11.0 0.406381 12.0 0.416760 13.0 0.426404 14.0 0.435379 15.0 0.443744 16.0 0.451545 17.0 0.458821 18.0 0.465602 19.0 0.471919 20.0 0.477788 21.0 0.483233 22.0 0.488266 23.0 0.492903 24.0 0.497161 25.0 0.501057 26.0 0.504608 27.0 0.507836 28.0 0.510767 29.0 0.513431 30.0 0.515865
472.789100  0.0 0.208178 1.0 0.236644 2.0 0.262225 3.0 0.285279 4.0 0.306116 5.0 0.325013 6.0 0.342205 7.0 0.357898 8.0 0.372274 9.0 0.385484 10.0 0.397663 11.0 0.408922 12.0 0.419362 13.0 0.429062 14.0 0.438090 15.0 0.446503 16.0 0.454349 17.0 0.461667 18.0 0.468486 19.0 0.474839 20.0 0.480741 21.0 0.486217 22.0 0.491279 23.0 0.495941 24.0 0.500223 25.0 0.504140 26.0 0.507710 27.0 0.510956 28.0 0.513902 29.0 0.516580 30.0 0.519028
500.051440  0.0 0.209528 1.0 0.238172 2.0 0.263911 3.0 0.287106 4.0 0.308071 5.0 0.327082 6.0 0.344378 7.0 0.360166 8.0 0.374627 9.0 0.387917 10.0 0.400168 11.0 0.411495 12.0 0.421996 13.0 0.431753 14.0 0.440834 15.0 0.449296 16.0 0.457187 17.0 0.464548 18.0 0.471407 19.0 0.477795 20.0 0.483732 21.0 0.489239 22.0 0.494328 23.0 0.499017 24.0 0.503322 25.0 0.507261 26.0 0.510851 27.0 0.514114 28.0 0.517077 29.0 0.519769 30.0 0.522230
528.885802  0.0 0.210896 1.0 0.239719 2.0 0.265618 3.0 0.288957 4.0 0.310050 5.0 0.329178 6.0 0.346579 7.0 0.362462 8.0 0.377011 9.0 0.390380 10.0 0.402705 11.0 0.414100 12.0 0.424664 13.0 0.434478 14.0 0.443613 15.0 0.452125 16.0 0.460062 17.0 0.467465 18.0 0.474364 19.0 0.480788 20.0 0.486760 21.0 0.492298 22.0 0.497416 23.0 0.502132 24.0 0.506460 25.0 0.510421 26.0 0.514031 27.0 0.517312 28.0 0.520290 29.0 0.522997 30.0 0.525472
559.382834  0.0 0.212281 1.0 0.241287 2.0 0.267348 3.0 0.290832 4.0 0.312055 5.0 0.331301 6.0 0.348808 7.0 0.364788 8.0 0.379425 9.0 0.392876 10.0 0.405275 11.0 0.416738 12.0 0.427365 13.0 0.437238 14.0 0.446426 15.0 0.454989 16.0 0.462972 17.0 0.470420 18.0 0.477359 19.0 0.483820 20.0 0.489826 21.0 0.495395 22.0 0.500542 23.0 0.505285 24.0 0.509637 25.0 0.513621 26.0 0.517251 27.0 0.520550 28.0 0.523544 29.0 0.526265 30.0 0.528754
591.638410  0.0 0.213685 1.0 0.242875 2.0 0.269100 3.0 0.292731 4.0 0.314087 5.0 0.333451 6.0 0.351066 7.0 0.367144 8.0 0.381871 9.0 0.395403 10.0 0.407877 11.0 0.419409 12.0 0.430100 13.0 0.440032 14.0 0.449276 15.0 0.457889 16.0 0.465920 17.0 0.473411 18.0 0.480391 19.0 0.486890 20.0 0.492931 21.0 0.498532 22.0 0.503708 23.0 0.508478 24.0 0.512855 25.0 0.516861 26.0 0.520511 27.0 0.523828 28.0 0.526839 29.0 0.529575 30.0 0.532078
625.753932  0.0 0.215107 1.0 0.244484 2.0 0.270876 3.0 0.294655 4.0 0.316144 5.0 0.335629 6.0 0.353353 7.0 0.369531 8.0 0.384348 9.0 0.397963 10.0 0.410513 11.0 0.422115 12.0 0.432871 13.0 0.442863 14.0 0.452162 15.0 0.460827 16.0 0.468906 17.0 0.476441 18.0 0.483462 19.0 0.489999 20.0 0.496075 21.0 0.501709 22.0 0.506914 23.0 0.511712 24.0 0.516113 25.0 0.520142 26.0 0.523813 27.0 0.527149 28.0 0.530176 29.0 0.532927 30.0 0.535443
661.836651  0.0 0.216548 1.0 0.246114 2.0 0.272675 3.0 0.296604 4.0 0.318229 5.0 0.337836 6.0 0.355670 7.0 0.371948 8.0 0.386857 9.0 0.400556 10.0 0.413183 11.0 0.424856 12.0 0.435678 13.0 0.445730 14.0 0.455086 15.0 0.463803 16.0 0.471930 17.0 0.479510 18.0 0.486573 19.0 0.493148 20.0 0.499260 21.0 0.504926 22.0 0.510162 23.0 0.514987 24.0 0.519413 25.0 0.523465 26.0 0.527157 27.0 0.530511 28.0 0.533556 29.0 0.536322 30.0 0.538852
700.000000  0.0 0.218009 1.0 0.247766 2.0 0.274497 3.0 0.298580 4.0 0.320341 5.0 0.340072 6.0 0.358018 7.0 0.374397 8.0 0.389399 9.0 0.403183 10.0 0.415888 11.0 0.427633 12.0 0.438521 13.0 0.448635 14.0 0.458048 15.0 0.466817 16.0 0.474993 17.0 0.482619 18.0 0.489723 19.0 0.496338 20.0 0.502485 21.0 0.508185 22.0 0.513451 23.0 0.518304 24.0 0.522756 25.0 0.526831 26.0 0.530543 27.0 0.533917 28.0 0.536978 29.0 0.539760 30.0 0.542304
