1.000000  0.0 nan 1.0 nan 2.0 nan 3.0 nan 4.0 nan 5.0 nan 6.0 nan 7.0 nan 8.0 nan 9.0 nan 10.0 nan 11.0 nan 12.0 nan 13.0 nan 14.0 nan 15.0 nan 16.0 nan 17.0 nan 18.0 nan 19.0 nan 20.0 nan 21.0 nan 22.0 nan 23.0 nan 24.0 nan 25.0 nan 26.0 nan 27.0 nan 28.0 nan 29.0 nan 30.0 nan
1.033468  0.0 nan 1.0 nan 2.0 nan 3.0 nan 4.0 nan 5.0 nan 6.0 nan 7.0 nan 8.0 nan 9.0 nan 10.0 nan 11.0 nan 12.0 nan 13.0 nan 14.0 nan 15.0 nan 16.0 nan 17.0 nan 18.0 nan 19.0 nan 20.0 nan 21.0 nan 22.0 nan 23.0 nan 24.0 nan 25.0 nan 26.0 nan 27.0 nan 28.0 nan 29.0 nan 30.0 nan
1.068056  0.0 nan 1.0 nan 2.0 nan 3.0 nan 4.0 nan 5.0 nan 6.0 nan 7.0 nan 8.0 nan 9.0 nan 10.0 nan 11.0 nan 12.0 nan 13.0 nan 14.0 nan 15.0 nan 16.0 nan 17.0 nan 18.0 nan 19.0 nan 20.0 nan 21.0 nan 22.0 nan 23.0 nan 24.0 nan 25.0 nan 26.0 nan 27.0 nan 28.0 nan 29.0 nan 30.0 nan
1.103801  0.0 nan 1.0 nan 2.0 nan 3.0 nan 4.0 nan 5.0 nan 6.0 nan 7.0 nan 8.0 nan 9.0 nan 10.0 nan 11.0 nan 12.0 nan 13.0 nan 14.0 nan 15.0 nan 16.0 nan 17.0 nan 18.0 nan 19.0 nan 20.0 nan 21.0 nan 22.0 nan 23.0 nan 24.0 nan 25.0 nan 26.0 nan 27.0 nan 28.0 nan 29.0 nan 30.0 nan
1.140743  0.0 nan 1.0 nan 2.0 nan 3.0 nan 4.0 nan 5.0 nan 6.0 nan 7.0 nan 8.0 nan 9.0 nan 10.0 nan 11.0 nan 12.0 nan 13.0 nan 14.0 nan 15.0 nan 16.0 nan 17.0 nan 18.0 nan 19.0 nan 20.0 nan 21.0 nan 22.0 nan 23.0 nan 24.0 nan 25.0 nan 26.0 nan 27.0 nan 28.0 nan 29.0 nan 30.0 nan
1.178921  0.0 nan 1.0 nan 2.0 nan 3.0 nan 4.0 nan 5.0 nan 6.0 nan 7.0 nan 8.0 nan 9.0 nan 10.0 nan 11.0 nan 12.0 nan 13.0 nan 14.0 nan 15.0 nan 16.0 nan 17.0 nan 18.0 nan 19.0 nan 20.0 nan 21.0 nan 22.0 nan 23.0 nan 24.0 nan 25.0 nan 26.0 nan 27.0 nan 28.0 nan 29.0 nan 30.0 nan
1.218377  0.0 nan 1.0 nan 2.0 nan 3.0 nan 4.0 nan 5.0 nan 6.0 nan 7.0 nan 8.0 nan 9.0 nan 10.0 nan 11.0 nan 12.0 nan 13.0 nan 14.0 nan 15.0 nan 16.0 nan 17.0 nan 18.0 nan 19.0 nan 20.0 nan 21.0 nan 22.0 nan 23.0 nan 24.0 nan 25.0 nan 26.0 nan 27.0 209.126003 28.0 207.938630 29.0 206.769599 30.0 205.629082
1.259154  0.0 nan 1.0 nan 2.0 nan 3.0 nan 4.0 nan 5.0 nan 6.0 nan 7.0 nan 8.0 nan 9.0 nan 10.0 nan 11.0 nan 12.0 nan 13.0 nan 14.0 nan 15.0 nan 16.0 nan 17.0 nan 18.0 nan 19.0 nan 20.0 nan 21.0 209.476881 22.0 208.286129 23.0 207.103715 24.0 205.927243 25.0 204.755357 26.0 203.588152 27.0 202.427602 28.0 201.277908 29.0 200.145964 30.0 199.041649
1.301295  0.0 nan 1.0 nan 2.0 nan 3.0 nan 4.0 nan 5.0 nan 6.0 nan 7.0 nan 8.0 nan 9.0 nan 10.0 nan 11.0 nan 12.0 nan 13.0 nan 14.0 nan 15.0 209.531490 16.0 208.383539 17.0 207.251526 18.0 206.135619 19.0 205.034577 20.0 203.936603 21.0 202.772369 22.0 201.619218 23.0 200.474145 24.0 199.334881 25.0 198.200063 26.0 197.069831 27.0 195.946043 28.0 194.832809 29.0 193.736750 30.0 192.667468
1.344847  0.0 nan 1.0 nan 2.0 nan 3.0 nan 4.0 nan 5.0 nan 6.0 nan 7.0 nan 8.0 nan 9.0 nan 10.0 208.488495 11.0 207.368439 12.0 206.232901 13.0 205.093001 14.0 203.957274 15.0 202.831562 16.0 201.719636 17.0 200.623144 18.0 199.542305 19.0 198.475859 20.0 197.412442 21.0 196.284888 22.0 195.168121 23.0 194.059181 24.0 192.955921 25.0 191.856972 26.0 190.762516 27.0 189.674300 28.0 188.596347 29.0 187.535013 30.0 186.499629
1.389856  0.0 nan 1.0 nan 2.0 nan 3.0 nan 4.0 nan 5.0 209.662960 6.0 208.175223 7.0 206.620914 8.0 205.022120 9.0 203.398565 10.0 201.828853 11.0 200.743610 12.0 199.643487 13.0 198.539174 14.0 197.438985 15.0 196.348504 16.0 195.271439 17.0 194.209320 18.0 193.162415 19.0 192.129454 20.0 191.099466 21.0 190.007417 22.0 188.925848 23.0 187.851875 24.0 186.783451 25.0 185.719209 26.0 184.659372 27.0 183.605577 28.0 182.561764 29.0 181.534029 30.0 180.531447
1.436371  0.0 205.163918 1.0 206.577078 2.0 206.329898 3.0 205.363910 4.0 204.250885 5.0 202.975356 6.0 201.533467 7.0 200.027301 8.0 198.478243 9.0 196.905392 10.0 195.384764 11.0 194.333225 12.0 193.267356 13.0 192.197500 14.0 191.131679 15.0 190.075313 16.0 189.031959 17.0 188.003127 18.0 186.989032 19.0 185.988492 20.0 184.990835 21.0 183.933158 22.0 182.885632 23.0 181.845516 24.0 180.810781 25.0 179.780145 26.0 178.753785 27.0 177.733312 28.0 176.722519 29.0 175.727306 30.0 174.756455
1.484444  0.0 198.635441 1.0 200.000417 2.0 199.758295 3.0 198.820642 4.0 197.740934 5.0 196.504205 6.0 195.106666 7.0 193.647088 8.0 192.146173 9.0 190.622374 10.0 189.149243 11.0 188.130333 12.0 187.097598 13.0 186.061094 14.0 185.028521 15.0 184.005174 16.0 182.994434 17.0 181.997815 18.0 181.015468 19.0 180.046300 20.0 179.079928 21.0 178.055511 22.0 177.040928 23.0 176.033574 24.0 175.031436 25.0 174.033323 26.0 173.039353 27.0 172.051133 28.0 171.072284 29.0 170.108554 30.0 169.168394
1.534125  0.0 192.318243 1.0 193.636565 2.0 193.399346 3.0 192.489119 4.0 191.441654 5.0 190.242493 6.0 188.887854 7.0 187.473359 8.0 186.019053 9.0 184.542702 10.0 183.115532 11.0 182.128199 12.0 181.127525 13.0 180.123297 14.0 179.122896 15.0 178.131501 16.0 177.152321 17.0 176.186874 18.0 175.235247 19.0 174.296439 20.0 173.360339 21.0 172.368107 22.0 171.385400 23.0 170.409749 24.0 169.439154 25.0 168.472512 26.0 167.509885 27.0 166.552875 28.0 165.604934 29.0 164.671670 30.0 163.761207
1.585469  0.0 186.205438 1.0 187.478625 2.0 187.246159 3.0 186.362478 4.0 185.346218 5.0 184.183416 6.0 182.870292 7.0 181.499424 8.0 180.090222 9.0 178.659786 10.0 177.277093 11.0 176.320316 12.0 175.350667 13.0 174.377673 14.0 173.408405 15.0 172.447930 16.0 171.499288 17.0 170.564006 18.0 169.642106 19.0 168.732675 20.0 167.825869 21.0 166.864782 22.0 165.912919 23.0 164.967947 24.0 164.027874 25.0 163.091685 26.0 162.159386 27.0 161.232577 28.0 160.314545 29.0 159.410761 30.0 158.529033
1.638531  0.0 180.290403 1.0 181.519925 2.0 181.292066 3.0 180.434080 4.0 179.448021 5.0 178.320406 6.0 177.047458 7.0 175.718821 8.0 174.353255 9.0 172.967250 10.0 171.627597 11.0 170.700391 12.0 169.760765 13.0 168.817995 14.0 167.878852 15.0 166.948299 16.0 166.029208 17.0 165.123117 18.0 164.229982 19.0 163.348980 20.0 162.470523 21.0 161.539571 22.0 160.617555 23.0 159.702270 24.0 158.791731 25.0 157.885011 26.0 156.982059 27.0 156.084474 28.0 155.195382 29.0 154.320126 30.0 153.466203
1.693369  0.0 174.566726 1.0 175.754027 2.0 175.530614 3.0 174.697500 4.0 173.740677 5.0 172.647110 6.0 171.413042 7.0 170.125298 8.0 168.801935 9.0 167.458926 10.0 166.160931 11.0 165.262333 12.0 164.351773 13.0 163.438239 14.0 162.528261 15.0 161.626649 16.0 160.736170 17.0 159.858311 18.0 158.993033 19.0 158.139519 20.0 157.288519 21.0 156.386704 22.0 155.493591 23.0 154.607011 24.0 153.725066 25.0 152.846846 26.0 151.972299 27.0 151.102987 28.0 150.241899 29.0 149.394246 30.0 148.567230
1.750042  0.0 169.028207 1.0 170.174685 2.0 169.955579 3.0 169.146521 4.0 168.218028 5.0 167.157379 6.0 165.960937 7.0 164.712767 8.0 163.430245 9.0 162.128843 10.0 160.871187 11.0 160.000248 12.0 159.117835 13.0 158.232572 14.0 157.350836 15.0 156.477213 16.0 155.614435 17.0 154.763881 18.0 153.925568 19.0 153.098646 20.0 152.274216 21.0 151.400594 22.0 150.535457 23.0 149.676648 24.0 148.822384 25.0 147.971731 26.0 147.124689 27.0 146.282716 28.0 145.448750 29.0 144.627785 30.0 143.826828
1.808613  0.0 163.668841 1.0 164.775831 2.0 164.560924 3.0 163.775127 4.0 162.874054 5.0 161.845264 6.0 160.685242 7.0 159.475364 8.0 158.232364 9.0 156.971225 10.0 155.752607 11.0 154.908434 12.0 154.053259 13.0 153.195355 14.0 152.340948 15.0 151.494409 16.0 150.658438 17.0 149.834306 18.0 149.022087 19.0 148.220897 20.0 147.422180 21.0 146.575840 22.0 145.737773 23.0 144.905837 24.0 144.078360 25.0 143.254383 26.0 142.433956 27.0 141.618437 28.0 140.810718 29.0 140.015575 30.0 139.239836
1.869143  0.0 158.482821 1.0 159.551612 2.0 159.340780 3.0 158.577497 4.0 157.702965 5.0 156.705008 6.0 155.580264 7.0 154.407412 8.0 153.202659 9.0 151.980494 10.0 150.799645 11.0 149.981372 12.0 149.152557 13.0 148.321127 14.0 147.493168 15.0 146.672837 16.0 145.862809 17.0 145.064244 18.0 144.277276 19.0 143.500987 20.0 142.727151 21.0 141.907211 22.0 141.095340 23.0 140.289408 24.0 139.487852 25.0 138.689687 26.0 137.895016 27.0 137.105096 28.0 136.322775 29.0 135.552619 30.0 134.801282
1.931699  0.0 153.464528 1.0 154.496368 2.0 154.289488 3.0 153.547999 4.0 152.699157 5.0 151.731040 6.0 150.640439 7.0 149.503418 8.0 148.335678 9.0 147.151255 10.0 146.006931 11.0 145.213722 12.0 144.410417 13.0 143.604607 14.0 142.802243 15.0 142.007272 16.0 141.222349 17.0 140.448526 18.0 139.685994 19.0 138.933799 20.0 138.184043 21.0 137.389648 22.0 136.603128 23.0 135.822358 24.0 135.045886 25.0 134.272699 26.0 133.502951 27.0 132.737800 28.0 131.980057 29.0 131.234080 30.0 130.506356
1.996349  0.0 148.608533 1.0 149.604619 2.0 149.401575 3.0 148.681208 4.0 147.857208 5.0 146.917971 6.0 145.860414 7.0 144.758070 8.0 143.626148 9.0 142.478251 10.0 141.369272 11.0 140.600338 12.0 139.821701 13.0 139.040702 14.0 138.263087 15.0 137.492677 16.0 136.732030 17.0 135.982169 18.0 135.243265 19.0 134.514414 20.0 133.787931 21.0 133.018282 22.0 132.256267 23.0 131.499864 24.0 130.747647 25.0 129.998640 26.0 129.253000 27.0 128.511820 28.0 127.777858 29.0 127.055277 30.0 126.350404
2.063163  0.0 143.909605 1.0 144.871066 2.0 144.671743 3.0 143.971843 4.0 143.171869 5.0 142.260625 6.0 141.235009 7.0 140.166223 8.0 139.068992 9.0 137.956415 10.0 136.881642 11.0 136.136217 12.0 135.381436 13.0 134.624461 14.0 133.870782 15.0 133.124154 16.0 132.386985 17.0 131.660325 18.0 130.944273 19.0 130.238016 20.0 129.534050 21.0 128.788352 22.0 128.050047 23.0 127.317234 24.0 126.588478 25.0 125.862886 26.0 125.140557 27.0 124.422598 28.0 123.711623 29.0 123.011705 30.0 122.328921
2.132212  0.0 139.362611 1.0 140.290579 2.0 140.094868 3.0 139.414782 4.0 138.638063 5.0 137.753916 6.0 136.759211 7.0 135.722902 8.0 134.659255 9.0 133.580849 10.0 132.539178 11.0 131.816504 12.0 131.084809 13.0 130.351085 14.0 129.620569 15.0 128.896956 16.0 128.182506 17.0 127.478297 18.0 126.784360 19.0 126.099967 20.0 125.417792 21.0 124.695272 22.0 123.979909 23.0 123.269925 24.0 122.563871 25.0 121.860939 26.0 121.161166 27.0 120.465678 28.0 119.776946 29.0 119.098962 30.0 118.437549
2.203573  0.0 134.962626 1.0 135.858194 2.0 135.665989 3.0 135.005087 4.0 134.250878 5.0 133.392958 6.0 132.428169 7.0 131.423296 8.0 130.392148 9.0 129.346810 10.0 128.337174 11.0 127.636519 12.0 126.927164 13.0 126.215942 14.0 125.507840 15.0 124.806501 16.0 124.114037 17.0 123.431555 18.0 122.759017 19.0 122.095784 20.0 121.434695 21.0 120.734604 22.0 120.041442 23.0 119.353551 24.0 118.669464 25.0 117.988460 26.0 117.310514 27.0 116.636771 28.0 115.969563 29.0 115.312805 30.0 114.672071
2.277322  0.0 130.704880 1.0 131.569154 2.0 131.380307 3.0 130.737980 4.0 130.005575 5.0 129.173027 6.0 128.237191 7.0 127.262778 8.0 126.263046 9.0 125.249711 10.0 124.271077 11.0 123.591731 12.0 122.903999 13.0 122.214551 14.0 121.528140 15.0 120.848356 16.0 120.177167 17.0 119.515713 18.0 118.863887 19.0 118.221127 20.0 117.580454 21.0 116.902057 22.0 116.230381 23.0 115.563867 24.0 114.901037 25.0 114.241253 26.0 113.584429 27.0 112.931729 28.0 112.285348 29.0 111.649129 30.0 111.028406
2.353539  0.0 126.584761 1.0 127.418772 2.0 127.233223 3.0 126.608836 4.0 125.897569 5.0 125.089548 6.0 124.181735 7.0 123.236803 8.0 122.267475 9.0 121.285110 10.0 120.336518 11.0 119.677758 12.0 119.010985 13.0 118.342576 14.0 117.677191 15.0 117.018232 16.0 116.367666 17.0 115.726527 18.0 115.094774 19.0 114.471796 20.0 113.850901 21.0 113.193478 22.0 112.542622 23.0 111.896765 24.0 111.254530 25.0 110.615258 26.0 109.978886 27.0 109.346534 28.0 108.720314 29.0 108.103966 30.0 107.502609
2.432307  0.0 122.597803 1.0 123.402545 2.0 123.220206 3.0 122.613180 4.0 121.922378 5.0 121.138097 6.0 120.257428 7.0 119.341009 8.0 118.401106 9.0 117.448712 10.0 116.529195 11.0 115.890357 12.0 115.243869 13.0 114.595820 14.0 113.950785 15.0 113.311979 16.0 112.681371 17.0 112.059891 18.0 111.447563 19.0 110.843730 20.0 110.241975 21.0 109.604847 22.0 108.974140 23.0 108.348274 24.0 107.725974 25.0 107.106543 26.0 106.489979 27.0 105.877304 28.0 105.270614 29.0 104.673472 30.0 104.090880
2.513711  0.0 118.739688 1.0 119.516122 2.0 119.336900 3.0 118.746685 4.0 118.075694 5.0 117.314393 6.0 116.460018 7.0 115.571173 8.0 114.659747 9.0 113.736382 10.0 112.844984 11.0 112.225426 12.0 111.598570 13.0 110.970223 14.0 110.344882 15.0 109.725579 16.0 109.114287 17.0 108.511831 18.0 107.918303 19.0 107.332996 20.0 106.749764 21.0 106.132275 22.0 105.521068 23.0 104.914546 24.0 104.311539 25.0 103.711309 26.0 103.113912 27.0 102.520277 28.0 101.932488 29.0 101.353930 30.0 100.789498
2.597839  0.0 115.006259 1.0 115.755291 2.0 115.579099 3.0 115.005182 4.0 114.353350 5.0 113.614292 6.0 112.785370 7.0 111.923211 8.0 111.039346 9.0 110.144095 10.0 109.279891 11.0 108.678991 12.0 108.071137 13.0 107.461857 14.0 106.855577 15.0 106.255147 16.0 105.662548 17.0 105.078502 18.0 104.503169 19.0 103.935789 20.0 103.370484 21.0 102.772001 22.0 102.179664 23.0 101.591860 24.0 101.007524 25.0 100.425874 26.0 99.847026 27.0 99.271816 28.0 98.702318 29.0 98.141743 30.0 97.594884
2.684783  0.0 111.393480 1.0 112.115977 2.0 111.942730 3.0 111.384623 4.0 110.751312 5.0 110.033821 6.0 109.229500 7.0 108.393171 8.0 107.535994 9.0 106.667938 10.0 105.830054 11.0 105.247249 12.0 104.657747 13.0 104.066953 14.0 103.479088 15.0 102.896950 16.0 102.322415 17.0 101.756213 18.0 101.198460 19.0 100.648462 20.0 100.100473 21.0 99.520411 22.0 98.946307 23.0 98.376636 24.0 97.810349 25.0 97.246687 26.0 96.685782 27.0 96.128400 28.0 95.576603 29.0 95.033430 30.0 94.503577
2.774637  0.0 107.897405 1.0 108.594239 2.0 108.423854 3.0 107.881058 4.0 107.265677 5.0 106.569077 6.0 105.788556 7.0 104.977226 8.0 104.145909 9.0 103.304146 10.0 102.491734 11.0 101.926445 12.0 101.354703 13.0 100.781806 14.0 100.211755 15.0 99.647330 16.0 99.090268 17.0 98.541343 18.0 98.000596 19.0 97.467422 20.0 96.936188 21.0 96.373957 22.0 95.817493 23.0 95.265384 24.0 94.716551 25.0 94.170319 26.0 93.626754 27.0 93.086655 28.0 92.551956 29.0 92.025646 30.0 91.512228
2.867499  0.0 104.514246 1.0 105.186285 2.0 105.018659 3.0 104.490691 4.0 103.892669 5.0 103.216293 6.0 102.458810 7.0 101.671683 8.0 100.865390 9.0 100.049072 10.0 99.261314 11.0 98.712980 12.0 98.158424 13.0 97.602849 14.0 97.050040 15.0 96.502758 16.0 95.962604 17.0 95.430401 18.0 94.906110 19.0 94.389219 20.0 93.874199 21.0 93.329226 22.0 92.789832 23.0 92.254719 24.0 91.722775 25.0 91.193411 26.0 90.666626 27.0 90.143253 28.0 89.625100 29.0 89.115116 30.0 88.617593
2.963468  0.0 101.240337 1.0 101.888431 2.0 101.723480 3.0 101.209849 4.0 100.628668 5.0 99.971837 6.0 99.236654 7.0 98.472993 8.0 97.690881 9.0 96.899192 10.0 96.135295 11.0 95.603371 12.0 95.065449 13.0 94.526639 14.0 93.990515 15.0 93.459825 16.0 92.936035 17.0 92.420016 18.0 91.911651 19.0 91.410518 20.0 90.911189 21.0 90.382918 22.0 89.860043 23.0 89.341379 24.0 88.825778 25.0 88.312739 26.0 87.802191 27.0 87.295006 28.0 86.792864 29.0 86.298678 30.0 85.816538
3.062648  0.0 98.072134 1.0 98.697072 2.0 98.534753 3.0 98.034977 4.0 97.470120 5.0 96.832195 6.0 96.118596 7.0 95.377651 8.0 94.618944 9.0 93.851091 10.0 93.110332 11.0 92.594248 12.0 92.072467 13.0 91.549842 14.0 91.029900 15.0 90.515236 16.0 90.007312 17.0 89.506926 18.0 89.014004 19.0 88.528092 20.0 88.043984 21.0 87.531840 22.0 87.024975 23.0 86.522206 24.0 86.022434 25.0 85.525181 26.0 85.030348 27.0 84.538826 28.0 84.052177 29.0 83.573281 30.0 83.106026
3.165149  0.0 95.006203 1.0 95.608752 2.0 95.448995 3.0 94.962635 4.0 94.413588 5.0 93.793964 6.0 93.101305 7.0 92.382304 8.0 91.646250 9.0 90.901467 10.0 90.183104 11.0 89.682352 12.0 89.176193 13.0 88.669233 14.0 88.164960 15.0 87.665798 16.0 87.173239 17.0 86.687974 18.0 86.210005 19.0 85.738817 20.0 85.269440 21.0 84.772904 22.0 84.281544 23.0 83.794147 24.0 83.309714 25.0 82.827717 26.0 82.348123 27.0 81.871727 28.0 81.400096 29.0 80.935972 30.0 80.483141
3.271080  0.0 92.039265 1.0 92.620125 2.0 92.462861 3.0 91.989517 4.0 91.455758 5.0 90.853853 6.0 90.181471 7.0 89.483707 8.0 88.769579 9.0 88.047167 10.0 87.350441 11.0 86.864528 12.0 86.373490 13.0 85.881691 14.0 85.392583 15.0 84.908425 16.0 84.430738 17.0 83.960106 18.0 83.496611 19.0 83.039672 20.0 82.584553 21.0 82.103121 22.0 81.626767 23.0 81.154244 24.0 80.684657 25.0 80.217423 26.0 79.752577 27.0 79.290820 28.0 78.833730 29.0 78.383893 30.0 77.945032
3.380556  0.0 89.168088 1.0 89.727953 2.0 89.573118 3.0 89.112417 4.0 88.593428 5.0 88.008710 6.0 87.355926 7.0 86.678718 8.0 85.985817 9.0 85.285060 10.0 84.609273 11.0 84.137742 12.0 83.661323 13.0 83.184208 14.0 82.709767 15.0 82.240135 16.0 81.776837 17.0 81.320371 18.0 80.870880 19.0 80.427737 20.0 79.986412 21.0 79.519598 22.0 79.057766 23.0 78.599639 24.0 78.144419 25.0 77.691472 26.0 77.240899 27.0 76.793307 28.0 76.350290 29.0 75.914279 30.0 75.488938
3.493696  0.0 86.389540 1.0 86.929105 2.0 86.776635 3.0 86.328183 4.0 85.823497 5.0 85.255441 6.0 84.621609 7.0 83.964300 8.0 83.291991 9.0 82.612151 10.0 81.956631 11.0 81.499046 12.0 81.036751 13.0 80.573881 14.0 80.113605 15.0 79.658068 16.0 79.208661 17.0 78.765942 18.0 78.329969 19.0 77.900210 20.0 77.472202 21.0 77.019572 22.0 76.571760 23.0 76.127589 24.0 75.686249 25.0 75.247142 26.0 74.810367 27.0 74.376487 28.0 73.947086 29.0 73.524454 30.0 73.112198
3.610622  0.0 83.700613 1.0 84.220607 2.0 84.070384 3.0 83.633799 4.0 83.142965 5.0 82.591044 6.0 81.975559 7.0 81.337523 8.0 80.685137 9.0 80.025544 10.0 79.389641 11.0 78.945558 12.0 78.496932 13.0 78.047850 14.0 77.601285 15.0 77.159391 16.0 76.723428 17.0 76.294014 18.0 75.871124 19.0 75.454320 20.0 75.039201 21.0 74.600298 22.0 74.166053 23.0 73.735400 24.0 73.307482 25.0 72.881790 26.0 72.458348 27.0 72.037769 28.0 71.621513 29.0 71.211858 30.0 70.812236
3.731462  0.0 81.098394 1.0 81.599474 2.0 81.451492 3.0 81.026348 4.0 80.548984 5.0 80.012632 6.0 79.414910 7.0 78.795572 8.0 78.162433 9.0 77.522436 10.0 76.905527 11.0 76.474509 12.0 76.039115 13.0 75.603380 14.0 75.170084 15.0 74.741397 16.0 74.318444 17.0 73.901910 18.0 73.491682 19.0 73.087417 20.0 72.684771 21.0 72.259155 22.0 71.838040 23.0 71.420471 24.0 71.005542 25.0 70.592833 26.0 70.182295 27.0 69.774587 28.0 69.371054 29.0 68.973961 30.0 68.586561
3.856346  0.0 78.580067 1.0 79.062862 2.0 78.917069 3.0 78.503005 4.0 78.038691 5.0 77.517413 6.0 76.936904 7.0 76.335654 8.0 75.721145 9.0 75.100118 10.0 74.501638 11.0 74.083225 12.0 73.660682 13.0 73.237823 14.0 72.817404 15.0 72.401466 16.0 71.991134 17.0 71.587039 18.0 71.189090 19.0 70.796938 20.0 70.406391 21.0 69.993608 22.0 69.585212 23.0 69.180294 24.0 68.777935 25.0 68.377791 26.0 67.979740 27.0 67.584491 28.0 67.193268 29.0 66.808334 30.0 66.432761
3.985410  0.0 76.142950 1.0 76.608026 2.0 76.464367 3.0 76.061047 4.0 75.609365 5.0 75.102685 6.0 74.538880 7.0 73.955103 8.0 73.358630 9.0 72.755978 10.0 72.175327 11.0 71.769114 12.0 71.359014 13.0 70.948616 14.0 70.540673 15.0 70.137064 16.0 69.738963 17.0 69.346893 18.0 68.960846 19.0 68.580400 20.0 68.201577 21.0 67.801201 22.0 67.405142 23.0 67.012441 24.0 66.622285 25.0 66.234265 26.0 65.848325 27.0 65.465107 28.0 65.085813 29.0 64.712632 30.0 64.348513
4.118793  0.0 73.784383 1.0 74.232306 2.0 74.090730 3.0 73.697873 4.0 73.258378 5.0 72.765851 6.0 72.218203 7.0 71.651343 8.0 71.072328 9.0 70.487502 10.0 69.924073 11.0 69.529671 12.0 69.131617 13.0 68.733280 14.0 68.337413 15.0 67.945739 16.0 67.559478 17.0 67.179045 18.0 66.804519 19.0 66.435403 20.0 66.067928 21.0 65.679560 22.0 65.295441 23.0 64.914565 24.0 64.536220 25.0 64.159934 26.0 63.785724 27.0 63.414140 28.0 63.046411 29.0 62.684583 30.0 62.331575
4.256640  0.0 71.501790 1.0 71.933141 2.0 71.793589 3.0 71.410874 4.0 70.983182 5.0 70.504403 6.0 69.972361 7.0 69.421877 8.0 68.859800 9.0 68.292195 10.0 67.745440 11.0 67.362513 12.0 66.976078 13.0 66.589447 14.0 66.205240 15.0 65.825137 16.0 65.450317 17.0 65.081164 18.0 64.717774 19.0 64.359640 20.0 64.003133 21.0 63.626395 22.0 63.253826 23.0 62.884393 24.0 62.517480 25.0 62.152549 26.0 61.789694 27.0 61.429367 28.0 61.072832 29.0 60.721991 30.0 60.379737
4.399100  0.0 69.292700 1.0 69.708091 2.0 69.570468 3.0 69.197573 4.0 68.781318 5.0 68.315851 6.0 67.798920 7.0 67.264297 8.0 66.718632 9.0 66.167682 10.0 65.637067 11.0 65.265256 12.0 64.890063 13.0 64.514780 14.0 64.141843 15.0 63.772967 16.0 63.409196 17.0 63.050989 18.0 62.698351 19.0 62.350873 20.0 62.004957 21.0 61.639507 22.0 61.278085 23.0 60.919761 24.0 60.563879 25.0 60.209959 26.0 59.858072 27.0 59.508649 28.0 59.162939 29.0 58.822730 30.0 58.490884
4.546329  0.0 67.154723 1.0 67.554691 2.0 67.419005 3.0 67.055573 4.0 66.650457 5.0 66.197828 6.0 65.695529 7.0 65.176314 8.0 64.646489 9.0 64.111661 10.0 63.596672 11.0 63.235625 12.0 62.871312 13.0 62.507017 14.0 62.144989 15.0 61.786981 16.0 61.433905 17.0 61.086295 18.0 60.744063 19.0 60.406900 20.0 60.071234 21.0 59.716712 22.0 59.366077 23.0 59.018512 24.0 58.673300 25.0 58.330055 26.0 57.988766 27.0 57.649925 28.0 57.314663 29.0 56.984780 30.0 56.662972
4.698485  0.0 65.085569 1.0 65.470610 2.0 65.336817 3.0 64.982557 4.0 64.588236 5.0 64.148039 6.0 63.659934 7.0 63.155616 8.0 62.641125 9.0 62.121907 10.0 61.622095 11.0 61.271420 12.0 60.917680 13.0 60.563983 14.0 60.212541 15.0 59.865028 16.0 59.522321 17.0 59.184954 18.0 58.852805 19.0 58.525617 20.0 58.199883 21.0 57.855927 22.0 57.515733 23.0 57.178582 24.0 56.843697 25.0 56.510784 26.0 56.179752 27.0 55.851153 28.0 55.526003 29.0 55.206115 30.0 54.894019
4.855733  0.0 63.083026 1.0 63.453592 2.0 63.321650 3.0 62.976320 4.0 62.592421 5.0 62.164267 6.0 61.689943 7.0 61.200016 8.0 60.700372 9.0 60.196284 10.0 59.711152 11.0 59.370516 12.0 59.027023 13.0 58.683575 14.0 58.342403 15.0 58.005029 16.0 57.672389 17.0 57.344906 18.0 57.022552 19.0 56.704986 20.0 56.388898 21.0 56.055138 22.0 55.725087 23.0 55.397979 24.0 55.073112 25.0 54.750176 26.0 54.429081 27.0 54.110385 28.0 53.795020 29.0 53.484807 30.0 53.182111
5.018244  0.0 61.144878 1.0 61.501456 2.0 61.371324 3.0 61.034679 4.0 60.660853 5.0 60.244410 6.0 59.783389 7.0 59.307396 8.0 58.822128 9.0 58.332725 10.0 57.861772 11.0 57.530856 12.0 57.197284 13.0 56.863756 14.0 56.532529 15.0 56.204968 16.0 55.882075 17.0 55.564160 18.0 55.251288 19.0 54.943035 20.0 54.636285 21.0 54.312394 22.0 53.992166 23.0 53.674773 24.0 53.359621 25.0 53.046325 26.0 52.734877 27.0 52.425737 28.0 52.119880 29.0 51.818992 30.0 51.525424
5.186194  0.0 59.269030 1.0 59.612158 2.0 59.483729 3.0 59.155508 4.0 58.791443 5.0 58.386363 6.0 57.938208 7.0 57.475709 8.0 57.004416 9.0 56.529177 10.0 56.071952 11.0 55.750499 12.0 55.426482 13.0 55.102599 14.0 54.780959 15.0 54.462925 16.0 54.149441 17.0 53.840807 18.0 53.537096 19.0 53.237874 20.0 52.940148 21.0 52.625815 22.0 52.315089 23.0 52.007101 24.0 51.701351 25.0 51.397385 26.0 51.095276 27.0 50.795383 28.0 50.498731 29.0 50.206868 30.0 49.922141
5.359765  0.0 57.453452 1.0 57.783592 2.0 57.656895 3.0 57.336773 4.0 56.982216 5.0 56.588097 6.0 56.152404 7.0 55.703008 8.0 55.245215 9.0 54.783688 10.0 54.339756 11.0 54.027467 12.0 53.712700 13.0 53.398167 14.0 53.085798 15.0 52.777008 16.0 52.472612 17.0 52.172991 18.0 51.878120 19.0 51.587670 20.0 51.298650 21.0 50.993607 22.0 50.692042 23.0 50.393190 24.0 50.096509 25.0 49.801592 26.0 49.508502 27.0 49.217566 28.0 48.929817 29.0 48.646687 30.0 48.370520
5.539145  0.0 55.696219 1.0 56.013776 2.0 55.888775 3.0 55.576506 4.0 55.231184 5.0 54.847669 6.0 54.424056 7.0 53.987365 8.0 53.542620 9.0 53.094370 10.0 52.663336 11.0 52.359895 12.0 52.054097 13.0 51.748604 14.0 51.445209 15.0 51.145373 16.0 50.849772 17.0 50.558878 18.0 50.272564 19.0 49.990608 20.0 49.710015 21.0 49.413966 22.0 49.121267 23.0 48.831268 24.0 48.543355 25.0 48.257220 26.0 47.972838 27.0 47.690606 28.0 47.411439 29.0 47.136799 30.0 46.868880
5.724528  0.0 53.995437 1.0 54.300796 2.0 54.177457 3.0 53.872846 4.0 53.536436 5.0 53.163194 6.0 52.751336 7.0 52.326898 8.0 51.894789 9.0 51.459400 10.0 51.040881 11.0 50.745978 12.0 50.448905 13.0 50.152125 14.0 49.857470 15.0 49.566251 16.0 49.279204 17.0 48.996722 18.0 48.718721 19.0 48.444959 20.0 48.172549 21.0 47.885180 22.0 47.601073 23.0 47.319636 24.0 47.040210 25.0 46.762576 26.0 46.486621 27.0 46.212815 28.0 45.941955 29.0 45.675535 30.0 45.415596
5.916116  0.0 52.349225 1.0 52.642820 2.0 52.521092 3.0 52.223939 4.0 51.896139 5.0 51.532898 6.0 51.132383 7.0 50.719812 8.0 50.299939 9.0 49.877058 10.0 49.470607 11.0 49.183971 12.0 48.895349 13.0 48.607003 14.0 48.320813 15.0 48.037936 16.0 47.759183 17.0 47.484832 18.0 47.214899 19.0 46.949049 20.0 46.684583 21.0 46.405597 22.0 46.129843 23.0 45.856657 24.0 45.585484 25.0 45.316042 26.0 45.048267 27.0 44.782593 28.0 44.519783 29.0 44.261311 30.0 44.009096
6.114115  0.0 50.755805 1.0 51.038097 2.0 50.917912 3.0 50.627973 4.0 50.308521 5.0 49.954993 6.0 49.565445 7.0 49.164369 8.0 48.756401 9.0 48.345579 10.0 47.950814 11.0 47.672232 12.0 47.391746 13.0 47.111597 14.0 46.833575 15.0 46.558786 16.0 46.288052 17.0 46.021575 18.0 45.759451 19.0 45.501261 20.0 45.244486 21.0 44.973615 22.0 44.705948 23.0 44.440749 24.0 44.177571 25.0 43.916052 26.0 43.656215 27.0 43.398394 28.0 43.143407 29.0 42.892596 30.0 42.647896
6.318742  0.0 49.213465 1.0 49.484834 2.0 49.366215 3.0 49.083223 4.0 48.771932 5.0 48.427751 6.0 48.048830 7.0 47.658930 8.0 47.262458 9.0 46.863307 10.0 46.479860 11.0 46.209087 12.0 45.936470 13.0 45.664285 14.0 45.394146 15.0 45.127229 16.0 44.864219 17.0 44.605414 18.0 44.350803 19.0 44.100077 20.0 43.850701 21.0 43.587720 22.0 43.327847 23.0 43.070398 24.0 42.814943 25.0 42.561095 26.0 42.308940 27.0 42.058719 28.0 41.811305 29.0 41.567910 30.0 41.330484
6.530216  0.0 47.720606 1.0 47.981353 2.0 47.864271 3.0 47.588025 4.0 47.284648 5.0 46.949524 6.0 46.580925 7.0 46.201846 8.0 45.816487 9.0 45.428639 10.0 45.056186 11.0 44.792946 12.0 44.527965 13.0 44.263476 14.0 44.000969 15.0 43.741676 16.0 43.486144 17.0 43.234769 18.0 42.987431 19.0 42.743934 20.0 42.501719 21.0 42.246390 22.0 41.994051 23.0 41.744131 24.0 41.496124 25.0 41.249744 26.0 41.004984 27.0 40.762150 28.0 40.522037 29.0 40.285837 30.0 40.055435
6.748769  0.0 46.275543 1.0 46.526032 2.0 46.410459 3.0 46.140830 4.0 45.845060 5.0 45.518722 6.0 45.160156 7.0 44.791522 8.0 44.416926 9.0 44.040045 10.0 43.678249 11.0 43.422277 12.0 43.164732 13.0 42.907655 14.0 42.652593 15.0 42.400629 16.0 42.152376 17.0 41.908158 18.0 41.667889 19.0 41.431365 20.0 41.196105 21.0 40.948162 22.0 40.703118 23.0 40.460486 24.0 40.219689 25.0 39.980539 26.0 39.742937 27.0 39.507267 28.0 39.274207 29.0 39.044996 30.0 38.821369
6.974636  0.0 44.876715 1.0 45.117378 2.0 45.003213 3.0 44.740005 4.0 44.451611 5.0 44.133853 6.0 43.784949 7.0 43.426433 8.0 43.062281 9.0 42.696046 10.0 42.344533 11.0 42.095606 12.0 41.845258 13.0 41.595358 14.0 41.347508 15.0 41.102638 16.0 40.861450 17.0 40.624146 18.0 40.390746 19.0 40.160950 20.0 39.932451 21.0 39.691633 22.0 39.453696 23.0 39.218076 24.0 38.984290 25.0 38.752107 26.0 38.521450 27.0 38.292698 28.0 38.066468 29.0 37.844021 30.0 37.626951
7.208062  0.0 43.522619 1.0 43.753796 2.0 43.641087 3.0 43.384037 4.0 43.102842 5.0 42.793360 6.0 42.453818 7.0 42.105118 8.0 41.751117 9.0 41.395149 10.0 41.053594 11.0 40.811546 12.0 40.568115 13.0 40.325212 14.0 40.084301 15.0 39.846328 16.0 39.611956 17.0 39.381359 18.0 39.154599 19.0 38.931321 20.0 38.709365 21.0 38.475443 22.0 38.244389 23.0 38.015555 24.0 37.788573 25.0 37.563119 26.0 37.339215 27.0 37.117132 28.0 36.897555 29.0 36.681614 30.0 36.470928
7.449300  0.0 42.211872 1.0 42.433812 2.0 42.322535 3.0 42.071464 4.0 41.797284 5.0 41.495794 6.0 41.165333 7.0 40.826191 8.0 40.481972 9.0 40.135948 10.0 39.804044 11.0 39.568656 12.0 39.331925 13.0 39.095811 14.0 38.861609 15.0 38.630344 16.0 38.402542 17.0 38.178481 18.0 37.958110 19.0 37.741190 20.0 37.525523 21.0 37.298322 22.0 37.073889 23.0 36.851650 24.0 36.631230 25.0 36.412299 26.0 36.194925 27.0 35.979297 28.0 35.766161 29.0 35.556517 30.0 35.352018
7.698612  0.0 40.942980 1.0 41.156004 2.0 41.046134 3.0 40.800939 4.0 40.533497 5.0 40.239757 6.0 39.918159 7.0 39.588219 8.0 39.253475 9.0 38.917083 10.0 38.594588 11.0 38.365594 12.0 38.135397 13.0 37.905815 14.0 37.678132 15.0 37.453341 16.0 37.231909 17.0 37.014172 18.0 36.799988 19.0 36.589226 20.0 36.379648 21.0 36.158962 22.0 35.940932 23.0 35.725102 24.0 35.511011 25.0 35.298434 26.0 35.087343 27.0 34.878001 28.0 34.671064 29.0 34.467539 30.0 34.269005
7.956268  0.0 39.714575 1.0 39.919078 2.0 39.810518 3.0 39.571030 4.0 39.310117 5.0 39.023963 6.0 38.710889 7.0 38.389863 8.0 38.064302 9.0 37.737302 10.0 37.423862 11.0 37.201060 12.0 36.977210 13.0 36.753938 14.0 36.532606 15.0 36.314051 16.0 36.098836 17.0 35.887174 18.0 35.679030 19.0 35.474183 20.0 35.270542 21.0 35.056124 22.0 34.844313 23.0 34.634670 24.0 34.426708 25.0 34.220282 26.0 34.015272 27.0 33.812025 28.0 33.611079 29.0 33.413500 30.0 33.220720
8.222548  0.0 38.525363 1.0 38.721617 2.0 38.614421 3.0 38.380404 4.0 38.125872 5.0 37.847035 6.0 37.542219 7.0 37.229838 8.0 36.913234 9.0 36.595270 10.0 36.290602 11.0 36.073850 12.0 35.856097 13.0 35.638965 14.0 35.423757 15.0 35.211248 16.0 35.002050 17.0 34.796271 18.0 34.593982 19.0 34.394857 20.0 34.196978 21.0 33.988617 22.0 33.782859 23.0 33.579176 24.0 33.377195 25.0 33.176678 26.0 32.977588 27.0 32.780209 28.0 32.585081 29.0 32.393240 30.0 32.206037
8.497739  0.0 37.374098 1.0 37.562333 2.0 37.456481 3.0 37.227783 4.0 36.979472 5.0 36.707700 6.0 36.410897 7.0 36.106951 8.0 35.798963 9.0 35.489755 10.0 35.193584 11.0 34.982708 12.0 34.770850 13.0 34.559699 14.0 34.350390 15.0 34.143788 16.0 33.940366 17.0 33.740333 18.0 33.543667 19.0 33.350120 20.0 33.157784 21.0 32.955310 22.0 32.755393 23.0 32.557481 24.0 32.361291 25.0 32.166494 26.0 31.973150 27.0 31.781438 28.0 31.591971 29.0 31.405657 30.0 31.223891
8.782140  0.0 36.259479 1.0 36.440008 2.0 36.335449 3.0 36.111996 4.0 35.869650 5.0 35.604736 6.0 35.315762 7.0 35.019928 8.0 34.720289 9.0 34.419562 10.0 34.131689 11.0 33.926445 12.0 33.720335 13.0 33.514942 14.0 33.311360 15.0 33.110467 16.0 32.912640 17.0 32.718180 18.0 32.526952 19.0 32.338826 20.0 32.151840 21.0 31.955099 22.0 31.760806 23.0 31.568531 24.0 31.377899 25.0 31.188673 26.0 31.000861 27.0 30.814651 28.0 30.630649 29.0 30.449687 30.0 30.273183
9.076059  0.0 35.180309 1.0 35.353461 2.0 35.250159 3.0 35.031766 4.0 34.795210 5.0 34.537021 6.0 34.255568 7.0 33.967597 8.0 33.676057 9.0 33.383606 10.0 33.103713 11.0 32.903922 12.0 32.703407 13.0 32.503567 14.0 32.305580 15.0 32.110171 16.0 31.917816 17.0 31.728702 18.0 31.542779 19.0 31.359865 20.0 31.178089 21.0 30.986871 22.0 30.798030 23.0 30.611209 24.0 30.425958 25.0 30.242144 26.0 30.059671 27.0 29.878819 28.0 29.700076 29.0 29.524341 30.0 29.352887
9.379816  0.0 34.135504 1.0 34.301468 2.0 34.199452 3.0 33.985931 4.0 33.755067 5.0 33.503333 6.0 33.229173 7.0 32.948844 8.0 32.665196 9.0 32.380706 10.0 32.108545 11.0 31.914092 12.0 31.718945 13.0 31.524512 14.0 31.331918 15.0 31.141827 16.0 30.954772 17.0 30.770831 18.0 30.590065 19.0 30.412181 20.0 30.235478 21.0 30.049582 22.0 29.866068 23.0 29.684483 24.0 29.504480 25.0 29.325867 26.0 29.148584 27.0 28.972901 28.0 28.799254 29.0 28.628574 30.0 28.462010
9.693738  0.0 33.123881 1.0 33.282897 2.0 33.182152 3.0 32.973408 4.0 32.748041 5.0 32.502561 6.0 32.235505 7.0 31.962606 8.0 31.686555 9.0 31.409780 10.0 31.145121 11.0 30.955845 12.0 30.765887 13.0 30.576729 14.0 30.389326 15.0 30.204441 16.0 30.022467 17.0 29.843584 18.0 29.667766 19.0 29.494788 20.0 29.322964 21.0 29.142240 22.0 28.963868 23.0 28.787352 24.0 28.612445 25.0 28.438856 26.0 28.266628 27.0 28.095919 28.0 27.927250 29.0 27.761422 30.0 27.599631
10.018167  0.0 32.144340 1.0 32.296741 2.0 32.197168 3.0 31.993109 4.0 31.773039 5.0 31.533668 6.0 31.273507 7.0 31.007769 8.0 30.739081 9.0 30.469800 10.0 30.212455 11.0 30.028138 12.0 29.843259 13.0 29.659162 14.0 29.476811 15.0 29.296947 16.0 29.119897 17.0 28.945923 18.0 28.774887 19.0 28.606684 20.0 28.439564 21.0 28.263887 22.0 28.090458 23.0 27.918899 24.0 27.748879 25.0 27.580183 26.0 27.412821 27.0 27.246940 28.0 27.083080 29.0 26.921950 30.0 26.764787
10.353453  0.0 31.195884 1.0 31.341861 2.0 31.243526 3.0 31.043939 4.0 30.829048 5.0 30.595612 6.0 30.342100 7.0 30.083305 8.0 29.821792 9.0 29.559790 10.0 29.309484 11.0 29.129982 12.0 28.950032 13.0 28.770824 14.0 28.593408 15.0 28.418369 16.0 28.246147 17.0 28.076872 18.0 27.910514 19.0 27.746891 20.0 27.584361 21.0 27.413538 22.0 27.244906 23.0 27.078143 24.0 26.912851 25.0 26.748916 26.0 26.586243 27.0 26.425076 28.0 26.265834 29.0 26.109296 30.0 25.956572
10.699961  0.0 30.277482 1.0 30.417228 2.0 30.320116 3.0 30.124894 4.0 29.915070 5.0 29.687346 6.0 29.440285 7.0 29.188278 8.0 28.933700 9.0 28.678719 10.0 28.435237 11.0 28.260460 12.0 28.085229 13.0 27.910807 14.0 27.738124 15.0 27.567785 16.0 27.400218 17.0 27.235499 18.0 27.073681 19.0 26.914483 20.0 26.756422 21.0 26.590279 22.0 26.426336 23.0 26.264174 24.0 26.103503 25.0 25.944137 26.0 25.786028 27.0 25.629402 28.0 25.474638 29.0 25.322544 30.0 25.174113
11.058066  0.0 29.388111 1.0 29.521920 2.0 29.425949 3.0 29.235045 4.0 29.030074 5.0 28.807909 6.0 28.567167 7.0 28.321688 8.0 28.073816 9.0 27.825640 10.0 27.588816 11.0 27.418579 12.0 27.247934 13.0 27.078154 14.0 26.910042 15.0 26.744296 16.0 26.581200 17.0 26.420950 18.0 26.263477 19.0 26.108613 20.0 25.954833 21.0 25.793252 22.0 25.633823 23.0 25.476124 24.0 25.319932 25.0 25.164980 26.0 25.011319 27.0 24.859063 28.0 24.708677 29.0 24.560844 30.0 24.416612
11.428156  0.0 28.526868 1.0 28.654934 2.0 28.560142 3.0 28.373366 4.0 28.173125 5.0 27.956411 6.0 27.721737 7.0 27.482587 8.0 27.241226 9.0 26.999695 10.0 26.769298 11.0 26.603434 12.0 26.437289 13.0 26.271955 14.0 26.108323 15.0 25.946976 16.0 25.788241 17.0 25.632294 18.0 25.479039 19.0 25.328375 20.0 25.178733 21.0 25.021598 22.0 24.866515 23.0 24.713185 24.0 24.561284 25.0 24.410646 26.0 24.261253 27.0 24.113250 28.0 23.967084 29.0 23.823381 30.0 23.683216
11.810632  0.0 27.692831 1.0 27.815318 2.0 27.721708 3.0 27.538938 4.0 27.343361 5.0 27.131873 6.0 26.903086 7.0 26.670108 8.0 26.435092 9.0 26.199953 10.0 25.975775 11.0 25.814200 12.0 25.652368 13.0 25.491362 14.0 25.332066 15.0 25.174970 16.0 25.020494 17.0 24.868684 18.0 24.719565 19.0 24.572921 20.0 24.427341 21.0 24.274459 22.0 24.123615 23.0 23.974489 24.0 23.826751 25.0 23.680297 26.0 23.535025 27.0 23.391169 28.0 23.249061 29.0 23.109401 30.0 22.973130
12.205908  0.0 26.885062 1.0 27.002241 2.0 26.909734 3.0 26.730949 4.0 26.539824 5.0 26.333410 6.0 26.110395 7.0 25.883389 8.0 25.654485 9.0 25.425543 10.0 25.207415 11.0 25.049999 12.0 24.892329 13.0 24.735565 14.0 24.580426 15.0 24.427506 16.0 24.277101 17.0 24.129334 18.0 23.984189 19.0 23.841458 20.0 23.699800 21.0 23.551034 22.0 23.404322 23.0 23.259241 24.0 23.115582 25.0 22.973135 26.0 22.831894 27.0 22.692015 28.0 22.553857 29.0 22.418091 30.0 22.285600
12.614414  0.0 26.102755 1.0 26.214795 2.0 26.123429 3.0 25.948450 4.0 25.761663 5.0 25.560250 6.0 25.342777 7.0 25.121545 8.0 24.898567 9.0 24.675676 10.0 24.463428 11.0 24.309993 12.0 24.156417 13.0 24.003707 14.0 23.852625 15.0 23.703731 16.0 23.557269 17.0 23.413442 18.0 23.272121 19.0 23.133223 20.0 22.995324 21.0 22.850603 22.0 22.707838 23.0 22.566708 24.0 22.426968 25.0 22.288412 26.0 22.151076 27.0 22.015037 28.0 21.880732 29.0 21.748710 30.0 21.619918
13.036591  0.0 25.345058 1.0 25.452111 2.0 25.361893 3.0 25.190612 4.0 25.008113 5.0 24.811484 6.0 24.599390 7.0 24.383786 8.0 24.166603 9.0 23.949540 10.0 23.742964 11.0 23.593424 12.0 23.443792 13.0 23.295006 14.0 23.147891 15.0 23.002862 16.0 22.860281 17.0 22.720214 18.0 22.582646 19.0 22.447414 20.0 22.313189 21.0 22.172356 22.0 22.033420 23.0 21.896135 24.0 21.760168 25.0 21.625424 26.0 21.491828 27.0 21.359551 28.0 21.228936 29.0 21.100564 30.0 20.975330
13.472898  0.0 24.611123 1.0 24.713458 2.0 24.624296 3.0 24.456700 4.0 24.278292 5.0 24.086314 6.0 23.879496 7.0 23.669349 8.0 23.457739 9.0 23.246325 10.0 23.045262 11.0 22.899526 12.0 22.753682 13.0 22.608764 14.0 22.465431 15.0 22.324190 16.0 22.185329 17.0 22.048925 18.0 21.914990 19.0 21.783300 20.0 21.652660 21.0 21.515567 22.0 21.380391 23.0 21.246781 24.0 21.114507 25.0 20.983417 26.0 20.853461 27.0 20.724819 28.0 20.597768 29.0 20.472956 30.0 20.351144
13.923807  0.0 23.900250 1.0 23.997980 2.0 23.909943 3.0 23.745849 4.0 23.571440 5.0 23.384044 6.0 23.182292 7.0 22.977418 8.0 22.771216 9.0 22.565317 10.0 22.369628 11.0 22.227519 12.0 22.085400 13.0 21.944183 14.0 21.804535 15.0 21.666971 16.0 21.531692 17.0 21.398882 18.0 21.268425 19.0 21.140224 20.0 21.013002 21.0 20.879572 22.0 20.748000 23.0 20.617964 24.0 20.489270 25.0 20.361703 26.0 20.235307 27.0 20.110151 28.0 19.986603 29.0 19.865188 30.0 19.746725
14.389807  0.0 23.211616 1.0 23.304916 2.0 23.217983 3.0 23.057325 4.0 22.886852 5.0 22.703843 6.0 22.507011 7.0 22.307286 8.0 22.106371 9.0 21.905788 10.0 21.715276 11.0 21.576718 12.0 21.438198 13.0 21.300551 14.0 21.164523 15.0 21.030477 16.0 20.898728 17.0 20.769345 18.0 20.642293 19.0 20.517441 20.0 20.393549 21.0 20.263667 22.0 20.135570 23.0 20.009037 24.0 19.883770 25.0 19.759663 26.0 19.636670 27.0 19.514916 28.0 19.394735 29.0 19.276619 30.0 19.161404
14.871403  0.0 22.544494 1.0 22.633594 2.0 22.547703 3.0 22.390437 4.0 22.223730 5.0 22.045004 6.0 21.852999 7.0 21.658254 8.0 21.462427 9.0 21.266996 10.0 21.081525 11.0 20.946435 12.0 20.811367 13.0 20.677250 14.0 20.544665 15.0 20.414065 16.0 20.285709 17.0 20.159654 18.0 20.035917 19.0 19.914283 20.0 19.793659 21.0 19.667177 22.0 19.542495 23.0 19.419307 24.0 19.297387 25.0 19.176612 26.0 19.056914 27.0 18.938476 28.0 18.821531 29.0 18.706651 30.0 18.594541
15.369118  0.0 21.898228 1.0 21.983219 2.0 21.898432 3.0 21.744407 4.0 21.581408 5.0 21.406872 6.0 21.219507 7.0 21.029581 8.0 20.838700 9.0 20.648306 10.0 20.467739 11.0 20.335958 12.0 20.204292 13.0 20.073544 14.0 19.944318 15.0 19.817069 16.0 19.691974 17.0 19.569195 18.0 19.448621 19.0 19.330162 20.0 19.212651 21.0 19.089495 22.0 18.968098 23.0 18.848152 24.0 18.729495 25.0 18.611921 26.0 18.495461 27.0 18.380188 28.0 18.266415 29.0 18.154631 30.0 18.045552
15.883489  0.0 21.272055 1.0 21.353151 2.0 21.269410 3.0 21.118602 4.0 20.959208 5.0 20.788703 6.0 20.605851 7.0 20.420647 8.0 20.234588 9.0 20.049041 10.0 19.873207 11.0 19.744676 12.0 19.616286 13.0 19.488798 14.0 19.362869 15.0 19.238822 16.0 19.116946 17.0 18.997286 18.0 18.879814 19.0 18.764404 20.0 18.649921 21.0 18.529998 22.0 18.411759 23.0 18.295002 24.0 18.179459 25.0 18.065025 26.0 17.951664 27.0 17.839474 28.0 17.728769 29.0 17.619973 30.0 17.513854
16.415075  0.0 20.665375 1.0 20.742709 2.0 20.660031 3.0 20.512338 4.0 20.356422 5.0 20.189882 6.0 20.011446 7.0 19.830786 8.0 19.649376 9.0 19.468534 10.0 19.297325 11.0 19.171949 12.0 19.046707 13.0 18.922442 14.0 18.799649 15.0 18.678752 16.0 18.559961 17.0 18.443337 18.0 18.328881 19.0 18.216400 20.0 18.104895 21.0 17.988063 22.0 17.872931 23.0 17.759218 24.0 17.646715 25.0 17.535314 26.0 17.424943 27.0 17.315772 28.0 17.208006 29.0 17.102152 30.0 16.998853
16.964453  0.0 20.077502 1.0 20.151209 2.0 20.069614 3.0 19.924939 4.0 19.772481 5.0 19.609766 6.0 19.435586 7.0 19.259338 8.0 19.082474 9.0 18.906231 10.0 18.739493 11.0 18.617137 12.0 18.495015 13.0 18.373811 14.0 18.254093 15.0 18.136240 16.0 18.020422 17.0 17.906783 18.0 17.795207 19.0 17.685624 20.0 17.576948 21.0 17.463147 22.0 17.351001 23.0 17.240238 24.0 17.130704 25.0 17.022211 26.0 16.914786 27.0 16.808490 28.0 16.703603 29.0 16.600566 30.0 16.500017
17.532217  0.0 19.507809 1.0 19.578098 2.0 19.497517 3.0 19.355859 4.0 19.206703 5.0 19.047701 6.0 18.877694 7.0 18.705770 8.0 18.533293 9.0 18.361481 10.0 18.199073 11.0 18.079708 12.0 17.960559 13.0 17.842346 14.0 17.725621 15.0 17.610687 16.0 17.497813 17.0 17.387008 18.0 17.278268 19.0 17.171454 20.0 17.065543 21.0 16.954678 22.0 16.845405 23.0 16.737545 24.0 16.630842 25.0 16.525207 26.0 16.420598 27.0 16.317106 28.0 16.215007 29.0 16.114683 30.0 16.016826
18.118983  0.0 18.955725 1.0 19.022679 2.0 18.943187 3.0 18.804407 4.0 18.658503 5.0 18.503167 6.0 18.337183 7.0 18.169424 8.0 18.001203 9.0 17.833708 10.0 17.675546 11.0 17.559042 12.0 17.442786 13.0 17.327500 14.0 17.213636 15.0 17.101591 16.0 16.991515 17.0 16.883491 18.0 16.777488 19.0 16.673351 20.0 16.570145 21.0 16.462093 22.0 16.355656 23.0 16.250560 24.0 16.146628 25.0 16.043747 26.0 15.941859 27.0 15.841109 28.0 15.741680 29.0 15.644032 30.0 15.548736
18.725386  0.0 18.420591 1.0 18.484421 2.0 18.405958 3.0 18.270049 4.0 18.127324 5.0 17.975507 6.0 17.813435 7.0 17.649754 8.0 17.485699 9.0 17.322394 10.0 17.168319 11.0 17.054591 12.0 16.941178 13.0 16.828683 14.0 16.717645 15.0 16.608359 16.0 16.501012 17.0 16.395695 18.0 16.292316 19.0 16.190824 20.0 16.090194 21.0 15.984912 22.0 15.881184 23.0 15.778780 24.0 15.677542 25.0 15.577304 26.0 15.478099 27.0 15.379961 28.0 15.283154 29.0 15.188063 30.0 15.095268
19.352085  0.0 17.901919 1.0 17.962711 2.0 17.885328 3.0 17.752195 4.0 17.612542 5.0 17.464197 6.0 17.305968 7.0 17.146224 8.0 16.986186 9.0 16.826937 10.0 16.676847 11.0 16.565856 12.0 16.455149 13.0 16.345411 14.0 16.237084 15.0 16.130477 16.0 16.025803 17.0 15.923070 18.0 15.822295 19.0 15.723312 20.0 15.625215 21.0 15.522595 22.0 15.421491 23.0 15.321723 24.0 15.223060 25.0 15.125432 26.0 15.028778 27.0 14.933197 28.0 14.838919 29.0 14.746299 30.0 14.655947
19.999758  0.0 17.399063 1.0 17.456995 2.0 17.380682 3.0 17.250279 4.0 17.113685 5.0 16.968691 6.0 16.814167 7.0 16.658251 8.0 16.502142 9.0 16.346860 10.0 16.200651 11.0 16.092262 12.0 15.984231 13.0 15.877142 14.0 15.771440 15.0 15.667468 16.0 15.565341 17.0 15.465166 18.0 15.366869 19.0 15.270345 20.0 15.174698 21.0 15.074644 22.0 14.976124 23.0 14.878867 24.0 14.782739 25.0 14.687606 26.0 14.593438 27.0 14.500341 28.0 14.408489 29.0 14.318304 30.0 14.230279
20.669107  0.0 16.911532 1.0 16.966740 2.0 16.891503 3.0 16.763801 4.0 16.630147 5.0 16.488430 6.0 16.337547 7.0 16.185386 8.0 16.033076 9.0 15.881621 10.0 15.739166 11.0 15.633356 12.0 15.527896 13.0 15.423372 14.0 15.320257 15.0 15.218791 16.0 15.119182 17.0 15.021455 18.0 14.925572 19.0 14.831443 20.0 14.738144 21.0 14.640628 22.0 14.544563 23.0 14.449775 24.0 14.356084 25.0 14.263366 26.0 14.171631 27.0 14.080909 28.0 13.991453 29.0 13.903582 30.0 13.817840
21.360857  0.0 16.438750 1.0 16.491376 2.0 16.417258 3.0 16.292175 4.0 16.161450 5.0 16.022954 6.0 15.875589 7.0 15.727054 8.0 15.578437 9.0 15.430724 10.0 15.291953 11.0 15.188617 12.0 15.085652 13.0 14.983657 14.0 14.883003 15.0 14.784015 16.0 14.686822 17.0 14.591471 18.0 14.497953 19.0 14.406111 20.0 14.315145 21.0 14.220036 22.0 14.126381 23.0 14.033977 24.0 13.942635 25.0 13.852294 26.0 13.762876 27.0 13.674494 28.0 13.587324 29.0 13.501713 30.0 13.418181
22.075760  0.0 15.980212 1.0 16.030430 2.0 15.957411 3.0 15.834965 4.0 15.707069 5.0 15.571695 6.0 15.427780 7.0 15.282804 8.0 15.137806 9.0 14.993716 10.0 14.858498 11.0 14.757573 12.0 14.657063 13.0 14.557475 14.0 14.459257 15.0 14.362649 16.0 14.267799 17.0 14.174783 18.0 14.083518 19.0 13.993947 20.0 13.905193 21.0 13.812447 22.0 13.721127 23.0 13.631013 24.0 13.541992 25.0 13.453910 26.0 13.366771 27.0 13.280635 28.0 13.195684 29.0 13.112276 30.0 13.030861
22.814588  0.0 15.558267 1.0 15.583323 2.0 15.511486 3.0 15.391595 4.0 15.266507 5.0 15.134226 6.0 14.993674 7.0 14.852143 8.0 14.710645 9.0 14.570078 10.0 14.438346 11.0 14.339786 12.0 14.241619 13.0 14.144420 14.0 14.048539 15.0 13.954242 16.0 13.861696 17.0 13.770904 18.0 13.681875 19.0 13.594465 20.0 13.507882 21.0 13.417428 22.0 13.328347 23.0 13.240503 24.0 13.153685 25.0 13.067822 26.0 12.982880 27.0 12.898913 28.0 12.816138 29.0 12.734833 30.0 12.655510
23.578144  0.0 15.123200 1.0 15.171666 2.0 15.078940 3.0 14.961628 4.0 14.839298 5.0 14.710016 6.0 14.572743 7.0 14.434596 8.0 14.296532 9.0 14.159416 10.0 14.031058 11.0 13.934763 12.0 13.838929 13.0 13.744015 14.0 13.650412 15.0 13.558384 16.0 13.468035 17.0 13.379450 18.0 13.292554 19.0 13.207261 20.0 13.122787 21.0 13.034531 22.0 12.947674 23.0 12.861981 24.0 12.777327 25.0 12.693609 26.0 12.610783 27.0 12.528951 28.0 12.448249 29.0 12.369017 30.0 12.291689
24.367254  0.0 14.703022 1.0 14.747557 2.0 14.680059 3.0 14.547956 4.0 14.424935 5.0 14.298631 6.0 14.164592 7.0 14.029731 8.0 13.894996 9.0 13.761224 10.0 13.636161 11.0 13.542127 12.0 13.448514 13.0 13.355840 14.0 13.264467 15.0 13.174608 16.0 13.086442 17.0 12.999964 18.0 12.915156 19.0 12.831923 20.0 12.749472 21.0 12.663398 22.0 12.578649 23.0 12.495070 24.0 12.412511 25.0 12.330856 26.0 12.250119 27.0 12.170319 28.0 12.091656 29.0 12.014412 30.0 11.939025
25.182773  0.0 14.296728 1.0 14.338024 2.0 14.270118 3.0 14.159133 4.0 14.031022 5.0 13.899590 6.0 13.768701 7.0 13.637064 8.0 13.505600 9.0 13.375106 10.0 13.253272 11.0 13.161391 12.0 13.069974 13.0 12.979483 14.0 12.890250 15.0 12.802551 16.0 12.716465 17.0 12.632054 18.0 12.549280 19.0 12.468025 20.0 12.387584 21.0 12.303581 22.0 12.220905 23.0 12.139374 24.0 12.058831 25.0 11.979216 26.0 11.900464 27.0 11.822662 28.0 11.745962 29.0 11.670644 30.0 11.597154
26.025587  0.0 13.903455 1.0 13.941903 2.0 13.874135 3.0 13.764309 4.0 13.650760 5.0 13.531541 6.0 13.395635 7.0 13.256200 8.0 13.127918 9.0 13.000611 10.0 12.881914 11.0 12.792177 12.0 12.702888 13.0 12.614510 14.0 12.527405 15.0 12.441761 16.0 12.357725 17.0 12.275324 18.0 12.194507 19.0 12.115216 20.0 12.036683 21.0 11.954723 22.0 11.874053 23.0 11.794496 24.0 11.715944 25.0 11.638268 26.0 11.561470 27.0 11.485594 28.0 11.410792 29.0 11.337363 30.0 11.265685
26.896608  0.0 13.522555 1.0 13.558527 2.0 13.491065 3.0 13.382785 4.0 13.270845 5.0 13.153350 6.0 13.029237 7.0 12.904868 8.0 12.776554 9.0 12.637329 10.0 12.521722 11.0 12.434049 12.0 12.346842 13.0 12.260553 14.0 12.175481 15.0 12.091872 16.0 12.009825 17.0 11.929367 18.0 11.850491 19.0 11.773069 20.0 11.696424 21.0 11.616434 22.0 11.537705 23.0 11.460095 24.0 11.383440 25.0 11.307675 26.0 11.232761 27.0 11.158748 28.0 11.085810 29.0 11.014184 30.0 10.944294
27.796780  0.0 13.153441 1.0 13.187133 2.0 13.120253 3.0 13.013613 4.0 12.903477 5.0 12.787997 6.0 12.666089 7.0 12.543915 8.0 12.422243 9.0 12.301759 10.0 12.189933 11.0 12.098836 12.0 12.001454 13.0 11.917174 14.0 11.834125 15.0 11.752483 16.0 11.672370 17.0 11.593833 18.0 11.516810 19.0 11.441241 20.0 11.366415 21.0 11.288342 22.0 11.211522 23.0 11.135772 24.0 11.060988 25.0 10.987064 26.0 10.913976 27.0 10.841793 28.0 10.770635 29.0 10.700786 30.0 10.632609
28.727078  0.0 12.795649 1.0 12.827273 2.0 12.761008 3.0 12.656170 4.0 12.547964 5.0 12.434568 6.0 12.314949 7.0 12.195121 8.0 12.075837 9.0 11.957735 10.0 11.848305 11.0 11.765050 12.0 11.682421 13.0 11.600818 14.0 11.520469 15.0 11.423212 16.0 11.345003 17.0 11.268311 18.0 11.193128 19.0 11.119343 20.0 11.046296 21.0 10.970101 22.0 10.895112 23.0 10.821200 24.0 10.748217 25.0 10.676084 26.0 10.604786 27.0 10.534354 28.0 10.464952 29.0 10.396809 30.0 10.330301
29.688512  0.0 12.448709 1.0 12.478393 2.0 12.412880 3.0 12.309837 4.0 12.203608 5.0 12.092399 6.0 11.975170 7.0 11.857771 8.0 11.740917 9.0 11.625245 10.0 11.518208 11.0 11.436462 12.0 11.355298 13.0 11.275086 14.0 11.196213 15.0 11.118756 16.0 11.042864 17.0 10.968590 18.0 10.881686 19.0 10.807022 20.0 10.735715 21.0 10.661330 22.0 10.588154 23.0 10.516010 24.0 10.444786 25.0 10.374405 26.0 10.304825 27.0 10.236120 28.0 10.168404 29.0 10.101925 30.0 10.037044
30.682123  0.0 12.112268 1.0 12.140134 2.0 12.075365 3.0 11.974182 4.0 11.869952 5.0 11.760914 6.0 11.646062 7.0 11.531101 8.0 11.416730 9.0 11.303544 10.0 11.198985 11.0 11.118756 12.0 11.039122 13.0 10.960482 14.0 10.883053 15.0 10.807065 16.0 10.732599 17.0 10.659634 18.0 10.588236 19.0 10.518214 20.0 10.448979 21.0 10.376834 22.0 10.305862 23.0 10.230753 24.0 10.155888 25.0 10.081666 26.0 10.013785 27.0 9.946739 28.0 9.880671 29.0 9.815813 30.0 9.752499
31.708988  0.0 11.785900 1.0 11.812061 2.0 11.748098 3.0 11.648726 4.0 11.546495 5.0 11.439652 6.0 11.327189 7.0 11.214669 8.0 11.102753 9.0 10.992026 10.0 10.889910 11.0 10.811269 12.0 10.733221 13.0 10.656106 14.0 10.580245 15.0 10.505755 16.0 10.432728 17.0 10.361240 18.0 10.291182 19.0 10.222522 20.0 10.154618 21.0 10.083831 22.0 10.014294 23.0 9.945766 24.0 9.878165 25.0 9.811424 26.0 9.745447 27.0 9.675650 28.0 9.606157 29.0 9.538137 30.0 9.476367
32.770220  0.0 11.469329 1.0 11.493846 2.0 11.430683 3.0 11.333145 4.0 11.232880 5.0 11.128178 6.0 11.018056 7.0 10.907941 8.0 10.798467 9.0 10.690191 10.0 10.590528 11.0 10.513447 12.0 10.436964 13.0 10.361449 14.0 10.287111 15.0 10.214138 16.0 10.142624 17.0 10.072550 18.0 10.003931 19.0 9.936647 20.0 9.870090 21.0 9.800786 22.0 9.732623 23.0 9.665501 24.0 9.599290 25.0 9.533875 26.0 9.469307 27.0 9.405546 28.0 9.342747 29.0 9.281138 30.0 9.220991
33.866969  0.0 11.162158 1.0 11.185140 2.0 11.122784 3.0 11.027022 4.0 10.928714 5.0 10.826145 6.0 10.718340 7.0 10.610588 8.0 10.503499 9.0 10.397615 10.0 10.300344 11.0 10.224835 12.0 10.149929 13.0 10.075944 14.0 10.003162 15.0 9.931706 16.0 9.861649 17.0 9.793059 18.0 9.725843 19.0 9.659946 20.0 9.594785 21.0 9.526901 22.0 9.460188 23.0 9.394471 24.0 9.329633 25.0 9.265641 26.0 9.202411 27.0 9.140017 28.0 9.078569 29.0 9.018240 30.0 8.959415
35.000424  0.0 10.864124 1.0 10.885616 2.0 10.824083 3.0 10.730094 4.0 10.633678 5.0 10.533177 6.0 10.427628 7.0 10.322196 8.0 10.217456 9.0 10.113929 10.0 10.019027 11.0 9.945040 12.0 9.871665 13.0 9.799237 14.0 9.727955 15.0 9.657989 16.0 9.589422 17.0 9.522242 18.0 9.456444 19.0 9.391933 20.0 9.328118 21.0 9.261703 22.0 9.196395 23.0 9.132075 24.0 9.068650 25.0 9.006008 26.0 8.944161 27.0 8.883122 28.0 8.822992 29.0 8.764010 30.0 8.706427
36.171814  0.0 10.574898 1.0 10.594995 2.0 10.534249 3.0 10.441991 4.0 10.347456 5.0 10.249000 6.0 10.145664 7.0 10.042487 8.0 9.940029 9.0 9.838789 10.0 9.746187 11.0 9.673718 12.0 9.601859 13.0 9.530911 14.0 9.461133 15.0 9.392635 16.0 9.325487 17.0 9.259742 18.0 9.195321 19.0 9.132162 20.0 9.069716 21.0 9.004700 22.0 8.940799 23.0 8.877872 24.0 8.815795 25.0 8.754536 26.0 8.694030 27.0 8.634321 28.0 8.575533 29.0 8.517824 30.0 8.461516
37.382407  0.0 10.294198 1.0 10.312942 2.0 10.253029 3.0 10.162457 4.0 10.069737 5.0 9.973262 6.0 9.872089 7.0 9.771121 8.0 9.670899 9.0 9.571901 10.0 9.481565 11.0 9.410546 12.0 9.340157 13.0 9.270696 14.0 9.202354 15.0 9.135286 16.0 9.069565 17.0 9.005180 18.0 8.942122 19.0 8.880302 20.0 8.819158 21.0 8.755553 22.0 8.693018 23.0 8.631438 24.0 8.570726 25.0 8.510785 26.0 8.451605 27.0 8.393217 28.0 8.335707 29.0 8.279288 30.0 8.224209
38.633516  0.0 10.021764 1.0 10.039234 2.0 9.980090 3.0 9.891188 4.0 9.800266 5.0 9.705737 6.0 9.606660 7.0 9.507835 8.0 9.409781 9.0 9.312957 10.0 9.224819 11.0 9.155247 12.0 9.086293 13.0 9.018243 14.0 8.951334 15.0 8.885662 16.0 8.821297 17.0 8.758278 18.0 8.696536 19.0 8.636010 20.0 8.576174 21.0 8.513910 22.0 8.452718 23.0 8.392472 24.0 8.333057 25.0 8.274429 26.0 8.216542 27.0 8.159424 28.0 8.103196 29.0 8.048007 30.0 7.994141
39.926497  0.0 9.757294 1.0 9.773549 2.0 9.715209 3.0 9.627914 4.0 9.538731 5.0 9.446103 6.0 9.349078 7.0 9.252349 8.0 9.156413 9.0 9.061712 10.0 8.975729 11.0 8.907527 12.0 8.839974 13.0 8.773329 14.0 8.707779 15.0 8.643468 16.0 8.580452 17.0 8.518727 18.0 8.458280 19.0 8.399024 20.0 8.340429 21.0 8.279501 22.0 8.219611 23.0 8.160645 24.0 8.102523 25.0 8.045154 26.0 7.988524 27.0 7.932665 28.0 7.877655 29.0 7.823684 30.0 7.770996
41.262751  0.0 9.500574 1.0 9.515651 2.0 9.458091 3.0 9.372393 4.0 9.284921 5.0 9.194130 6.0 9.099095 7.0 9.004398 8.0 8.910516 9.0 8.817873 10.0 8.733992 11.0 8.667157 12.0 8.600952 13.0 8.535650 14.0 8.471452 15.0 8.408456 16.0 8.346727 17.0 8.286292 18.0 8.227088 19.0 8.169059 20.0 8.111700 21.0 8.052042 22.0 7.993422 23.0 7.935719 24.0 7.878826 25.0 7.822696 26.0 7.767291 27.0 7.712632 28.0 7.658832 29.0 7.606031 30.0 7.554486
42.643727  0.0 9.251321 1.0 9.265291 2.0 9.208493 3.0 9.124339 4.0 9.038541 5.0 8.949556 6.0 8.856466 7.0 8.763753 8.0 8.671875 9.0 8.581238 10.0 8.499395 11.0 8.433854 12.0 8.368981 13.0 8.304997 14.0 8.242081 15.0 8.180374 16.0 8.119913 17.0 8.060699 18.0 8.002720 19.0 7.945887 20.0 7.889702 21.0 7.831303 22.0 7.773911 23.0 7.717416 24.0 7.661740 25.0 7.606800 26.0 7.552578 27.0 7.499106 28.0 7.446456 29.0 7.394799 30.0 7.344368
44.070922  0.0 9.009299 1.0 9.022201 2.0 8.966188 3.0 8.883554 4.0 8.799371 5.0 8.712134 6.0 8.620930 7.0 8.530144 8.0 8.440214 9.0 8.351528 10.0 8.271683 11.0 8.207430 12.0 8.143819 13.0 8.081107 14.0 8.019465 15.0 7.958990 16.0 7.899747 17.0 7.841746 18.0 7.784936 19.0 7.729262 20.0 7.674237 21.0 7.617035 22.0 7.560838 23.0 7.505530 24.0 7.451012 25.0 7.397236 26.0 7.344167 27.0 7.291825 28.0 7.240309 29.0 7.189755 30.0 7.140397
45.545881  0.0 8.774301 1.0 8.786189 2.0 8.730911 3.0 8.649768 4.0 8.567178 5.0 8.481656 6.0 8.392295 7.0 8.303383 8.0 8.215342 9.0 8.128545 10.0 8.050636 11.0 7.987616 12.0 7.925256 13.0 7.863776 14.0 7.803345 15.0 7.744086 16.0 7.686029 17.0 7.629180 18.0 7.573523 19.0 7.518971 20.0 7.465053 21.0 7.409033 22.0 7.353988 23.0 7.299817 24.0 7.246441 25.0 7.193783 26.0 7.141825 27.0 7.090595 28.0 7.040161 29.0 6.990678 30.0 6.942368
47.070204  0.0 8.546067 1.0 8.556993 2.0 8.502468 3.0 8.422763 4.0 8.341717 5.0 8.257865 6.0 8.170297 7.0 8.083210 8.0 7.997009 9.0 7.912053 10.0 7.836044 11.0 7.774223 12.0 7.713051 13.0 7.652779 14.0 7.593540 15.0 7.535435 16.0 7.478531 17.0 7.422819 18.0 7.368257 19.0 7.314797 20.0 7.261966 21.0 7.207070 22.0 7.153149 23.0 7.100089 24.0 7.047800 25.0 6.996234 26.0 6.945357 27.0 6.895187 28.0 6.845814 29.0 6.797366 30.0 6.750060
48.645543  0.0 8.324403 1.0 8.334398 2.0 8.280620 3.0 8.202340 4.0 8.122808 5.0 8.040575 6.0 7.954746 7.0 7.869430 8.0 7.785014 9.0 7.701843 10.0 7.627675 11.0 7.567027 12.0 7.507032 13.0 7.447906 14.0 7.389815 15.0 7.332852 16.0 7.277054 17.0 7.222429 18.0 7.168950 19.0 7.116539 20.0 7.064751 21.0 7.010962 22.0 6.958119 23.0 6.906127 24.0 6.854907 25.0 6.804388 26.0 6.754551 27.0 6.705422 28.0 6.657063 29.0 6.609617 30.0 6.563292
50.273606  0.0 8.109100 1.0 8.118220 2.0 8.065147 3.0 7.988258 4.0 7.910207 5.0 7.829559 6.0 7.745427 7.0 7.661836 8.0 7.579158 9.0 7.497724 10.0 7.425362 11.0 7.365827 12.0 7.306962 13.0 7.248970 14.0 7.191988 15.0 7.136112 16.0 7.081401 17.0 7.027836 18.0 6.975385 19.0 6.924003 20.0 6.873229 21.0 6.820494 22.0 6.768707 23.0 6.717753 24.0 6.667552 25.0 6.618055 26.0 6.569230 27.0 6.521093 28.0 6.473725 29.0 6.427248 30.0 6.381862
51.956156  0.0 7.899937 1.0 7.908222 2.0 7.855881 3.0 7.780337 4.0 7.703719 5.0 7.624609 6.0 7.542125 7.0 7.460210 8.0 7.379222 9.0 7.299475 10.0 7.228875 11.0 7.170442 12.0 7.112669 13.0 7.055755 14.0 6.999860 15.0 6.945052 16.0 6.891373 17.0 6.838836 18.0 6.787398 19.0 6.736994 20.0 6.687201 21.0 6.635503 22.0 6.584722 23.0 6.534771 24.0 6.485568 25.0 6.437050 26.0 6.389198 27.0 6.342032 28.0 6.295614 29.0 6.250072 30.0 6.205602
53.695017  0.0 7.696737 1.0 7.704218 2.0 7.652589 3.0 7.578373 4.0 7.503164 5.0 7.425559 6.0 7.344680 7.0 7.264395 8.0 7.185045 9.0 7.106935 10.0 7.038042 11.0 6.980661 12.0 6.923957 13.0 6.868105 14.0 6.813242 15.0 6.759462 16.0 6.706801 17.0 6.655250 18.0 6.604782 19.0 6.555341 20.0 6.506494 21.0 6.455785 22.0 6.405991 23.0 6.357009 24.0 6.308759 25.0 6.261198 26.0 6.214290 27.0 6.168052 28.0 6.122558 29.0 6.077921 30.0 6.034329
55.492074  0.0 7.499308 1.0 7.506031 2.0 7.455086 3.0 7.382162 4.0 7.308328 5.0 7.232188 6.0 7.152871 7.0 7.074171 8.0 6.996416 9.0 6.919898 10.0 6.852680 11.0 6.796329 12.0 6.740641 13.0 6.685813 14.0 6.631967 15.0 6.579179 16.0 6.527488 17.0 6.476904 18.0 6.427378 19.0 6.378854 20.0 6.330929 21.0 6.281186 22.0 6.232334 23.0 6.184289 24.0 6.136972 25.0 6.090324 26.0 6.044326 27.0 5.998994 28.0 5.954386 29.0 5.910622 30.0 5.867882
57.349275  0.0 7.307451 1.0 7.313454 2.0 7.263209 3.0 7.191547 4.0 7.119044 5.0 7.044328 6.0 6.966529 7.0 6.889369 8.0 6.813162 9.0 6.738189 10.0 6.672599 11.0 6.617248 12.0 6.562562 13.0 6.508717 14.0 6.455843 15.0 6.404024 16.0 6.353283 17.0 6.303618 18.0 6.255005 19.0 6.207381 20.0 6.160336 21.0 6.111522 22.0 6.063591 23.0 6.016449 24.0 5.970024 25.0 5.924267 26.0 5.879149 27.0 5.834684 28.0 5.790937 29.0 5.748016 30.0 5.706095
59.268633  0.0 7.121007 1.0 7.126316 2.0 7.076755 3.0 7.006330 4.0 6.935136 5.0 6.861809 6.0 6.785488 7.0 6.709825 8.0 6.635123 9.0 6.561650 10.0 6.497655 11.0 6.443255 12.0 6.389531 13.0 6.336649 14.0 6.284722 15.0 6.233826 16.0 6.184002 17.0 6.135240 18.0 6.087503 19.0 6.040741 20.0 5.994558 21.0 5.946641 22.0 5.899590 23.0 5.853326 24.0 5.807768 25.0 5.762864 26.0 5.718595 27.0 5.674972 28.0 5.632051 29.0 5.589943 30.0 5.548816
61.252227  0.0 6.939804 1.0 6.944460 2.0 6.895553 3.0 6.826336 4.0 6.756417 5.0 6.684444 6.0 6.609559 7.0 6.535351 8.0 6.462111 9.0 6.390096 10.0 6.327657 11.0 6.274195 12.0 6.221399 13.0 6.169435 14.0 6.118428 15.0 6.068438 16.0 6.019493 17.0 5.971595 18.0 5.924714 19.0 5.878787 20.0 5.833426 21.0 5.786379 22.0 5.740186 23.0 5.694762 24.0 5.650039 25.0 5.605964 26.0 5.562513 27.0 5.519699 28.0 5.477578 29.0 5.436254 30.0 5.395890
63.302208  0.0 6.763663 1.0 6.767698 2.0 6.719461 3.0 6.651419 4.0 6.582738 5.0 6.512082 6.0 6.438594 7.0 6.365801 8.0 6.293981 9.0 6.223381 10.0 6.162455 11.0 6.109892 12.0 6.058003 13.0 6.006938 14.0 5.956808 15.0 5.907686 16.0 5.859601 17.0 5.812542 18.0 5.766477 19.0 5.721359 20.0 5.676801 21.0 5.630588 22.0 5.585218 23.0 5.540611 24.0 5.496693 25.0 5.453413 26.0 5.410753 27.0 5.368721 28.0 5.327370 29.0 5.286802 30.0 5.247173
65.420798  0.0 6.592430 1.0 6.595871 2.0 6.548291 3.0 6.481403 4.0 6.413935 5.0 6.344562 6.0 6.272432 7.0 6.201013 8.0 6.130572 9.0 6.061345 10.0 6.001902 11.0 5.950209 12.0 5.899183 13.0 5.848987 14.0 5.799716 15.0 5.751434 16.0 5.704169 17.0 5.657922 18.0 5.612654 19.0 5.568311 20.0 5.524524 21.0 5.479121 22.0 5.434547 23.0 5.390723 24.0 5.347581 25.0 5.305072 26.0 5.263172 27.0 5.221893 28.0 5.181284 29.0 5.141444 30.0 5.102525
67.610292  0.0 6.425965 1.0 6.428845 2.0 6.381889 3.0 6.316127 4.0 6.249842 5.0 6.181720 6.0 6.110910 7.0 6.040826 8.0 5.971723 9.0 5.903829 10.0 5.845835 11.0 5.794989 12.0 5.744809 13.0 5.695443 14.0 5.646994 15.0 5.599528 16.0 5.553063 17.0 5.507593 18.0 5.463089 19.0 5.419501 20.0 5.376458 21.0 5.331832 22.0 5.288026 23.0 5.244960 24.0 5.202566 25.0 5.160797 26.0 5.119631 27.0 5.079076 28.0 5.039183 29.0 5.000044 30.0 4.961805
69.873063  0.0 6.264099 1.0 6.266447 2.0 6.220126 3.0 6.155459 4.0 6.090324 5.0 6.023417 6.0 5.953893 7.0 5.885107 8.0 5.817305 9.0 5.750706 10.0 5.694121 11.0 5.644083 12.0 5.594721 13.0 5.546165 14.0 5.498514 15.0 5.451827 16.0 5.406131 17.0 5.361418 18.0 5.317653 19.0 5.274786 20.0 5.232462 21.0 5.188588 22.0 5.145521 23.0 5.103183 24.0 5.061510 25.0 5.020455 26.0 4.979995 27.0 4.940138 28.0 4.900931 29.0 4.862467 30.0 4.824887
72.211565  0.0 6.106689 1.0 6.108531 2.0 6.062837 3.0 5.999243 4.0 5.935233 5.0 5.869511 6.0 5.801233 7.0 5.733706 8.0 5.667166 9.0 5.601822 10.0 5.546619 11.0 5.497369 12.0 5.448786 13.0 5.401008 14.0 5.354129 15.0 5.308201 16.0 5.263245 17.0 5.219255 18.0 5.176205 19.0 5.134038 20.0 5.092404 21.0 5.049253 22.0 5.006897 23.0 4.965262 24.0 4.924283 25.0 4.883914 26.0 4.844132 27.0 4.804947 28.0 4.766403 29.0 4.728586 30.0 4.691634
74.628332  0.0 5.953609 1.0 5.954970 2.0 5.909880 3.0 5.847335 4.0 5.784420 5.0 5.719851 6.0 5.652785 7.0 5.586480 8.0 5.521165 9.0 5.457038 10.0 5.403186 11.0 5.354698 12.0 5.306876 13.0 5.259849 14.0 5.213708 15.0 5.168509 16.0 5.124270 17.0 5.080983 18.0 5.038616 19.0 4.997122 20.0 4.956154 21.0 4.913699 22.0 4.872028 23.0 4.831068 24.0 4.790756 25.0 4.751047 26.0 4.711919 27.0 4.673379 28.0 4.635469 29.0 4.598275 30.0 4.561931
77.125983  0.0 5.804717 1.0 5.805623 2.0 5.761129 3.0 5.699604 4.0 5.637756 5.0 5.574309 6.0 5.508423 7.0 5.443309 8.0 5.379184 9.0 5.316240 10.0 5.263703 11.0 5.215942 12.0 5.168852 13.0 5.122552 14.0 5.077128 15.0 5.032630 16.0 4.989077 17.0 4.946466 18.0 4.904761 19.0 4.863914 20.0 4.823586 21.0 4.781801 22.0 4.740789 23.0 4.700478 24.0 4.660808 25.0 4.621733 26.0 4.583231 27.0 4.545310 28.0 4.508012 29.0 4.471415 30.0 4.435649
79.707224  0.0 5.659875 1.0 5.660351 2.0 5.616451 3.0 5.555924 4.0 5.495117 5.0 5.432762 6.0 5.368019 7.0 5.304057 8.0 5.241084 9.0 5.179286 10.0 5.128038 11.0 5.080985 12.0 5.034596 13.0 4.988992 14.0 4.944257 15.0 4.900437 16.0 4.857549 17.0 4.815585 18.0 4.774515 19.0 4.734292 20.0 4.694580 21.0 4.653438 22.0 4.613059 23.0 4.573372 24.0 4.534316 25.0 4.495850 26.0 4.457952 27.0 4.420625 28.0 4.383909 29.0 4.347886 30.0 4.312680
82.374854  0.0 5.518959 1.0 5.519027 2.0 5.475711 3.0 5.416158 4.0 5.356365 5.0 5.295071 6.0 5.231439 7.0 5.168595 8.0 5.106741 9.0 5.046053 10.0 4.996065 11.0 4.949694 12.0 4.903986 13.0 4.859055 14.0 4.814981 15.0 4.771811 16.0 4.729562 17.0 4.688222 18.0 4.647763 19.0 4.608138 20.0 4.569019 21.0 4.528494 22.0 4.488722 23.0 4.449633 24.0 4.411170 25.0 4.373287 26.0 4.335963 27.0 4.299205 28.0 4.263053 29.0 4.227579 30.0 4.192901
85.131765  0.0 5.381861 1.0 5.381542 2.0 5.338786 3.0 5.280183 4.0 5.221378 5.0 5.161117 6.0 5.098566 7.0 5.036811 8.0 4.976044 9.0 4.916434 10.0 4.867675 11.0 4.821956 12.0 4.776901 13.0 4.732618 14.0 4.689183 15.0 4.646639 16.0 4.605001 17.0 4.564261 18.0 4.524389 19.0 4.485338 20.0 4.446787 21.0 4.406856 22.0 4.367666 23.0 4.329150 24.0 4.291251 25.0 4.253928 26.0 4.217159 27.0 4.180946 28.0 4.145326 29.0 4.110376 30.0 4.076213
87.980943  0.0 5.248449 1.0 5.247764 2.0 5.205570 3.0 5.147892 4.0 5.090050 5.0 5.030794 6.0 4.969290 7.0 4.908586 8.0 4.848870 9.0 4.790303 10.0 4.742750 11.0 4.697662 12.0 4.653233 13.0 4.609570 14.0 4.566747 15.0 4.524805 16.0 4.483756 17.0 4.443592 18.0 4.404283 19.0 4.365784 20.0 4.327776 21.0 4.288411 22.0 4.249779 23.0 4.211814 24.0 4.174459 25.0 4.137668 26.0 4.101424 27.0 4.065733 28.0 4.030630 29.0 3.996182 30.0 3.962499
90.925476  0.0 5.118607 1.0 5.117578 2.0 5.075935 3.0 5.019161 4.0 4.962256 5.0 4.903976 6.0 4.843486 7.0 4.783804 8.0 4.725106 9.0 4.667549 10.0 4.621175 11.0 4.576694 12.0 4.532869 13.0 4.489804 14.0 4.447568 15.0 4.406202 16.0 4.365718 17.0 4.326106 18.0 4.287336 19.0 4.249364 20.0 4.211879 21.0 4.173059 22.0 4.134960 23.0 4.097517 24.0 4.060677 25.0 4.024400 26.0 3.988665 27.0 3.953470 28.0 3.918850 29.0 3.884878 30.0 3.851664
93.968558  0.0 4.992226 1.0 4.990871 2.0 4.949770 3.0 4.893877 4.0 4.837884 5.0 4.780553 6.0 4.721048 7.0 4.662358 8.0 4.604650 9.0 4.548074 10.0 4.502851 11.0 4.458948 12.0 4.415702 13.0 4.373211 14.0 4.331540 15.0 4.290726 16.0 4.250783 17.0 4.211699 18.0 4.173447 19.0 4.135979 20.0 4.098991 21.0 4.060689 22.0 4.023100 23.0 3.986162 24.0 3.949817 25.0 3.914024 26.0 3.878766 27.0 3.844045 28.0 3.809896 29.0 3.776383 30.0 3.743603
97.113484  0.0 4.869209 1.0 4.867548 2.0 4.826967 3.0 4.771933 4.0 4.716829 5.0 4.660423 6.0 4.601877 7.0 4.544145 8.0 4.487393 9.0 4.431764 10.0 4.387670 11.0 4.344325 12.0 4.301634 13.0 4.259690 14.0 4.218559 15.0 4.178275 16.0 4.138849 17.0 4.100270 18.0 4.062510 19.0 4.025526 20.0 3.989016 21.0 3.951210 22.0 3.914105 23.0 3.877642 24.0 3.841766 25.0 3.806440 26.0 3.771643 27.0 3.737374 28.0 3.703662 29.0 3.670576 30.0 3.638219
100.363665  0.0 4.749443 1.0 4.747492 2.0 4.707432 3.0 4.653234 4.0 4.598994 5.0 4.543483 6.0 4.485862 7.0 4.429060 8.0 4.373233 9.0 4.318520 10.0 4.275531 11.0 4.232721 12.0 4.190561 13.0 4.149143 14.0 4.108528 15.0 4.068749 16.0 4.029818 17.0 3.991724 18.0 3.954434 19.0 3.917908 20.0 3.881850 21.0 3.844516 22.0 3.807876 23.0 3.771870 24.0 3.736443 25.0 3.701554 26.0 3.667188 27.0 3.633345 28.0 3.600057 29.0 3.567385 30.0 3.535422
103.722622  0.0 4.632827 1.0 4.630603 2.0 4.591053 3.0 4.537670 4.0 4.484270 5.0 4.429629 6.0 4.372905 7.0 4.317002 8.0 4.262073 9.0 4.208249 10.0 4.166340 11.0 4.124040 12.0 4.082388 13.0 4.041473 14.0 4.001351 15.0 3.962055 16.0 3.923595 17.0 3.885959 18.0 3.849119 19.0 3.813034 20.0 3.777409 21.0 3.740522 22.0 3.704320 23.0 3.668742 24.0 3.633738 25.0 3.599271 26.0 3.565320 27.0 3.531885 28.0 3.498988 29.0 3.466697 30.0 3.435108
107.193996  0.0 4.519265 1.0 4.516783 2.0 4.477733 3.0 4.425143 4.0 4.372561 5.0 4.318764 6.0 4.262912 7.0 4.207882 8.0 4.153820 9.0 4.100852 10.0 4.060002 11.0 4.018190 12.0 3.977023 13.0 3.936586 14.0 3.896935 15.0 3.858100 16.0 3.820090 17.0 3.782891 18.0 3.746477 19.0 3.710806 20.0 3.675590 21.0 3.639130 22.0 3.603347 23.0 3.568180 24.0 3.533578 25.0 3.499503 26.0 3.465936 27.0 3.432880 28.0 3.400361 29.0 3.368439 30.0 3.337207
110.781550  0.0 4.408665 1.0 4.405944 2.0 4.367378 3.0 4.315561 4.0 4.263776 5.0 4.210800 6.0 4.155790 7.0 4.101602 8.0 4.048378 9.0 3.996239 10.0 3.956426 11.0 3.915080 12.0 3.874375 13.0 3.834394 14.0 3.795190 15.0 3.756792 16.0 3.719209 17.0 3.682427 18.0 3.646419 19.0 3.611145 20.0 3.576315 21.0 3.540257 22.0 3.504864 23.0 3.470081 24.0 3.435858 25.0 3.402158 26.0 3.368961 27.0 3.336268 28.0 3.304102 29.0 3.272516 30.0 3.241606
114.489171  0.0 4.300938 1.0 4.297990 2.0 4.259901 3.0 4.208837 4.0 4.157825 5.0 4.105643 6.0 4.051447 7.0 3.998074 8.0 3.945659 9.0 3.894321 10.0 3.855524 11.0 3.814621 12.0 3.774357 13.0 3.734810 14.0 3.696031 15.0 3.658049 16.0 3.620869 17.0 3.584480 18.0 3.548854 19.0 3.513951 20.0 3.479490 21.0 3.443813 22.0 3.408794 23.0 3.374377 24.0 3.340511 25.0 3.307158 26.0 3.274301 27.0 3.241940 28.0 3.210101 29.0 3.178839 30.0 3.148241
118.320879  0.0 4.195990 1.0 4.192830 2.0 4.155210 3.0 4.104877 4.0 4.054615 5.0 4.003204 6.0 3.949795 7.0 3.897211 8.0 3.845579 9.0 3.795013 10.0 3.757212 11.0 3.716729 12.0 3.676882 13.0 3.637746 14.0 3.599370 15.0 3.561782 16.0 3.524986 17.0 3.488971 18.0 3.453708 19.0 3.419156 20.0 3.385038 21.0 3.349717 22.0 3.315044 23.0 3.280965 24.0 3.247431 25.0 3.214408 26.0 3.181875 27.0 3.149832 28.0 3.118303 29.0 3.087341 30.0 3.057025
122.280825  0.0 4.093738 1.0 4.090379 2.0 4.053217 3.0 4.003595 4.0 3.954062 5.0 3.903398 6.0 3.850753 7.0 3.798929 8.0 3.748051 9.0 3.698230 10.0 3.661406 11.0 3.621322 12.0 3.581870 13.0 3.543123 14.0 3.505128 15.0 3.467911 16.0 3.431476 17.0 3.395810 18.0 3.360886 19.0 3.326665 20.0 3.292874 21.0 3.257888 22.0 3.223543 23.0 3.189784 24.0 3.156564 25.0 3.123846 26.0 3.091608 27.0 3.059854 28.0 3.028605 29.0 2.997913 30.0 2.967861
126.373303  0.0 3.994098 1.0 3.990554 2.0 3.953839 3.0 3.904910 4.0 3.856086 5.0 3.806146 6.0 3.754236 7.0 3.703146 8.0 3.652997 9.0 3.603894 10.0 3.568027 11.0 3.528321 12.0 3.489243 13.0 3.450863 14.0 3.413229 15.0 3.376362 16.0 3.340266 17.0 3.304929 18.0 3.270323 19.0 3.236411 20.0 3.202920 21.0 3.168245 22.0 3.134202 23.0 3.100736 24.0 3.067803 25.0 3.035366 26.0 3.003406 27.0 2.971923 28.0 2.940938 29.0 2.910500 30.0 2.880691
130.602747  0.0 3.896994 1.0 3.893278 2.0 3.856998 3.0 3.808742 4.0 3.760606 5.0 3.711366 6.0 3.660166 7.0 3.609784 8.0 3.560336 9.0 3.511924 10.0 3.476997 11.0 3.437645 12.0 3.398918 13.0 3.360884 14.0 3.323585 15.0 3.287046 16.0 3.251268 17.0 3.216238 18.0 3.181931 19.0 3.148308 20.0 3.115100 21.0 3.080715 22.0 3.046954 23.0 3.013762 24.0 2.981096 25.0 2.948920 26.0 2.917215 27.0 2.885979 28.0 2.855234 29.0 2.825025 30.0 2.795430
134.973741  0.0 3.802346 1.0 3.798468 2.0 3.762616 3.0 3.715013 4.0 3.667542 5.0 3.618980 6.0 3.568465 7.0 3.518765 8.0 3.469993 9.0 3.422247 10.0 3.388241 11.0 3.349223 12.0 3.310827 13.0 3.273116 14.0 3.236134 15.0 3.199901 16.0 3.164419 17.0 3.129676 18.0 3.095644 19.0 3.062287 20.0 3.029338 21.0 2.995220 22.0 2.961716 23.0 2.928775 24.0 2.896351 25.0 2.864411 26.0 2.832934 27.0 2.801920 28.0 2.771388 29.0 2.741385 30.0 2.711987
139.491024  0.0 3.710078 1.0 3.706050 2.0 3.670615 3.0 3.623646 4.0 3.576820 5.0 3.528914 6.0 3.479059 7.0 3.430016 8.0 3.381895 9.0 3.334788 10.0 3.301687 11.0 3.262982 12.0 3.224894 13.0 3.187485 14.0 3.150796 15.0 3.114847 16.0 3.079640 17.0 3.045162 18.0 3.011385 19.0 2.978274 20.0 2.945563 21.0 2.911689 22.0 2.878420 23.0 2.845705 24.0 2.813502 25.0 2.781775 26.0 2.750506 27.0 2.719692 28.0 2.689352 29.0 2.659532 30.0 2.630306
144.159490  0.0 3.620117 1.0 3.615950 2.0 3.580921 3.0 3.534567 4.0 3.488368 5.0 3.441096 6.0 3.391876 7.0 3.343466 8.0 3.295969 9.0 3.249474 10.0 3.217261 11.0 3.178847 12.0 3.141046 13.0 3.103918 14.0 3.067502 15.0 3.031816 16.0 2.996863 17.0 2.962628 18.0 2.929085 19.0 2.896197 20.0 2.863704 21.0 2.830052 22.0 2.796998 23.0 2.764490 24.0 2.732486 25.0 2.700952 26.0 2.669865 27.0 2.639226 28.0 2.609054 29.0 2.579392 30.0 2.550313
148.984199  0.0 3.532392 1.0 3.528097 2.0 3.493465 3.0 3.447709 4.0 3.402116 5.0 3.355454 6.0 3.306847 7.0 3.259043 8.0 3.212144 9.0 3.166240 10.0 3.134899 11.0 3.096755 12.0 3.059221 13.0 3.022353 14.0 2.986189 15.0 2.950744 16.0 2.916021 17.0 2.882006 18.0 2.848674 19.0 2.815989 20.0 2.783690 21.0 2.750234 22.0 2.717366 23.0 2.685038 24.0 2.653206 25.0 2.621837 26.0 2.590912 27.0 2.560428 28.0 2.530403 29.0 2.500879 30.0 2.471926
153.970382  0.0 3.446836 1.0 3.442423 2.0 3.408178 3.0 3.363000 4.0 3.317993 5.0 3.271922 6.0 3.223902 7.0 3.176680 8.0 3.130358 9.0 3.085017 10.0 3.054535 11.0 3.016639 12.0 2.979346 13.0 2.942714 14.0 2.906776 15.0 2.871552 16.0 2.837040 17.0 2.803226 18.0 2.770086 19.0 2.737583 20.0 2.705459 21.0 2.672183 22.0 2.639481 23.0 2.607307 24.0 2.575622 25.0 2.544393 26.0 2.513601 27.0 2.483243 28.0 2.453335 29.0 2.423920 30.0 2.395064
159.123441  0.0 3.363382 1.0 3.358861 2.0 3.324992 3.0 3.280374 4.0 3.235934 5.0 3.190432 6.0 3.142975 7.0 3.096313 8.0 3.050541 9.0 3.005737 10.0 2.976096 11.0 2.938428 12.0 2.901359 13.0 2.864944 14.0 2.829216 15.0 2.794192 16.0 2.759868 17.0 2.726230 18.0 2.693255 19.0 2.660909 20.0 2.628934 21.0 2.595804 22.0 2.563246 23.0 2.531211 24.0 2.499659 25.0 2.468550 26.0 2.437864 27.0 2.407605 28.0 2.377789 29.0 2.348455 30.0 2.319671
164.448962  0.0 3.281965 1.0 3.277344 2.0 3.243842 3.0 3.199766 4.0 3.155875 5.0 3.110919 6.0 3.064003 7.0 3.017877 8.0 2.972628 9.0 2.928342 10.0 2.899528 11.0 2.862068 12.0 2.825203 13.0 2.788979 14.0 2.753433 15.0 2.718581 16.0 2.684423 17.0 2.650944 18.0 2.618119 19.0 2.585913 20.0 2.554071 21.0 2.521063 22.0 2.488617 23.0 2.456687 24.0 2.425231 25.0 2.394218 26.0 2.363628 27.0 2.333446 28.0 2.303693 29.0 2.274414 30.0 2.245673
169.952717  0.0 3.202522 1.0 3.197811 2.0 3.164666 3.0 3.121115 4.0 3.077751 5.0 3.033323 6.0 2.986926 7.0 2.941307 8.0 2.896563 9.0 2.852768 10.0 2.824771 11.0 2.787492 12.0 2.750802 13.0 2.714751 14.0 2.679372 15.0 2.644678 16.0 2.610666 17.0 2.577316 18.0 2.544611 19.0 2.512515 20.0 2.480775 21.0 2.447878 22.0 2.415535 23.0 2.383683 24.0 2.352297 25.0 2.321346 26.0 2.290811 27.0 2.260688 28.0 2.230977 29.0 2.201724 30.0 2.172998
175.640671  0.0 3.124993 1.0 3.120200 2.0 3.087402 3.0 3.044357 4.0 3.001503 5.0 2.957583 6.0 2.911678 7.0 2.866548 8.0 2.822284 9.0 2.778950 10.0 2.751755 11.0 2.714641 12.0 2.678111 13.0 2.642215 14.0 2.606973 15.0 2.572405 16.0 2.538511 17.0 2.505278 18.0 2.472680 19.0 2.440677 20.0 2.409013 21.0 2.376186 22.0 2.343905 23.0 2.312125 24.0 2.280789 25.0 2.249872 26.0 2.219364 27.0 2.189260 28.0 2.159571 29.0 2.130314 30.0 2.101574
181.518988  0.0 3.049318 1.0 3.044452 2.0 3.011991 3.0 2.969436 4.0 2.927074 5.0 2.883638 6.0 2.838204 7.0 2.793543 8.0 2.749727 9.0 2.706840 10.0 2.680433 11.0 2.643464 12.0 2.607067 13.0 2.571292 14.0 2.536172 15.0 2.501719 16.0 2.467926 17.0 2.434774 18.0 2.402246 19.0 2.370311 20.0 2.338717 21.0 2.305941 22.0 2.273694 23.0 2.241938 24.0 2.210635 25.0 2.179730 26.0 2.149219 27.0 2.119105 28.0 2.089402 29.0 2.060112 30.0 2.031330
187.594040  0.0 2.975440 1.0 2.970509 2.0 2.938375 3.0 2.896293 4.0 2.854405 5.0 2.811432 6.0 2.766450 7.0 2.722224 8.0 2.678843 9.0 2.636375 10.0 2.610748 11.0 2.573893 12.0 2.537610 13.0 2.501946 14.0 2.466922 15.0 2.432546 16.0 2.398827 17.0 2.365749 18.0 2.333278 19.0 2.301378 20.0 2.269810 21.0 2.237068 22.0 2.204837 23.0 2.173077 24.0 2.141762 25.0 2.110852 26.0 2.080309 27.0 2.050154 28.0 2.020403 29.0 1.991049 30.0 1.962192
193.872411  0.0 2.903304 1.0 2.898315 2.0 2.866499 3.0 2.824873 4.0 2.783436 5.0 2.740911 6.0 2.696355 7.0 2.652547 8.0 2.609576 9.0 2.567497 10.0 2.542635 11.0 2.505882 12.0 2.469697 13.0 2.434106 14.0 2.399153 15.0 2.364849 16.0 2.331178 17.0 2.298131 18.0 2.265691 19.0 2.233824 20.0 2.202255 21.0 2.169501 22.0 2.137269 23.0 2.105479 24.0 2.074122 25.0 2.043171 26.0 2.012565 27.0 1.982340 28.0 1.952501 29.0 1.923052 30.0 1.894091
200.360906  0.0 2.832856 1.0 2.827817 2.0 2.796308 3.0 2.755118 4.0 2.714119 5.0 2.672022 6.0 2.627865 7.0 2.584457 8.0 2.541863 9.0 2.500164 10.0 2.476055 11.0 2.439378 12.0 2.403251 13.0 2.367728 14.0 2.332827 15.0 2.298551 16.0 2.264912 17.0 2.231889 18.0 2.199442 19.0 2.167560 20.0 2.135992 21.0 2.103196 22.0 2.070913 23.0 2.039078 24.0 2.007648 25.0 1.976617 26.0 1.945919 27.0 1.915592 28.0 1.885627 29.0 1.856051 30.0 1.826951
207.066557  0.0 2.764043 1.0 2.758960 2.0 2.727749 3.0 2.686979 4.0 2.646401 5.0 2.604705 6.0 2.560933 7.0 2.517893 8.0 2.475664 9.0 2.434307 10.0 2.410948 11.0 2.374320 12.0 2.338247 13.0 2.302753 14.0 2.267873 15.0 2.233624 16.0 2.199975 17.0 2.166939 18.0 2.134483 19.0 2.102557 20.0 2.070937 21.0 2.038091 22.0 2.005725 23.0 1.973810 24.0 1.942275 25.0 1.911133 26.0 1.880306 27.0 1.849844 28.0 1.819711 29.0 1.789978 30.0 1.760666
213.996632  0.0 2.696811 1.0 2.691692 2.0 2.660769 3.0 2.620405 4.0 2.580228 5.0 2.538916 6.0 2.495505 7.0 2.452812 8.0 2.410921 9.0 2.369887 10.0 2.347261 11.0 2.310673 12.0 2.274609 13.0 2.239133 14.0 2.204255 15.0 2.169982 16.0 2.136329 17.0 2.103243 18.0 2.070737 19.0 2.038757 20.0 2.007053 21.0 1.974124 22.0 1.941644 23.0 1.909611 24.0 1.877939 25.0 1.846644 26.0 1.815656 27.0 1.785014 28.0 1.754685 29.0 1.724735 30.0 1.695193
221.158641  0.0 2.631113 1.0 2.625965 2.0 2.595320 3.0 2.555347 4.0 2.515547 5.0 2.474606 6.0 2.431526 7.0 2.389167 8.0 2.347582 9.0 2.306853 10.0 2.284958 11.0 2.248362 12.0 2.212308 13.0 2.176811 14.0 2.141910 15.0 2.107603 16.0 2.073886 17.0 2.040754 18.0 2.008158 19.0 1.976101 20.0 1.944283 21.0 1.911232 22.0 1.878607 23.0 1.846417 24.0 1.814575 25.0 1.783084 26.0 1.751903 27.0 1.721024 28.0 1.690479 29.0 1.660247 30.0 1.630433
228.560347  0.0 2.566900 1.0 2.561730 2.0 2.531355 3.0 2.491750 4.0 2.452317 5.0 2.411721 6.0 2.368957 7.0 2.326894 8.0 2.285610 9.0 2.245147 10.0 2.223967 11.0 2.187366 12.0 2.151275 13.0 2.115749 14.0 2.080789 15.0 2.046423 16.0 2.012624 17.0 1.979398 18.0 1.946698 19.0 1.914512 20.0 1.882566 21.0 1.849350 22.0 1.816551 23.0 1.784164 24.0 1.752117 25.0 1.720388 26.0 1.688972 27.0 1.657820 28.0 1.626968 29.0 1.596453 30.0 1.566295
236.209773  0.0 2.504127 1.0 2.498942 2.0 2.468825 3.0 2.429571 4.0 2.390489 5.0 2.350214 6.0 2.307747 7.0 2.265961 8.0 2.224937 9.0 2.184739 10.0 2.164265 11.0 2.127615 12.0 2.091481 13.0 2.055878 14.0 2.020856 15.0 1.986381 16.0 1.952490 17.0 1.919128 18.0 1.886301 19.0 1.853953 20.0 1.821843 21.0 1.788428 22.0 1.755413 23.0 1.722786 24.0 1.690501 25.0 1.658489 26.0 1.626763 27.0 1.595311 28.0 1.564128 29.0 1.533224 30.0 1.502673
244.115209  0.0 2.442747 1.0 2.437547 2.0 2.407678 3.0 2.368765 4.0 2.330010 5.0 2.290045 6.0 2.247841 7.0 2.206319 8.0 2.165536 9.0 2.125554 10.0 2.105790 11.0 2.069079 12.0 2.032856 13.0 1.997177 14.0 1.962029 15.0 1.927446 16.0 1.893411 17.0 1.859898 18.0 1.826909 19.0 1.794366 20.0 1.762052 21.0 1.728404 22.0 1.695132 23.0 1.662220 24.0 1.629626 25.0 1.597315 26.0 1.565240 27.0 1.533402 28.0 1.501810 29.0 1.470488 30.0 1.439483
252.285223  0.0 2.382708 1.0 2.377505 2.0 2.347876 3.0 2.309289 4.0 2.270840 5.0 2.231165 6.0 2.189208 7.0 2.147912 8.0 2.107350 9.0 2.067578 10.0 2.048504 11.0 2.011695 12.0 1.975381 13.0 1.939564 14.0 1.904290 15.0 1.869561 16.0 1.835345 17.0 1.801654 18.0 1.768456 19.0 1.735692 20.0 1.703134 21.0 1.669203 22.0 1.635643 23.0 1.602402 24.0 1.569451 25.0 1.536752 26.0 1.504278 27.0 1.472014 28.0 1.439960 29.0 1.408140 30.0 1.376599
260.728669  0.0 2.323973 1.0 2.318774 2.0 2.289375 3.0 2.251087 4.0 2.212939 5.0 2.173524 6.0 2.131794 7.0 2.090713 8.0 2.050338 9.0 2.010737 10.0 1.992359 11.0 1.955439 12.0 1.918975 13.0 1.883018 14.0 1.847587 15.0 1.812658 16.0 1.778247 17.0 1.744339 18.0 1.710895 19.0 1.677872 20.0 1.645028 21.0 1.610767 22.0 1.576858 23.0 1.543251 24.0 1.509901 25.0 1.476769 26.0 1.443827 27.0 1.411057 28.0 1.378461 29.0 1.346059 30.0 1.313897
269.454700  0.0 2.266500 1.0 2.261311 2.0 2.232131 3.0 2.194128 4.0 2.156256 5.0 2.117091 6.0 2.075556 7.0 2.034656 8.0 1.994458 9.0 1.955013 10.0 1.937313 11.0 1.900238 12.0 1.863621 13.0 1.827493 14.0 1.791846 15.0 1.756705 16.0 1.722062 17.0 1.687896 18.0 1.654172 19.0 1.620848 20.0 1.587674 21.0 1.553036 22.0 1.518721 23.0 1.484678 24.0 1.450860 25.0 1.417230 26.0 1.383758 27.0 1.350412 28.0 1.317187 29.0 1.284118 30.0 1.251250
278.472772  0.0 2.210248 1.0 2.205067 2.0 2.176095 3.0 2.138372 4.0 2.100750 5.0 2.061814 6.0 2.020464 7.0 1.979719 8.0 1.939658 9.0 1.900333 10.0 1.883320 11.0 1.846077 12.0 1.809265 13.0 1.772912 14.0 1.737040 15.0 1.701651 16.0 1.666734 17.0 1.632270 18.0 1.598228 19.0 1.564561 20.0 1.531011 21.0 1.495951 22.0 1.461177 23.0 1.426629 24.0 1.392270 25.0 1.358061 26.0 1.323972 27.0 1.289956 28.0 1.256015 29.0 1.222188 30.0 1.188452
287.792660  0.0 2.155167 1.0 2.150006 2.0 2.121235 3.0 2.083764 4.0 2.046389 5.0 2.007652 6.0 1.966449 7.0 1.925846 8.0 1.885907 9.0 1.846685 10.0 1.830343 11.0 1.792886 12.0 1.755848 13.0 1.719255 14.0 1.683119 15.0 1.647441 16.0 1.612210 17.0 1.577402 18.0 1.542988 19.0 1.508931 20.0 1.474955 21.0 1.439397 22.0 1.404095 23.0 1.368998 24.0 1.334031 25.0 1.299157 26.0 1.264366 27.0 1.229565 28.0 1.194814 29.0 1.160057 30.0 1.125357
297.424464  0.0 2.101225 1.0 2.096090 2.0 2.067513 3.0 2.030273 4.0 1.993120 5.0 1.954577 6.0 1.913500 7.0 1.873004 8.0 1.833151 9.0 1.793994 10.0 1.778327 11.0 1.740638 12.0 1.703345 13.0 1.666473 14.0 1.630033 15.0 1.594024 16.0 1.558433 17.0 1.523237 18.0 1.488405 19.0 1.453898 20.0 1.419440 21.0 1.383347 22.0 1.347436 23.0 1.311684 24.0 1.276028 25.0 1.240401 26.0 1.204771 27.0 1.169118 28.0 1.133374 29.0 1.097571 30.0 1.061726
307.378625  0.0 2.048384 1.0 2.043283 2.0 2.014876 3.0 1.977865 4.0 1.940908 5.0 1.902524 6.0 1.861554 7.0 1.821143 8.0 1.781356 9.0 1.742242 10.0 1.727252 11.0 1.689293 12.0 1.651707 13.0 1.614516 14.0 1.577729 15.0 1.541344 16.0 1.505347 17.0 1.469716 18.0 1.434419 19.0 1.399416 20.0 1.364404 21.0 1.327665 22.0 1.291096 23.0 1.254600 24.0 1.218141 25.0 1.181665 26.0 1.145088 27.0 1.108383 28.0 1.071526 29.0 1.034502 30.0 0.997287
317.665930  0.0 1.996604 1.0 1.991530 2.0 1.963295 3.0 1.926486 4.0 1.889725 5.0 1.851479 6.0 1.810587 7.0 1.770234 8.0 1.730482 9.0 1.691382 10.0 1.677046 11.0 1.638785 12.0 1.600872 13.0 1.563331 14.0 1.526154 15.0 1.489347 16.0 1.452899 17.0 1.416785 18.0 1.380961 19.0 1.345369 20.0 1.309749 21.0 1.272298 22.0 1.234959 23.0 1.197631 24.0 1.160251 25.0 1.122762 26.0 1.085098 27.0 1.047205 28.0 1.009018 29.0 0.970516 30.0 0.931690
328.297529  0.0 1.945838 1.0 1.940808 2.0 1.912738 3.0 1.876109 4.0 1.839506 5.0 1.801387 6.0 1.760546 7.0 1.720221 8.0 1.680472 9.0 1.641353 10.0 1.627690 11.0 1.589087 12.0 1.550805 13.0 1.512865 14.0 1.475256 15.0 1.437980 16.0 1.401031 17.0 1.364363 18.0 1.327935 19.0 1.291722 20.0 1.255383 21.0 1.217134 22.0 1.178910 23.0 1.140626 24.0 1.102200 25.0 1.063554 26.0 1.024623 27.0 0.985304 28.0 0.945567 29.0 0.905312 30.0 0.864518
339.284944  0.0 1.896063 1.0 1.891083 2.0 1.863152 3.0 1.826702 4.0 1.790242 5.0 1.752218 6.0 1.711407 7.0 1.671087 8.0 1.631309 9.0 1.592133 10.0 1.579145 11.0 1.540157 12.0 1.501461 13.0 1.463077 14.0 1.424982 15.0 1.387187 16.0 1.349671 17.0 1.312380 18.0 1.275294 19.0 1.238351 20.0 1.201222 21.0 1.162060 22.0 1.122832 23.0 1.083453 24.0 1.043816 25.0 1.003822 26.0 0.963385 27.0 0.922402 28.0 0.880761 29.0 0.838380 30.0 nan
350.640085  0.0 1.847241 1.0 1.842303 2.0 1.814512 3.0 1.778205 4.0 1.741876 5.0 1.703929 6.0 1.663110 7.0 1.622757 8.0 1.582934 9.0 1.543679 10.0 1.531348 11.0 1.491948 12.0 1.452792 13.0 1.413917 14.0 1.375278 15.0 1.336916 16.0 1.298744 17.0 1.260775 18.0 1.222948 19.0 1.185175 20.0 1.147155 21.0 1.106962 22.0 1.066580 23.0 1.025922 24.0 0.984870 25.0 0.943307 26.0 0.901090 27.0 0.858091 28.0 0.814150 29.0 nan 30.0 nan
362.375259  0.0 1.799319 1.0 1.794443 2.0 1.766786 3.0 1.730609 4.0 1.694382 5.0 1.656486 6.0 1.615644 7.0 1.575223 8.0 1.535303 9.0 1.495937 10.0 1.484268 11.0 1.444413 12.0 1.404748 13.0 1.365321 14.0 1.326092 15.0 1.287062 16.0 1.248205 17.0 1.209467 18.0 1.170781 19.0 1.132096 20.0 1.093065 21.0 1.051659 22.0 1.009973 23.0 0.967845 24.0 0.925140 25.0 0.881684 26.0 0.837339 27.0 nan 28.0 nan 29.0 nan 30.0 nan
374.503183  0.0 1.752283 1.0 1.747475 2.0 1.719917 3.0 1.683856 4.0 1.647716 5.0 1.609846 6.0 1.568937 7.0 1.528442 8.0 1.488388 9.0 1.448859 10.0 1.437866 11.0 1.397503 12.0 1.357280 13.0 1.317238 14.0 1.277362 15.0 1.237611 16.0 1.197952 17.0 1.158341 18.0 1.118717 19.0 1.078978 20.0 1.038775 21.0 0.996017 22.0 0.952788 23.0 0.908925 24.0 0.864261 25.0 0.818560 26.0 nan 27.0 nan 28.0 nan 29.0 nan 30.0 nan
387.037004  0.0 1.706090 1.0 1.701338 2.0 1.673896 3.0 1.637926 4.0 1.601848 5.0 1.563985 6.0 1.522977 7.0 1.482346 8.0 1.442143 9.0 1.402411 10.0 1.392097 11.0 1.351170 12.0 1.310338 13.0 1.269620 14.0 1.228999 15.0 1.188442 16.0 1.147903 17.0 1.107326 18.0 1.066615 19.0 1.025694 20.0 0.984159 21.0 0.939818 22.0 0.894809 23.0 0.848881 24.0 0.801835 25.0 nan 26.0 nan 27.0 nan 28.0 nan 29.0 nan 30.0 nan
399.990304  0.0 1.660698 1.0 1.656026 2.0 1.628667 3.0 1.592771 4.0 1.556734 5.0 1.518840 6.0 1.477724 7.0 1.436918 8.0 1.396523 9.0 1.356545 10.0 1.346913 11.0 1.305365 12.0 1.263869 13.0 1.222413 14.0 1.180972 15.0 1.139509 16.0 1.097975 17.0 1.056302 18.0 1.014368 19.0 0.972081 20.0 0.929010 21.0 0.882825 22.0 0.835676 23.0 nan 24.0 nan 25.0 nan 26.0 nan 27.0 nan 28.0 nan 29.0 nan 30.0 nan
413.377123  0.0 1.616093 1.0 1.611487 2.0 1.584210 3.0 1.548368 4.0 1.512353 5.0 1.474401 6.0 1.433114 7.0 1.392116 8.0 1.351480 9.0 1.311215 10.0 1.302270 11.0 1.260038 12.0 1.217790 13.0 1.175510 14.0 1.133172 15.0 1.090710 16.0 1.048063 17.0 1.005129 18.0 0.961808 19.0 0.917955 20.0 0.873091 21.0 0.824705 22.0 nan 23.0 nan 24.0 nan 25.0 nan 26.0 nan 27.0 nan 28.0 nan 29.0 nan 30.0 nan
427.211971  0.0 1.572208 1.0 1.567695 2.0 1.540481 3.0 1.504666 4.0 1.468640 5.0 1.430620 6.0 1.389127 7.0 1.347894 8.0 1.306969 9.0 1.266371 10.0 1.258118 11.0 1.215141 12.0 1.172076 13.0 1.128890 14.0 1.085529 15.0 1.041942 16.0 0.998038 17.0 0.953689 18.0 0.908760 19.0 0.863081 20.0 0.816087 21.0 nan 22.0 nan 23.0 nan 24.0 nan 25.0 nan 26.0 nan 27.0 nan 28.0 nan 29.0 nan 30.0 nan
441.509842  0.0 1.529048 1.0 1.524614 2.0 1.497454 3.0 1.461654 4.0 1.425587 5.0 1.387444 6.0 1.345723 7.0 1.304206 8.0 1.262941 9.0 1.221961 10.0 1.214411 11.0 1.170626 12.0 1.126640 13.0 1.082449 14.0 1.037955 15.0 0.993098 16.0 0.947764 17.0 0.901788 18.0 0.855010 19.0 0.807162 20.0 nan 21.0 nan 22.0 nan 23.0 nan 24.0 nan 25.0 nan 26.0 nan 27.0 nan 28.0 nan 29.0 nan 30.0 nan
456.286231  0.0 1.486542 1.0 1.482210 2.0 1.455082 3.0 1.419260 4.0 1.383151 5.0 1.344854 6.0 1.302858 7.0 1.261007 8.0 1.219349 9.0 1.177915 10.0 1.171101 11.0 1.126402 12.0 1.081434 13.0 1.036099 14.0 0.990349 15.0 0.944056 16.0 0.897075 17.0 0.849219 18.0 0.800256 19.0 nan 20.0 nan 21.0 nan 22.0 nan 23.0 nan 24.0 nan 25.0 nan 26.0 nan 27.0 nan 28.0 nan 29.0 nan 30.0 nan
471.557155  0.0 1.444691 1.0 1.440447 2.0 1.413353 3.0 1.377480 4.0 1.341275 5.0 1.302806 6.0 1.260486 7.0 1.218250 8.0 1.176144 9.0 1.134201 10.0 1.128118 11.0 1.082439 12.0 1.036340 13.0 0.989762 14.0 0.942571 15.0 0.894658 16.0 0.845794 17.0 nan 18.0 nan 19.0 nan 20.0 nan 21.0 nan 22.0 nan 23.0 nan 24.0 nan 25.0 nan 26.0 nan 27.0 nan 28.0 nan 29.0 nan 30.0 nan
487.339164  0.0 1.403428 1.0 1.399302 2.0 1.372198 3.0 1.336275 4.0 1.299940 5.0 1.261258 6.0 1.218564 7.0 1.175888 8.0 1.133280 9.0 1.090746 10.0 1.085410 11.0 1.038631 12.0 0.991302 13.0 0.943306 14.0 0.894517 15.0 0.844708 16.0 nan 17.0 nan 18.0 nan 19.0 nan 20.0 nan 21.0 nan 22.0 nan 23.0 nan 24.0 nan 25.0 nan 26.0 nan 27.0 nan 28.0 nan 29.0 nan 30.0 nan
503.649363  0.0 1.362743 1.0 1.358718 2.0 1.331610 3.0 1.295585 4.0 1.259106 5.0 1.220165 6.0 1.177044 7.0 1.133875 8.0 1.090682 9.0 1.047483 10.0 1.042921 11.0 0.994927 12.0 0.946223 13.0 0.896627 14.0 0.845987 15.0 nan 16.0 nan 17.0 nan 18.0 nan 19.0 nan 20.0 nan 21.0 nan 22.0 nan 23.0 nan 24.0 nan 25.0 nan 26.0 nan 27.0 nan 28.0 nan 29.0 nan 30.0 nan
520.505430  0.0 1.322601 1.0 1.318686 2.0 1.291552 3.0 1.255389 4.0 1.218729 5.0 1.179484 6.0 1.135882 7.0 1.092152 8.0 1.048296 9.0 1.004329 10.0 1.000580 11.0 0.951232 12.0 0.900962 13.0 0.849566 14.0 nan 15.0 nan 16.0 nan 17.0 nan 18.0 nan 19.0 nan 20.0 nan 21.0 nan 22.0 nan 23.0 nan 24.0 nan 25.0 nan 26.0 nan 27.0 nan 28.0 nan 29.0 nan 30.0 nan
537.925633  0.0 1.282943 1.0 1.279162 2.0 1.251972 3.0 1.215650 4.0 1.178768 5.0 1.139169 6.0 1.095031 7.0 1.050644 8.0 1.006045 9.0 0.961216 10.0 0.958290 11.0 0.907448 12.0 0.855436 13.0 0.801958 14.0 nan 15.0 nan 16.0 nan 17.0 nan 18.0 nan 19.0 nan 20.0 nan 21.0 nan 22.0 nan 23.0 nan 24.0 nan 25.0 nan 26.0 nan 27.0 nan 28.0 nan 29.0 nan 30.0 nan
555.928853  0.0 1.243757 1.0 1.240096 2.0 1.212837 3.0 1.176325 4.0 1.139177 5.0 1.099176 6.0 1.054418 7.0 1.009316 8.0 0.963866 9.0 0.918048 10.0 0.915988 11.0 0.863461 12.0 0.809446 13.0 nan 14.0 nan 15.0 nan 16.0 nan 17.0 nan 18.0 nan 19.0 nan 20.0 nan 21.0 nan 22.0 nan 23.0 nan 24.0 nan 25.0 nan 26.0 nan 27.0 nan 28.0 nan 29.0 nan 30.0 nan
574.534602  0.0 1.205003 1.0 1.201468 2.0 1.174116 3.0 1.137372 4.0 1.099913 5.0 1.059460 6.0 1.014000 7.0 0.968082 8.0 0.921664 9.0 0.874731 10.0 0.873564 11.0 0.819133 12.0 nan 13.0 nan 14.0 nan 15.0 nan 16.0 nan 17.0 nan 18.0 nan 19.0 nan 20.0 nan 21.0 nan 22.0 nan 23.0 nan 24.0 nan 25.0 nan 26.0 nan 27.0 nan 28.0 nan 29.0 nan 30.0 nan
593.763046  0.0 1.166642 1.0 1.163239 2.0 1.135767 3.0 1.098748 4.0 1.060932 5.0 1.019950 6.0 0.973704 7.0 0.926856 8.0 0.879344 9.0 0.831100 10.0 0.830899 11.0 nan 12.0 nan 13.0 nan 14.0 nan 15.0 nan 16.0 nan 17.0 nan 18.0 nan 19.0 nan 20.0 nan 21.0 nan 22.0 nan 23.0 nan 24.0 nan 25.0 nan 26.0 nan 27.0 nan 28.0 nan 29.0 nan 30.0 nan
613.635024  0.0 1.128631 1.0 1.125368 2.0 1.097749 3.0 1.060411 4.0 1.022186 5.0 0.980598 6.0 0.933472 7.0 0.885567 8.0 0.836810 9.0 nan 10.0 nan 11.0 nan 12.0 nan 13.0 nan 14.0 nan 15.0 nan 16.0 nan 17.0 nan 18.0 nan 19.0 nan 20.0 nan 21.0 nan 22.0 nan 23.0 nan 24.0 nan 25.0 nan 26.0 nan 27.0 nan 28.0 nan 29.0 nan 30.0 nan
634.172075  0.0 1.090932 1.0 1.087814 2.0 1.060020 3.0 1.022313 4.0 0.983592 5.0 0.941334 6.0 0.893211 7.0 0.844100 8.0 nan 9.0 nan 10.0 nan 11.0 nan 12.0 nan 13.0 nan 14.0 nan 15.0 nan 16.0 nan 17.0 nan 18.0 nan 19.0 nan 20.0 nan 21.0 nan 22.0 nan 23.0 nan 24.0 nan 25.0 nan 26.0 nan 27.0 nan 28.0 nan 29.0 nan 30.0 nan
655.396458  0.0 1.053502 1.0 1.050537 2.0 1.022537 3.0 0.984379 4.0 0.945134 5.0 0.902098 6.0 0.852829 7.0 0.802347 8.0 nan 9.0 nan 10.0 nan 11.0 nan 12.0 nan 13.0 nan 14.0 nan 15.0 nan 16.0 nan 17.0 nan 18.0 nan 19.0 nan 20.0 nan 21.0 nan 22.0 nan 23.0 nan 24.0 nan 25.0 nan 26.0 nan 27.0 nan 28.0 nan 29.0 nan 30.0 nan
677.331175  0.0 1.016301 1.0 1.013497 2.0 0.985227 3.0 0.946594 4.0 0.906707 5.0 0.862799 6.0 0.812233 7.0 nan 8.0 nan 9.0 nan 10.0 nan 11.0 nan 12.0 nan 13.0 nan 14.0 nan 15.0 nan 16.0 nan 17.0 nan 18.0 nan 19.0 nan 20.0 nan 21.0 nan 22.0 nan 23.0 nan 24.0 nan 25.0 nan 26.0 nan 27.0 nan 28.0 nan 29.0 nan 30.0 nan
700.000000  0.0 0.979291 1.0 0.976638 2.0 0.948071 3.0 0.908854 4.0 0.868257 5.0 0.823346 6.0 nan 7.0 nan 8.0 nan 9.0 nan 10.0 nan 11.0 nan 12.0 nan 13.0 nan 14.0 nan 15.0 nan 16.0 nan 17.0 nan 18.0 nan 19.0 nan 20.0 nan 21.0 nan 22.0 nan 23.0 nan 24.0 nan 25.0 nan 26.0 nan 27.0 nan 28.0 nan 29.0 nan 30.0 nan
