0.010000  0.0 0.141123 1.0 0.160659 2.0 0.178262 3.0 0.194162 4.0 0.208561 5.0 0.221638 6.0 0.233554 7.0 0.244445 8.0 0.254433 9.0 0.263621 10.0 0.272101 11.0 0.279950 12.0 0.287235 13.0 0.294012 14.0 0.300328 15.0 0.306222 16.0 0.311728 17.0 0.316872 18.0 0.321673 19.0 0.326151 20.0 0.330320 21.0 0.334193 22.0 0.337779 23.0 0.341088 24.0 0.344132 25.0 0.346921 26.0 0.349468 27.0 0.351788 28.0 0.353899 29.0 0.355824 30.0 0.357589
0.010577  0.0 0.141744 1.0 0.161364 2.0 0.179041 3.0 0.195008 4.0 0.209468 5.0 0.222601 6.0 0.234567 7.0 0.245503 8.0 0.255532 9.0 0.264760 10.0 0.273275 11.0 0.281156 12.0 0.288471 13.0 0.295277 14.0 0.301619 15.0 0.307537 16.0 0.313066 17.0 0.318228 18.0 0.323051 19.0 0.327548 20.0 0.331734 21.0 0.335621 22.0 0.339220 23.0 0.342545 24.0 0.345600 25.0 0.348399 26.0 0.350957 27.0 0.353285 28.0 0.355405 29.0 0.357336 30.0 0.359110
0.011187  0.0 0.142370 1.0 0.162074 2.0 0.179828 3.0 0.195862 4.0 0.210383 5.0 0.223572 6.0 0.235588 7.0 0.246571 8.0 0.256642 9.0 0.265907 10.0 0.274457 11.0 0.282373 12.0 0.289719 13.0 0.296551 14.0 0.302920 15.0 0.308864 16.0 0.314414 17.0 0.319599 18.0 0.324439 19.0 0.328955 20.0 0.333157 21.0 0.337060 22.0 0.340677 23.0 0.344012 24.0 0.347081 25.0 0.349892 26.0 0.352458 27.0 0.354796 28.0 0.356924 29.0 0.358865 30.0 0.360645
0.011832  0.0 0.143001 1.0 0.162790 2.0 0.180620 3.0 0.196723 4.0 0.211306 5.0 0.224550 6.0 0.236618 7.0 0.247647 8.0 0.257761 9.0 0.267065 10.0 0.275651 11.0 0.283599 12.0 0.290976 13.0 0.297837 14.0 0.304232 15.0 0.310200 16.0 0.315774 17.0 0.320981 18.0 0.325842 19.0 0.330374 20.0 0.334595 21.0 0.338515 22.0 0.342144 23.0 0.345494 24.0 0.348574 25.0 0.351397 26.0 0.353974 27.0 0.356321 28.0 0.358458 29.0 0.360405 30.0 0.362191
0.012514  0.0 0.143638 1.0 0.163513 2.0 0.181419 3.0 0.197592 4.0 0.212238 5.0 0.225539 6.0 0.237657 7.0 0.248733 8.0 0.258889 9.0 0.268234 10.0 0.276856 11.0 0.284837 12.0 0.292244 13.0 0.299135 14.0 0.305557 15.0 0.311549 16.0 0.317147 17.0 0.322373 18.0 0.327256 19.0 0.331808 20.0 0.336045 21.0 0.339980 22.0 0.343623 23.0 0.346988 24.0 0.350080 25.0 0.352914 26.0 0.355502 27.0 0.357859 28.0 0.360003 29.0 0.361958 30.0 0.363753
0.013235  0.0 0.144281 1.0 0.164243 2.0 0.182227 3.0 0.198469 4.0 0.213177 5.0 0.226536 6.0 0.238706 7.0 0.249829 8.0 0.260029 9.0 0.269412 10.0 0.278070 11.0 0.286086 12.0 0.293525 13.0 0.300443 14.0 0.306893 15.0 0.312911 16.0 0.318530 17.0 0.323780 18.0 0.328680 19.0 0.333252 20.0 0.337507 21.0 0.341458 22.0 0.345118 23.0 0.348495 24.0 0.351601 25.0 0.354446 26.0 0.357043 27.0 0.359409 28.0 0.361563 29.0 0.363527 30.0 0.365328
0.013999  0.0 0.144929 1.0 0.164978 2.0 0.183041 3.0 0.199354 4.0 0.214126 5.0 0.227541 6.0 0.239763 7.0 0.250934 8.0 0.261178 9.0 0.270600 10.0 0.279296 11.0 0.287345 12.0 0.294815 13.0 0.301764 14.0 0.308240 15.0 0.314283 16.0 0.319927 17.0 0.325199 18.0 0.330120 19.0 0.334709 20.0 0.338982 21.0 0.342951 22.0 0.346625 23.0 0.350015 24.0 0.353133 25.0 0.355991 26.0 0.358599 27.0 0.360975 28.0 0.363137 29.0 0.365108 30.0 0.366915
0.014806  0.0 0.145583 1.0 0.165721 2.0 0.183862 3.0 0.200246 4.0 0.215082 5.0 0.228556 6.0 0.240831 7.0 0.252049 8.0 0.262336 9.0 0.271801 10.0 0.280533 11.0 0.288616 12.0 0.296118 13.0 0.303097 14.0 0.309600 15.0 0.315668 16.0 0.321336 17.0 0.326629 18.0 0.331572 19.0 0.336181 20.0 0.340471 21.0 0.344455 22.0 0.348143 23.0 0.351550 24.0 0.354680 25.0 0.357548 26.0 0.360168 27.0 0.362553 28.0 0.364724 29.0 0.366702 30.0 0.368518
0.015659  0.0 0.146244 1.0 0.166470 2.0 0.184692 3.0 0.201146 4.0 0.216046 5.0 0.229580 6.0 0.241908 7.0 0.253175 8.0 0.263506 9.0 0.273011 10.0 0.281781 11.0 0.289899 12.0 0.297433 13.0 0.304440 14.0 0.310972 15.0 0.317066 16.0 0.322757 17.0 0.328073 18.0 0.333036 19.0 0.337664 20.0 0.341972 21.0 0.345972 22.0 0.349678 23.0 0.353097 24.0 0.356242 25.0 0.359121 26.0 0.361750 27.0 0.364145 28.0 0.366325 29.0 0.368313 30.0 0.370136
0.016562  0.0 0.146910 1.0 0.167226 2.0 0.185528 3.0 0.202056 4.0 0.217021 5.0 0.230612 6.0 0.242994 7.0 0.254310 8.0 0.264687 9.0 0.274231 10.0 0.283039 11.0 0.291193 12.0 0.298759 13.0 0.305796 14.0 0.312355 15.0 0.318476 16.0 0.324191 17.0 0.329530 18.0 0.334514 19.0 0.339161 20.0 0.343487 21.0 0.347505 22.0 0.351226 23.0 0.354658 24.0 0.357815 25.0 0.360708 26.0 0.363349 27.0 0.365754 28.0 0.367942 29.0 0.369937 30.0 0.371766
0.017518  0.0 0.147582 1.0 0.167989 2.0 0.186372 3.0 0.202972 4.0 0.218004 5.0 0.231654 6.0 0.244090 7.0 0.255455 8.0 0.265877 9.0 0.275464 10.0 0.284310 11.0 0.292497 12.0 0.300096 13.0 0.307166 14.0 0.313752 15.0 0.319898 16.0 0.325639 17.0 0.330999 18.0 0.336005 19.0 0.340672 20.0 0.345017 21.0 0.349051 22.0 0.352786 23.0 0.356235 24.0 0.359403 25.0 0.362308 26.0 0.364960 27.0 0.367375 28.0 0.369572 29.0 0.371574 30.0 0.373412
0.018528  0.0 0.148261 1.0 0.168759 2.0 0.187224 3.0 0.203897 4.0 0.218995 5.0 0.232707 6.0 0.245197 7.0 0.256612 8.0 0.267078 9.0 0.276707 10.0 0.285592 11.0 0.293816 12.0 0.301448 13.0 0.308546 14.0 0.315162 15.0 0.321335 16.0 0.327099 17.0 0.332483 18.0 0.337509 19.0 0.342196 20.0 0.346559 21.0 0.350610 22.0 0.354362 23.0 0.357824 24.0 0.361008 25.0 0.363923 26.0 0.366585 27.0 0.369009 28.0 0.371216 29.0 0.373229 30.0 0.375074
0.019596  0.0 0.148946 1.0 0.169536 2.0 0.188084 3.0 0.204832 4.0 0.219996 5.0 0.233768 6.0 0.246313 7.0 0.257779 8.0 0.268292 9.0 0.277961 10.0 0.286884 11.0 0.295145 12.0 0.302810 13.0 0.309939 14.0 0.316583 15.0 0.322783 16.0 0.328571 17.0 0.333980 18.0 0.339027 19.0 0.343733 20.0 0.348115 21.0 0.352184 22.0 0.355952 23.0 0.359428 24.0 0.362625 25.0 0.365554 26.0 0.368227 27.0 0.370662 28.0 0.372878 29.0 0.374898 30.0 0.376749
0.020726  0.0 0.149637 1.0 0.170320 2.0 0.188951 3.0 0.205774 4.0 0.221007 5.0 0.234838 6.0 0.247439 7.0 0.258955 8.0 0.269515 9.0 0.279228 10.0 0.288191 11.0 0.296486 12.0 0.304184 13.0 0.311346 14.0 0.318018 15.0 0.324244 16.0 0.330060 17.0 0.335490 18.0 0.340560 19.0 0.345287 20.0 0.349687 21.0 0.353773 22.0 0.357555 23.0 0.361048 24.0 0.364256 25.0 0.367198 26.0 0.369883 27.0 0.372329 28.0 0.374553 29.0 0.376580 30.0 0.378440
0.021921  0.0 0.150335 1.0 0.171112 2.0 0.189826 3.0 0.206725 4.0 0.222026 5.0 0.235920 6.0 0.248577 7.0 0.260144 8.0 0.270749 9.0 0.280506 10.0 0.289508 11.0 0.297840 12.0 0.305573 13.0 0.312765 14.0 0.319467 15.0 0.325721 16.0 0.331561 17.0 0.337013 18.0 0.342106 19.0 0.346854 20.0 0.351272 21.0 0.355375 22.0 0.359175 23.0 0.362681 24.0 0.365905 25.0 0.368857 26.0 0.371553 27.0 0.374009 28.0 0.376242 29.0 0.378280 30.0 0.380148
0.023185  0.0 0.151039 1.0 0.171911 2.0 0.190711 3.0 0.207685 4.0 0.223054 5.0 0.237011 6.0 0.249725 7.0 0.261344 8.0 0.271997 9.0 0.281796 10.0 0.290837 11.0 0.299207 12.0 0.306974 13.0 0.314196 14.0 0.320929 15.0 0.327210 16.0 0.333074 17.0 0.338553 18.0 0.343665 19.0 0.348433 20.0 0.352871 21.0 0.356993 22.0 0.360810 23.0 0.364329 24.0 0.367568 25.0 0.370534 26.0 0.373241 27.0 0.375707 28.0 0.377950 29.0 0.379996 30.0 0.381871
0.024522  0.0 0.151750 1.0 0.172717 2.0 0.191603 3.0 0.208655 4.0 0.224093 5.0 0.238112 6.0 0.250883 7.0 0.262554 8.0 0.273255 9.0 0.283097 10.0 0.292180 11.0 0.300586 12.0 0.308387 13.0 0.315643 14.0 0.322403 15.0 0.328712 16.0 0.334603 17.0 0.340106 18.0 0.345241 19.0 0.350030 20.0 0.354487 21.0 0.358627 22.0 0.362458 23.0 0.365995 24.0 0.369245 25.0 0.372224 26.0 0.374944 27.0 0.377420 28.0 0.379673 29.0 0.381726 30.0 0.383608
0.025936  0.0 0.152467 1.0 0.173531 2.0 0.192503 3.0 0.209633 4.0 0.225142 5.0 0.239224 6.0 0.252052 7.0 0.263775 8.0 0.274524 9.0 0.284412 10.0 0.293535 11.0 0.301977 12.0 0.309813 13.0 0.317102 14.0 0.323893 15.0 0.330229 16.0 0.336147 17.0 0.341672 18.0 0.346831 19.0 0.351641 20.0 0.356118 21.0 0.360274 22.0 0.364122 23.0 0.367675 24.0 0.370939 25.0 0.373930 26.0 0.376661 27.0 0.379148 28.0 0.381410 29.0 0.383472 30.0 0.385364
0.027432  0.0 0.153192 1.0 0.174353 2.0 0.193412 3.0 0.210619 4.0 0.226199 5.0 0.240347 6.0 0.253233 7.0 0.265009 8.0 0.275806 9.0 0.285738 10.0 0.294902 11.0 0.303384 12.0 0.311254 13.0 0.318575 14.0 0.325396 15.0 0.331761 16.0 0.337704 17.0 0.343254 18.0 0.348435 19.0 0.353266 20.0 0.357762 21.0 0.361936 22.0 0.365803 23.0 0.369370 24.0 0.372650 25.0 0.375653 26.0 0.378395 27.0 0.380893 28.0 0.383165 29.0 0.385237 30.0 0.387136
0.029013  0.0 0.153923 1.0 0.175183 2.0 0.194330 3.0 0.211617 4.0 0.227267 5.0 0.241479 6.0 0.254424 7.0 0.266254 8.0 0.277100 9.0 0.287076 10.0 0.296281 11.0 0.304802 12.0 0.312708 13.0 0.320061 14.0 0.326913 15.0 0.333306 16.0 0.339275 17.0 0.344852 18.0 0.350055 19.0 0.354906 20.0 0.359422 21.0 0.363617 22.0 0.367500 23.0 0.371081 24.0 0.374375 25.0 0.377393 26.0 0.380147 27.0 0.382655 28.0 0.384938 29.0 0.387017 30.0 0.388923
0.030686  0.0 0.154661 1.0 0.176020 2.0 0.195256 3.0 0.212623 4.0 0.228346 5.0 0.242622 6.0 0.255626 7.0 0.267510 8.0 0.278406 9.0 0.288428 10.0 0.297675 11.0 0.306233 12.0 0.314175 13.0 0.321563 14.0 0.328444 15.0 0.334866 16.0 0.340863 17.0 0.346463 18.0 0.351691 19.0 0.356564 20.0 0.361100 21.0 0.365312 22.0 0.369211 23.0 0.372810 24.0 0.376117 25.0 0.379148 26.0 0.381915 27.0 0.384434 28.0 0.386725 29.0 0.388813 30.0 0.390728
0.032456  0.0 0.155406 1.0 0.176865 2.0 0.196191 3.0 0.213639 4.0 0.229435 5.0 0.243777 6.0 0.256841 7.0 0.268779 8.0 0.279724 9.0 0.289793 10.0 0.299082 11.0 0.307679 12.0 0.315657 13.0 0.323078 14.0 0.329992 15.0 0.336442 16.0 0.342466 17.0 0.348090 18.0 0.353341 19.0 0.358237 20.0 0.362793 21.0 0.367023 22.0 0.370940 23.0 0.374554 24.0 0.377877 25.0 0.380919 26.0 0.383698 27.0 0.386228 28.0 0.388529 29.0 0.390628 30.0 0.392552
0.034327  0.0 0.156160 1.0 0.177720 2.0 0.197136 3.0 0.214664 4.0 0.230533 5.0 0.244943 6.0 0.258068 7.0 0.270061 8.0 0.281056 9.0 0.291171 10.0 0.300502 11.0 0.309139 12.0 0.317154 13.0 0.324607 14.0 0.331553 15.0 0.338033 16.0 0.344083 17.0 0.349734 18.0 0.355006 19.0 0.359925 20.0 0.364501 21.0 0.368751 22.0 0.372686 23.0 0.376314 24.0 0.379653 25.0 0.382710 26.0 0.385500 27.0 0.388041 28.0 0.390353 29.0 0.392461 30.0 0.394392
0.036307  0.0 0.156920 1.0 0.178582 2.0 0.198090 3.0 0.215701 4.0 0.231644 5.0 0.246120 6.0 0.259305 7.0 0.271354 8.0 0.282401 9.0 0.292561 10.0 0.301935 11.0 0.310613 12.0 0.318664 13.0 0.326151 14.0 0.333128 15.0 0.339638 16.0 0.345716 17.0 0.351393 18.0 0.356691 19.0 0.361630 20.0 0.366227 21.0 0.370496 22.0 0.374448 23.0 0.378094 24.0 0.381445 25.0 0.384517 26.0 0.387320 27.0 0.389872 28.0 0.392194 29.0 0.394310 30.0 0.396248
0.038400  0.0 0.157687 1.0 0.179453 2.0 0.199053 3.0 0.216747 4.0 0.232765 5.0 0.247307 6.0 0.260554 7.0 0.272659 8.0 0.283758 9.0 0.293966 10.0 0.303384 11.0 0.312099 12.0 0.320188 13.0 0.327712 14.0 0.334720 15.0 0.341259 16.0 0.347366 17.0 0.353067 18.0 0.358390 19.0 0.363352 20.0 0.367970 21.0 0.372258 22.0 0.376225 23.0 0.379890 24.0 0.383256 25.0 0.386340 26.0 0.389156 27.0 0.391720 28.0 0.394052 29.0 0.396176 30.0 0.398126
0.040614  0.0 0.158462 1.0 0.180331 2.0 0.200024 3.0 0.217803 4.0 0.233896 5.0 0.248508 6.0 0.261817 7.0 0.273979 8.0 0.285128 9.0 0.295385 10.0 0.304846 11.0 0.313603 12.0 0.321729 13.0 0.329286 14.0 0.336328 15.0 0.342898 16.0 0.349032 17.0 0.354759 18.0 0.360106 19.0 0.365090 20.0 0.369729 21.0 0.374035 22.0 0.378024 23.0 0.381703 24.0 0.385085 25.0 0.388182 26.0 0.391010 27.0 0.393584 28.0 0.395928 29.0 0.398063 30.0 0.400021
0.042956  0.0 0.159245 1.0 0.181220 2.0 0.201006 3.0 0.218868 4.0 0.235038 5.0 0.249720 6.0 0.263092 7.0 0.275311 8.0 0.286513 9.0 0.296816 10.0 0.306322 11.0 0.315121 12.0 0.323284 13.0 0.330876 14.0 0.337951 15.0 0.344551 16.0 0.350712 17.0 0.356468 18.0 0.361837 19.0 0.366845 20.0 0.371504 21.0 0.375832 22.0 0.379838 23.0 0.383532 24.0 0.386932 25.0 0.390044 26.0 0.392884 27.0 0.395471 28.0 0.397824 29.0 0.399968 30.0 0.401933
0.045433  0.0 0.160036 1.0 0.182116 2.0 0.201999 3.0 0.219946 4.0 0.236193 5.0 0.250944 6.0 0.264379 7.0 0.276656 8.0 0.287911 9.0 0.298262 10.0 0.307812 11.0 0.316653 12.0 0.324854 13.0 0.332482 14.0 0.339589 15.0 0.346220 16.0 0.352411 17.0 0.358193 18.0 0.363588 19.0 0.368618 20.0 0.373300 21.0 0.377647 22.0 0.381670 23.0 0.385383 24.0 0.388795 25.0 0.391922 26.0 0.394776 27.0 0.397374 28.0 0.399738 29.0 0.401891 30.0 0.403864
0.048053  0.0 0.160834 1.0 0.183022 2.0 0.203000 3.0 0.221034 4.0 0.237359 5.0 0.252179 6.0 0.265678 7.0 0.278013 8.0 0.289322 9.0 0.299723 10.0 0.309319 11.0 0.318199 12.0 0.326439 13.0 0.334105 14.0 0.341244 15.0 0.347906 16.0 0.354127 17.0 0.359934 18.0 0.365356 19.0 0.370409 20.0 0.375113 21.0 0.379479 22.0 0.383520 23.0 0.387251 24.0 0.390679 25.0 0.393819 26.0 0.396686 27.0 0.399296 28.0 0.401670 29.0 0.403833 30.0 0.405817
0.050824  0.0 0.161640 1.0 0.183936 2.0 0.204011 3.0 0.222133 4.0 0.238536 5.0 0.253428 6.0 0.266991 7.0 0.279385 8.0 0.290747 9.0 0.301199 10.0 0.310840 11.0 0.319763 12.0 0.328043 13.0 0.335743 14.0 0.342917 15.0 0.349610 16.0 0.355859 17.0 0.361694 18.0 0.367140 19.0 0.372218 20.0 0.376943 21.0 0.381328 22.0 0.385390 23.0 0.389137 24.0 0.392582 25.0 0.395736 26.0 0.398615 27.0 0.401236 28.0 0.403622 29.0 0.405796 30.0 0.407789
0.053755  0.0 0.162455 1.0 0.184860 2.0 0.205033 3.0 0.223242 4.0 0.239724 5.0 0.254689 6.0 0.268318 7.0 0.280771 8.0 0.292188 9.0 0.302689 10.0 0.312375 11.0 0.321342 12.0 0.329661 13.0 0.337397 14.0 0.344606 15.0 0.351331 16.0 0.357608 17.0 0.363472 18.0 0.368942 19.0 0.374043 20.0 0.378790 21.0 0.383198 22.0 0.387279 23.0 0.391041 24.0 0.394503 25.0 0.397673 26.0 0.400565 27.0 0.403199 28.0 0.405596 29.0 0.407779 30.0 0.409779
0.056854  0.0 0.163278 1.0 0.185794 2.0 0.206065 3.0 0.224363 4.0 0.240925 5.0 0.255962 6.0 0.269657 7.0 0.282171 8.0 0.293643 9.0 0.304193 10.0 0.313926 11.0 0.322936 12.0 0.331295 13.0 0.339068 14.0 0.346311 15.0 0.353068 16.0 0.359376 17.0 0.365268 18.0 0.370765 19.0 0.375889 20.0 0.380658 21.0 0.385087 22.0 0.389186 23.0 0.392967 24.0 0.396443 25.0 0.399628 26.0 0.402535 27.0 0.405181 28.0 0.407588 29.0 0.409781 30.0 0.411789
0.060133  0.0 0.164109 1.0 0.186736 2.0 0.207108 3.0 0.225496 4.0 0.242139 5.0 0.257248 6.0 0.271010 7.0 0.283584 8.0 0.295112 9.0 0.305714 10.0 0.315494 11.0 0.324546 12.0 0.332945 13.0 0.340757 14.0 0.348034 15.0 0.354823 16.0 0.361163 17.0 0.367081 18.0 0.372605 19.0 0.377754 20.0 0.382546 21.0 0.386995 22.0 0.391111 23.0 0.394913 24.0 0.398404 25.0 0.401603 26.0 0.404524 27.0 0.407182 28.0 0.409600 29.0 0.411802 30.0 0.413823
0.063600  0.0 0.164949 1.0 0.187689 2.0 0.208161 3.0 0.226640 4.0 0.243365 5.0 0.258548 6.0 0.272376 7.0 0.285012 8.0 0.296596 9.0 0.307251 10.0 0.317078 11.0 0.326174 12.0 0.334614 13.0 0.342463 14.0 0.349776 15.0 0.356598 16.0 0.362967 17.0 0.368912 18.0 0.374463 19.0 0.379637 20.0 0.384452 21.0 0.388921 22.0 0.393059 23.0 0.396877 24.0 0.400386 25.0 0.403599 26.0 0.406532 27.0 0.409203 28.0 0.411633 29.0 0.413847 30.0 0.415877
0.067268  0.0 0.165797 1.0 0.188650 2.0 0.209224 3.0 0.227795 4.0 0.244603 5.0 0.259862 6.0 0.273758 7.0 0.286456 8.0 0.298095 9.0 0.308802 10.0 0.318677 11.0 0.327818 12.0 0.336300 13.0 0.344186 14.0 0.351535 15.0 0.358390 16.0 0.364789 17.0 0.370765 18.0 0.376340 19.0 0.381539 20.0 0.386377 21.0 0.390868 22.0 0.395027 23.0 0.398861 24.0 0.402388 25.0 0.405617 26.0 0.408564 27.0 0.411248 28.0 0.413689 29.0 0.415913 30.0 0.417951
0.071146  0.0 0.166654 1.0 0.189623 2.0 0.210300 3.0 0.228962 4.0 0.245853 5.0 0.261188 6.0 0.275154 7.0 0.287914 8.0 0.299611 9.0 0.310370 10.0 0.320293 11.0 0.329480 12.0 0.338002 13.0 0.345926 14.0 0.353311 15.0 0.360200 16.0 0.366629 17.0 0.372636 18.0 0.378238 19.0 0.383461 20.0 0.388322 21.0 0.392836 22.0 0.397014 23.0 0.400867 24.0 0.404410 25.0 0.407655 26.0 0.410617 27.0 0.413313 28.0 0.415766 29.0 0.418000 30.0 0.420046
0.075249  0.0 0.167521 1.0 0.190606 2.0 0.211387 3.0 0.230142 4.0 0.247117 5.0 0.262528 6.0 0.276563 7.0 0.289387 8.0 0.301142 9.0 0.311953 10.0 0.321926 11.0 0.331157 12.0 0.339722 13.0 0.347687 14.0 0.355106 15.0 0.362028 16.0 0.368491 17.0 0.374525 18.0 0.380157 19.0 0.385405 20.0 0.390290 21.0 0.394825 22.0 0.399021 23.0 0.402895 24.0 0.406452 25.0 0.409714 26.0 0.412690 27.0 0.415400 28.0 0.417863 29.0 0.420107 30.0 0.422165
0.079588  0.0 0.168396 1.0 0.191598 2.0 0.212485 3.0 0.231335 4.0 0.248395 5.0 0.263882 6.0 0.277987 7.0 0.290874 8.0 0.302689 9.0 0.313555 10.0 0.323577 11.0 0.332852 12.0 0.341459 13.0 0.349465 14.0 0.356921 15.0 0.363877 16.0 0.370372 17.0 0.376434 18.0 0.382094 19.0 0.387369 20.0 0.392277 21.0 0.396834 22.0 0.401050 23.0 0.404943 24.0 0.408520 25.0 0.411794 26.0 0.414785 27.0 0.417507 28.0 0.419983 29.0 0.422239 30.0 0.424307
0.084177  0.0 0.169280 1.0 0.192601 2.0 0.213593 3.0 0.232539 4.0 0.249686 5.0 0.265251 6.0 0.279426 7.0 0.292378 8.0 0.304252 9.0 0.315173 10.0 0.325245 11.0 0.334567 12.0 0.343217 13.0 0.351262 14.0 0.358756 15.0 0.365746 16.0 0.372273 17.0 0.378365 18.0 0.384052 19.0 0.389353 20.0 0.394285 21.0 0.398863 22.0 0.403103 23.0 0.407013 24.0 0.410608 25.0 0.413899 26.0 0.416903 27.0 0.419638 28.0 0.422127 29.0 0.424394 30.0 0.426471
0.089031  0.0 0.170174 1.0 0.193614 2.0 0.214714 3.0 0.233756 4.0 0.250990 5.0 0.266635 6.0 0.280882 7.0 0.293899 8.0 0.305832 9.0 0.316808 10.0 0.326930 11.0 0.336300 12.0 0.344993 13.0 0.353077 14.0 0.360609 15.0 0.367635 16.0 0.374193 17.0 0.380317 18.0 0.386030 19.0 0.391357 20.0 0.396314 21.0 0.400916 22.0 0.405176 23.0 0.409104 24.0 0.412718 25.0 0.416026 26.0 0.419045 27.0 0.421794 28.0 0.424294 29.0 0.426572 30.0 0.428658
0.094165  0.0 0.171078 1.0 0.194639 2.0 0.215847 3.0 0.234986 4.0 0.252308 5.0 0.268033 6.0 0.282352 7.0 0.295436 8.0 0.307429 9.0 0.318459 10.0 0.328632 11.0 0.338051 12.0 0.346788 13.0 0.354911 14.0 0.362482 15.0 0.369543 16.0 0.376133 17.0 0.382289 18.0 0.388032 19.0 0.393384 20.0 0.398366 21.0 0.402991 22.0 0.407272 23.0 0.411220 24.0 0.414850 25.0 0.418175 26.0 0.421209 27.0 0.423972 28.0 0.426484 29.0 0.428772 30.0 0.430868
0.099595  0.0 0.171991 1.0 0.195675 2.0 0.216992 3.0 0.236230 4.0 0.253640 5.0 0.269445 6.0 0.283838 7.0 0.296988 8.0 0.309043 9.0 0.320128 10.0 0.330354 11.0 0.339820 12.0 0.348601 13.0 0.356767 14.0 0.364374 15.0 0.371471 16.0 0.378097 17.0 0.384282 18.0 0.390055 19.0 0.395434 20.0 0.400441 21.0 0.405089 22.0 0.409389 23.0 0.413359 24.0 0.417005 25.0 0.420347 26.0 0.423397 27.0 0.426173 28.0 0.428698 29.0 0.430996 30.0 0.433104
0.105338  0.0 0.172914 1.0 0.196722 2.0 0.218150 3.0 0.237487 4.0 0.254987 5.0 0.270872 6.0 0.285339 7.0 0.298557 8.0 0.310674 9.0 0.321818 10.0 0.332095 11.0 0.341607 12.0 0.350434 13.0 0.358643 14.0 0.366289 15.0 0.373422 16.0 0.380081 17.0 0.386296 18.0 0.392099 19.0 0.397506 20.0 0.402538 21.0 0.407208 22.0 0.411531 23.0 0.415521 24.0 0.419187 25.0 0.422542 26.0 0.425608 27.0 0.428398 28.0 0.430935 29.0 0.433247 30.0 0.435366
0.111412  0.0 0.173847 1.0 0.197779 2.0 0.219320 3.0 0.238758 4.0 0.256349 5.0 0.272316 6.0 0.286857 7.0 0.300143 8.0 0.312323 9.0 0.323525 10.0 0.333854 11.0 0.343416 12.0 0.352288 13.0 0.360539 14.0 0.368225 15.0 0.375394 16.0 0.382087 17.0 0.388334 18.0 0.394165 19.0 0.399601 20.0 0.404657 21.0 0.409351 22.0 0.413698 23.0 0.417706 24.0 0.421391 25.0 0.424765 26.0 0.427844 27.0 0.430648 28.0 0.433199 29.0 0.435523 30.0 0.437651
0.117836  0.0 0.174790 1.0 0.198848 2.0 0.220502 3.0 0.240042 4.0 0.257725 5.0 0.273776 6.0 0.288393 7.0 0.301748 8.0 0.313989 9.0 0.325250 10.0 0.335633 11.0 0.345245 12.0 0.354163 13.0 0.362455 14.0 0.370181 15.0 0.377388 16.0 0.384114 17.0 0.390395 18.0 0.396254 19.0 0.401717 20.0 0.406800 21.0 0.411519 22.0 0.415888 23.0 0.419915 24.0 0.423620 25.0 0.427012 26.0 0.430107 27.0 0.432925 28.0 0.435489 29.0 0.437824 30.0 0.439962
0.124631  0.0 0.175743 1.0 0.199929 2.0 0.221697 3.0 0.241340 4.0 0.259116 5.0 0.275251 6.0 0.289945 7.0 0.303370 8.0 0.315675 9.0 0.326994 10.0 0.337430 11.0 0.347093 12.0 0.356058 13.0 0.364392 14.0 0.372159 15.0 0.379403 16.0 0.386163 17.0 0.392478 18.0 0.398368 19.0 0.403858 20.0 0.408967 21.0 0.413711 22.0 0.418102 23.0 0.422150 24.0 0.425873 25.0 0.429283 26.0 0.432395 27.0 0.435227 28.0 0.437804 29.0 0.440150 30.0 0.442298
0.131817  0.0 0.176708 1.0 0.201023 2.0 0.222906 3.0 0.242652 4.0 0.260522 5.0 0.276743 6.0 0.291514 7.0 0.305009 8.0 0.317380 9.0 0.328757 10.0 0.339248 11.0 0.348962 12.0 0.357974 13.0 0.366352 14.0 0.374159 15.0 0.381440 16.0 0.388237 17.0 0.394584 18.0 0.400506 19.0 0.406024 20.0 0.411160 21.0 0.415928 22.0 0.420340 23.0 0.424412 24.0 0.428152 25.0 0.431580 26.0 0.434708 27.0 0.437555 28.0 0.440144 29.0 0.442502 30.0 0.444663
0.139418  0.0 0.177683 1.0 0.202129 2.0 0.224129 3.0 0.243980 4.0 0.261944 5.0 0.278251 6.0 0.293100 7.0 0.306667 8.0 0.319104 9.0 0.330540 10.0 0.341087 11.0 0.350852 12.0 0.359910 13.0 0.368335 14.0 0.376181 15.0 0.383501 16.0 0.390335 17.0 0.396714 18.0 0.402667 19.0 0.408215 20.0 0.413378 21.0 0.418170 22.0 0.422604 23.0 0.426698 24.0 0.430458 25.0 0.433902 26.0 0.437047 27.0 0.439909 28.0 0.442512 29.0 0.444881 30.0 0.447055
0.147457  0.0 0.178669 1.0 0.203246 2.0 0.225365 3.0 0.245323 4.0 0.263383 5.0 0.279775 6.0 0.294704 7.0 0.308343 8.0 0.320846 9.0 0.332344 10.0 0.342947 11.0 0.352762 12.0 0.361869 13.0 0.370339 14.0 0.378228 15.0 0.385586 16.0 0.392456 17.0 0.398868 18.0 0.404853 19.0 0.410431 20.0 0.415620 21.0 0.420437 22.0 0.424896 23.0 0.429011 24.0 0.432791 25.0 0.436252 26.0 0.439413 27.0 0.442290 28.0 0.444906 29.0 0.447291 30.0 0.449475
0.155960  0.0 0.179666 1.0 0.204376 2.0 0.226615 3.0 0.246680 4.0 0.264838 5.0 0.281318 6.0 0.296325 7.0 0.310037 8.0 0.322608 9.0 0.334169 10.0 0.344828 11.0 0.354696 12.0 0.363852 13.0 0.372367 14.0 0.380298 15.0 0.387696 16.0 0.394602 17.0 0.401047 18.0 0.407064 19.0 0.412672 20.0 0.417888 21.0 0.422730 22.0 0.427215 23.0 0.431349 24.0 0.435151 25.0 0.438631 26.0 0.441808 27.0 0.444700 28.0 0.447331 29.0 0.449728 30.0 0.451923
0.164953  0.0 0.180673 1.0 0.205519 2.0 0.227878 3.0 0.248053 4.0 0.266308 5.0 0.282878 6.0 0.297967 7.0 0.311753 8.0 0.324390 9.0 0.336014 10.0 0.346730 11.0 0.356652 12.0 0.365857 13.0 0.374417 14.0 0.382391 15.0 0.389829 16.0 0.396771 17.0 0.403253 18.0 0.409300 19.0 0.414938 20.0 0.420183 21.0 0.425051 22.0 0.429560 23.0 0.433715 24.0 0.437538 25.0 0.441038 26.0 0.444231 27.0 0.447139 28.0 0.449784 29.0 0.452193 30.0 0.454399
0.174465  0.0 0.181693 1.0 0.206675 2.0 0.229156 3.0 0.249441 4.0 0.267796 5.0 0.284456 6.0 0.299627 7.0 0.313488 8.0 0.326193 9.0 0.337880 10.0 0.348653 11.0 0.358630 12.0 0.367885 13.0 0.376490 14.0 0.384509 15.0 0.391987 16.0 0.398966 17.0 0.405484 18.0 0.411563 19.0 0.417231 20.0 0.422504 21.0 0.427401 22.0 0.431932 23.0 0.436111 24.0 0.439954 25.0 0.443473 26.0 0.446684 27.0 0.449607 28.0 0.452266 29.0 0.454688 30.0 0.456904
0.184525  0.0 0.182724 1.0 0.207843 2.0 0.230449 3.0 0.250845 4.0 0.269300 5.0 0.286052 6.0 0.301306 7.0 0.315243 8.0 0.328018 9.0 0.339767 10.0 0.350599 11.0 0.360631 12.0 0.369937 13.0 0.378588 14.0 0.386651 15.0 0.394170 16.0 0.401187 17.0 0.407741 18.0 0.413854 19.0 0.419552 20.0 0.424854 21.0 0.429777 22.0 0.434333 23.0 0.438535 24.0 0.442397 25.0 0.445936 26.0 0.449165 27.0 0.452104 28.0 0.454777 29.0 0.457212 30.0 0.459440
0.195165  0.0 0.183767 1.0 0.209027 2.0 0.231757 3.0 0.252265 4.0 0.270822 5.0 0.287666 6.0 0.303004 7.0 0.317018 8.0 0.329863 9.0 0.341676 10.0 0.352568 11.0 0.362655 12.0 0.372012 13.0 0.380713 14.0 0.388818 15.0 0.396378 16.0 0.403436 17.0 0.410025 18.0 0.416172 19.0 0.421902 20.0 0.427233 21.0 0.432182 22.0 0.436762 23.0 0.440988 24.0 0.444870 25.0 0.448429 26.0 0.451676 27.0 0.454631 28.0 0.457319 29.0 0.459766 30.0 0.462009
0.206419  0.0 0.184822 1.0 0.210223 2.0 0.233080 3.0 0.253702 4.0 0.272362 5.0 0.289299 6.0 0.304722 7.0 0.318813 8.0 0.331730 9.0 0.343609 10.0 0.354561 11.0 0.364703 12.0 0.374112 13.0 0.382862 14.0 0.391011 15.0 0.398613 16.0 0.405711 17.0 0.412336 18.0 0.418518 19.0 0.424279 20.0 0.429640 21.0 0.434616 22.0 0.439220 23.0 0.443471 24.0 0.447375 25.0 0.450951 26.0 0.454217 27.0 0.457189 28.0 0.459891 29.0 0.462352 30.0 0.464609
0.218322  0.0 0.185890 1.0 0.211434 2.0 0.234419 3.0 0.255156 4.0 0.273920 5.0 0.290951 6.0 0.306460 7.0 0.320630 8.0 0.333619 9.0 0.345565 10.0 0.356578 11.0 0.366775 12.0 0.376236 13.0 0.385037 14.0 0.393232 15.0 0.400877 16.0 0.408014 17.0 0.414674 18.0 0.420892 19.0 0.426685 20.0 0.432076 21.0 0.437079 22.0 0.441710 23.0 0.445984 24.0 0.449911 25.0 0.453506 26.0 0.456789 27.0 0.459778 28.0 0.462495 29.0 0.464972 30.0 0.467241
0.230911  0.0 0.186970 1.0 0.212658 2.0 0.235773 3.0 0.256627 4.0 0.275497 5.0 0.292622 6.0 0.308219 7.0 0.322468 8.0 0.335531 9.0 0.347544 10.0 0.358619 11.0 0.368873 12.0 0.378389 13.0 0.387238 14.0 0.395479 15.0 0.403168 16.0 0.410344 17.0 0.417042 18.0 0.423294 19.0 0.429121 20.0 0.434541 21.0 0.439572 22.0 0.444231 23.0 0.448528 24.0 0.452478 25.0 0.456094 26.0 0.459394 27.0 0.462399 28.0 0.465134 29.0 0.467625 30.0 0.469905
0.244226  0.0 0.188063 1.0 0.213897 2.0 0.237143 3.0 0.258116 4.0 0.277092 5.0 0.294314 6.0 0.309998 7.0 0.324328 8.0 0.337465 9.0 0.349547 10.0 0.360684 11.0 0.370997 12.0 0.380567 13.0 0.389465 14.0 0.397754 15.0 0.405486 16.0 0.412703 17.0 0.419440 18.0 0.425726 19.0 0.431586 20.0 0.437037 21.0 0.442097 22.0 0.446783 23.0 0.451103 24.0 0.455077 25.0 0.458714 26.0 0.462033 27.0 0.465056 28.0 0.467805 29.0 0.470310 30.0 0.472603
0.258309  0.0 0.189168 1.0 0.215151 2.0 0.238530 3.0 0.259622 4.0 0.278706 5.0 0.296027 6.0 0.311800 7.0 0.326212 8.0 0.339422 9.0 0.351574 10.0 0.362774 11.0 0.373147 12.0 0.382771 13.0 0.391720 14.0 0.400057 15.0 0.407833 16.0 0.415091 17.0 0.421867 18.0 0.428188 19.0 0.434082 20.0 0.439564 21.0 0.444654 22.0 0.449367 23.0 0.453711 24.0 0.457708 25.0 0.461367 26.0 0.464706 27.0 0.467746 28.0 0.470511 29.0 0.473030 30.0 0.475336
0.273204  0.0 0.190287 1.0 0.216420 2.0 0.239933 3.0 0.261146 4.0 0.280340 5.0 0.297760 6.0 0.313624 7.0 0.328118 8.0 0.341405 9.0 0.353626 10.0 0.364890 11.0 0.375323 12.0 0.385003 13.0 0.394003 14.0 0.402389 15.0 0.410210 16.0 0.417509 17.0 0.424325 18.0 0.430682 19.0 0.436610 20.0 0.442123 21.0 0.447244 22.0 0.451984 23.0 0.456353 24.0 0.460373 25.0 0.464053 26.0 0.467412 27.0 0.470470 28.0 0.473251 29.0 0.475785 30.0 0.478103
0.288957  0.0 0.191420 1.0 0.217704 2.0 0.241353 3.0 0.262689 4.0 0.281993 5.0 0.299515 6.0 0.315470 7.0 0.330048 8.0 0.343412 9.0 0.355704 10.0 0.367031 11.0 0.377526 12.0 0.387262 13.0 0.396314 14.0 0.404749 15.0 0.412616 16.0 0.419957 17.0 0.426814 18.0 0.433209 19.0 0.439169 20.0 0.444716 21.0 0.449868 22.0 0.454634 23.0 0.459030 24.0 0.463072 25.0 0.466775 26.0 0.470153 27.0 0.473229 28.0 0.476027 29.0 0.478575 30.0 0.480907
0.305619  0.0 0.192566 1.0 0.219003 2.0 0.242790 3.0 0.264250 4.0 0.283667 5.0 0.301290 6.0 0.317339 7.0 0.332002 8.0 0.345444 9.0 0.357807 10.0 0.369200 11.0 0.379757 12.0 0.389550 13.0 0.398655 14.0 0.407140 15.0 0.415052 16.0 0.422437 17.0 0.429335 18.0 0.435768 19.0 0.441764 20.0 0.447343 21.0 0.452525 22.0 0.457319 23.0 0.461742 24.0 0.465806 25.0 0.469531 26.0 0.472931 27.0 0.476025 28.0 0.478839 29.0 0.481402 30.0 0.483748
0.323242  0.0 0.193726 1.0 0.220318 2.0 0.244245 3.0 0.265831 4.0 0.285361 5.0 0.303088 6.0 0.319231 7.0 0.333980 8.0 0.347501 9.0 0.359936 10.0 0.371396 11.0 0.382016 12.0 0.391867 13.0 0.401026 14.0 0.409560 15.0 0.417520 16.0 0.424950 17.0 0.431888 18.0 0.438360 19.0 0.444392 20.0 0.450004 21.0 0.455216 22.0 0.460038 23.0 0.464489 24.0 0.468576 25.0 0.472324 26.0 0.475744 27.0 0.478858 28.0 0.481689 29.0 0.484267 30.0 0.486628
0.341881  0.0 0.194900 1.0 0.221650 2.0 0.245718 3.0 0.267431 4.0 0.287076 5.0 0.304908 6.0 0.321147 7.0 0.335983 8.0 0.349584 9.0 0.362093 10.0 0.373621 11.0 0.384303 12.0 0.394213 13.0 0.403428 14.0 0.412013 15.0 0.420020 16.0 0.427496 17.0 0.434475 18.0 0.440986 19.0 0.447054 20.0 0.452700 21.0 0.457943 22.0 0.462794 23.0 0.467272 24.0 0.471385 25.0 0.475155 26.0 0.478596 27.0 0.481728 28.0 0.484576 29.0 0.487170 30.0 0.489547
0.361595  0.0 0.196089 1.0 0.222999 2.0 0.247210 3.0 0.269051 4.0 0.288813 5.0 0.306751 6.0 0.323086 7.0 0.338011 8.0 0.351694 9.0 0.364277 10.0 0.375875 11.0 0.386621 12.0 0.396590 13.0 0.405862 14.0 0.414497 15.0 0.422553 16.0 0.430075 17.0 0.437095 18.0 0.443647 19.0 0.449752 20.0 0.455432 21.0 0.460707 22.0 0.465586 23.0 0.470093 24.0 0.474231 25.0 0.478023 26.0 0.481486 27.0 0.484638 28.0 0.487503 29.0 0.490113 30.0 0.492506
0.382446  0.0 0.197293 1.0 0.224364 2.0 0.248720 3.0 0.270692 4.0 0.290572 5.0 0.308617 6.0 0.325051 7.0 0.340065 8.0 0.353831 9.0 0.366490 10.0 0.378157 11.0 0.388968 12.0 0.398998 13.0 0.408327 14.0 0.417015 15.0 0.425120 16.0 0.432688 17.0 0.439751 18.0 0.446343 19.0 0.452485 20.0 0.458201 21.0 0.463508 22.0 0.468417 23.0 0.472952 24.0 0.477116 25.0 0.480931 26.0 0.484415 27.0 0.487587 28.0 0.490471 29.0 0.493098 30.0 0.495506
0.404499  0.0 0.198512 1.0 0.225746 2.0 0.250249 3.0 0.272354 4.0 0.292354 5.0 0.310508 6.0 0.327040 7.0 0.342146 8.0 0.355995 9.0 0.368732 10.0 0.380470 11.0 0.391346 12.0 0.401438 13.0 0.410825 14.0 0.419566 15.0 0.427722 16.0 0.435336 17.0 0.442442 18.0 0.449075 19.0 0.455256 20.0 0.461007 21.0 0.466347 22.0 0.471288 23.0 0.475850 24.0 0.480041 25.0 0.483879 26.0 0.487386 27.0 0.490577 28.0 0.493479 29.0 0.496124 30.0 0.498548
0.427823  0.0 0.199747 1.0 0.227146 2.0 0.251798 3.0 0.274037 4.0 0.294158 5.0 0.312422 6.0 0.329056 7.0 0.344254 8.0 0.358188 9.0 0.371004 10.0 0.382813 11.0 0.393756 12.0 0.403910 13.0 0.413356 14.0 0.422152 15.0 0.430359 16.0 0.438020 17.0 0.445170 18.0 0.451845 19.0 0.458065 20.0 0.463852 21.0 0.469225 22.0 0.474198 23.0 0.478789 24.0 0.483007 25.0 0.486869 26.0 0.490397 27.0 0.493610 28.0 0.496531 29.0 0.499194 30.0 0.501632
0.452493  0.0 0.200997 1.0 0.228564 2.0 0.253367 3.0 0.275742 4.0 0.295986 5.0 0.314362 6.0 0.331098 7.0 0.346390 8.0 0.360410 9.0 0.373306 10.0 0.385187 11.0 0.396198 12.0 0.406416 13.0 0.415921 14.0 0.424773 15.0 0.433031 16.0 0.440741 17.0 0.447936 18.0 0.454653 19.0 0.460913 20.0 0.466736 21.0 0.472143 22.0 0.477149 23.0 0.481769 24.0 0.486015 25.0 0.489902 26.0 0.493452 27.0 0.496686 28.0 0.499626 29.0 0.502307 30.0 0.504761
0.478584  0.0 0.202263 1.0 0.230000 2.0 0.254956 3.0 0.277469 4.0 0.297838 5.0 0.316327 6.0 0.333167 7.0 0.348554 8.0 0.362662 9.0 0.375639 10.0 0.387594 11.0 0.398674 12.0 0.408957 13.0 0.418522 14.0 0.427430 15.0 0.435741 16.0 0.443500 17.0 0.450740 18.0 0.457501 19.0 0.463800 20.0 0.469661 21.0 0.475103 22.0 0.480142 23.0 0.484791 24.0 0.489065 25.0 0.492978 26.0 0.496551 27.0 0.499806 28.0 0.502767 29.0 0.505465 30.0 0.507936
0.506181  0.0 0.203546 1.0 0.231455 2.0 0.256565 3.0 0.279218 4.0 0.299714 5.0 0.318318 6.0 0.335263 7.0 0.350747 8.0 0.364944 9.0 0.378003 10.0 0.390033 11.0 0.401183 12.0 0.411533 13.0 0.421159 14.0 0.430124 15.0 0.438489 16.0 0.446297 17.0 0.453584 18.0 0.460389 19.0 0.466729 20.0 0.472628 21.0 0.478106 22.0 0.483178 23.0 0.487857 24.0 0.492160 25.0 0.496099 26.0 0.499695 27.0 0.502972 28.0 0.505953 29.0 0.508670 30.0 0.511157
0.535369  0.0 0.204845 1.0 0.232929 2.0 0.258196 3.0 0.280991 4.0 0.301615 5.0 0.320336 6.0 0.337388 7.0 0.352970 8.0 0.367257 9.0 0.380400 10.0 0.392505 11.0 0.403728 12.0 0.414144 13.0 0.423832 14.0 0.432856 15.0 0.441275 16.0 0.449134 17.0 0.456469 18.0 0.463318 19.0 0.469700 20.0 0.475638 21.0 0.481152 22.0 0.486258 23.0 0.490968 24.0 0.495300 25.0 0.499265 26.0 0.502886 27.0 0.506185 28.0 0.509186 29.0 0.511922 30.0 0.514426
0.566240  0.0 0.206161 1.0 0.234422 2.0 0.259848 3.0 0.282787 4.0 0.303542 5.0 0.322381 6.0 0.339542 7.0 0.355223 8.0 0.369602 9.0 0.382830 10.0 0.395012 11.0 0.406308 12.0 0.416792 13.0 0.426543 14.0 0.435627 15.0 0.444101 16.0 0.452012 17.0 0.459396 18.0 0.466290 19.0 0.472714 20.0 0.478692 21.0 0.484242 22.0 0.489383 23.0 0.494125 24.0 0.498486 25.0 0.502479 26.0 0.506125 27.0 0.509446 28.0 0.512469 29.0 0.515223 30.0 0.517745
0.598891  0.0 0.207495 1.0 0.235935 2.0 0.261523 3.0 0.284607 4.0 0.305495 5.0 0.324454 6.0 0.341725 7.0 0.357507 8.0 0.371980 9.0 0.385294 10.0 0.397555 11.0 0.408925 12.0 0.419478 13.0 0.429294 14.0 0.438437 15.0 0.446968 16.0 0.454932 17.0 0.462365 18.0 0.469305 19.0 0.475773 20.0 0.481791 21.0 0.487379 22.0 0.492555 23.0 0.497330 24.0 0.501721 25.0 0.505741 26.0 0.509412 27.0 0.512757 28.0 0.515801 29.0 0.518575 30.0 0.521115
0.633424  0.0 0.208846 1.0 0.237468 2.0 0.263220 3.0 0.286453 4.0 0.307474 5.0 0.326556 6.0 0.343939 7.0 0.359824 8.0 0.374391 9.0 0.387792 10.0 0.400133 11.0 0.411579 12.0 0.422202 13.0 0.432084 14.0 0.441289 15.0 0.449877 16.0 0.457895 17.0 0.465378 18.0 0.472366 19.0 0.478877 20.0 0.484937 21.0 0.490563 22.0 0.495775 23.0 0.500583 24.0 0.505004 25.0 0.509053 26.0 0.512750 27.0 0.516119 28.0 0.519184 29.0 0.521978 30.0 0.524537
0.669949  0.0 0.210216 1.0 0.239022 2.0 0.264940 3.0 0.288323 4.0 0.309481 5.0 0.328687 6.0 0.346183 7.0 0.362173 8.0 0.376836 9.0 0.390327 10.0 0.402749 11.0 0.414271 12.0 0.424966 13.0 0.434914 14.0 0.444182 15.0 0.452829 16.0 0.460902 17.0 0.468436 18.0 0.475472 19.0 0.482029 20.0 0.488130 21.0 0.493796 22.0 0.499044 23.0 0.503886 24.0 0.508339 25.0 0.512416 26.0 0.516140 27.0 0.519533 28.0 0.522621 29.0 0.525435 30.0 0.528013
0.708581  0.0 0.211604 1.0 0.240597 2.0 0.266683 3.0 0.290219 4.0 0.311515 5.0 0.330847 6.0 0.348460 7.0 0.364556 8.0 0.379317 9.0 0.392898 10.0 0.405402 11.0 0.417002 12.0 0.427770 13.0 0.437787 14.0 0.447118 15.0 0.455825 16.0 0.463954 17.0 0.471540 18.0 0.478626 19.0 0.485229 20.0 0.491373 21.0 0.497079 22.0 0.502364 23.0 0.507241 24.0 0.511725 25.0 0.515832 26.0 0.519584 27.0 0.523002 28.0 0.526112 29.0 0.528947 30.0 0.531544
0.749439  0.0 0.213011 1.0 0.242193 2.0 0.268451 3.0 0.292141 4.0 0.313578 5.0 0.333039 6.0 0.350769 7.0 0.366973 8.0 0.381834 9.0 0.395507 10.0 0.408095 11.0 0.419774 12.0 0.430617 13.0 0.440703 14.0 0.450099 15.0 0.458867 16.0 0.467053 17.0 0.474693 18.0 0.481828 19.0 0.488478 20.0 0.494666 21.0 0.500414 22.0 0.505736 23.0 0.510649 24.0 0.515166 25.0 0.519302 26.0 0.523083 27.0 0.526527 28.0 0.529659 29.0 0.532516 30.0 0.535133
0.792654  0.0 0.214437 1.0 0.243812 2.0 0.270243 3.0 0.294091 4.0 0.315670 5.0 0.335262 6.0 0.353111 7.0 0.369425 8.0 0.384387 9.0 0.398154 10.0 0.410827 11.0 0.422588 12.0 0.433506 13.0 0.443664 14.0 0.453125 15.0 0.461955 16.0 0.470200 17.0 0.477895 18.0 0.485081 19.0 0.491778 20.0 0.498011 21.0 0.503801 22.0 0.509161 23.0 0.514112 24.0 0.518662 25.0 0.522829 26.0 0.526639 27.0 0.530109 28.0 0.533266 29.0 0.536143 30.0 0.538781
0.838361  0.0 0.215883 1.0 0.245453 2.0 0.272061 3.0 0.296068 4.0 0.317793 5.0 0.337517 6.0 0.355488 7.0 0.371913 8.0 0.386979 9.0 0.400840 10.0 0.413601 11.0 0.425445 12.0 0.436439 13.0 0.446669 14.0 0.456198 15.0 0.465091 16.0 0.473396 17.0 0.481148 18.0 0.488386 19.0 0.495132 20.0 0.501410 21.0 0.507243 22.0 0.512642 23.0 0.517631 24.0 0.522214 25.0 0.526415 26.0 0.530254 27.0 0.533751 28.0 0.536933 29.0 0.539831 30.0 0.542490
0.886703  0.0 0.217350 1.0 0.247117 2.0 0.273904 3.0 0.298073 4.0 0.319945 5.0 0.339805 6.0 0.357899 7.0 0.374439 8.0 0.389609 9.0 0.403568 10.0 0.416417 11.0 0.428346 12.0 0.439419 13.0 0.449722 14.0 0.459320 15.0 0.468277 16.0 0.476643 17.0 0.484452 18.0 0.491743 19.0 0.498539 20.0 0.504864 21.0 0.510742 22.0 0.516181 23.0 0.521208 24.0 0.525826 25.0 0.530061 26.0 0.533930 27.0 0.537454 28.0 0.540661 29.0 0.543582 30.0 0.546262
0.937833  0.0 0.218836 1.0 0.248805 2.0 0.275773 3.0 0.300108 4.0 0.322130 5.0 0.342127 6.0 0.360347 7.0 0.377002 8.0 0.392279 9.0 0.406337 10.0 0.419276 11.0 0.431291 12.0 0.442445 13.0 0.452822 14.0 0.462490 15.0 0.471514 16.0 0.479942 17.0 0.487810 18.0 0.495155 19.0 0.502002 20.0 0.508375 21.0 0.514298 22.0 0.519781 23.0 0.524845 24.0 0.529498 25.0 0.533768 26.0 0.537668 27.0 0.541221 28.0 0.544454 29.0 0.547399 30.0 0.550099
0.991911  0.0 0.220345 1.0 0.250517 2.0 0.277670 3.0 0.302172 4.0 0.324346 5.0 0.344483 6.0 0.362831 7.0 0.379605 8.0 0.394991 9.0 0.409148 10.0 0.422179 11.0 0.434284 12.0 0.445519 13.0 0.455972 14.0 0.465714 15.0 0.474805 16.0 0.483295 17.0 0.491224 18.0 0.498624 19.0 0.505523 20.0 0.511945 21.0 0.517915 22.0 0.523441 23.0 0.528544 24.0 0.533235 25.0 0.537540 26.0 0.541470 27.0 0.545052 28.0 0.548312 29.0 0.551283 30.0 0.554003
1.049107  0.0 0.221875 1.0 0.252254 2.0 0.279594 3.0 0.304267 4.0 0.326596 5.0 0.346875 6.0 0.365354 7.0 0.382247 8.0 0.397744 9.0 0.412006 10.0 0.425128 11.0 0.437324 12.0 0.448643 13.0 0.459173 14.0 0.468990 15.0 0.478150 16.0 0.486703 17.0 0.494694 18.0 0.502151 19.0 0.509102 20.0 0.515575 21.0 0.521593 22.0 0.527164 23.0 0.532307 24.0 0.537038 25.0 0.541377 26.0 0.545340 27.0 0.548951 28.0 0.552239 29.0 0.555236 30.0 0.557980
1.109601  0.0 0.223428 1.0 0.254017 2.0 0.281548 3.0 0.306394 4.0 0.328881 5.0 0.349303 6.0 0.367915 7.0 0.384931 8.0 0.400541 9.0 0.414908 10.0 0.428125 11.0 0.440413 12.0 0.451818 13.0 0.462427 14.0 0.472320 15.0 0.481551 16.0 0.490169 17.0 0.498223 18.0 0.505737 19.0 0.512743 20.0 0.519268 21.0 0.525334 22.0 0.530952 23.0 0.536135 24.0 0.540907 25.0 0.545282 26.0 0.549278 27.0 0.552920 28.0 0.556236 29.0 0.559260 30.0 0.562029
1.173584  0.0 0.225003 1.0 0.255806 2.0 0.283530 3.0 0.308553 4.0 0.331200 5.0 0.351769 6.0 0.370515 7.0 0.387656 8.0 0.403381 9.0 0.417858 10.0 0.431172 11.0 0.443552 12.0 0.455044 13.0 0.465736 14.0 0.475706 15.0 0.485009 16.0 0.493696 17.0 0.501813 18.0 0.509385 19.0 0.516451 20.0 0.523027 21.0 0.529142 22.0 0.534807 23.0 0.540032 24.0 0.544847 25.0 0.549257 26.0 0.553287 27.0 0.556960 28.0 0.560307 29.0 0.563358 30.0 0.566153
1.241256  0.0 0.226601 1.0 0.257621 2.0 0.285543 3.0 0.310744 4.0 0.333555 5.0 0.354273 6.0 0.373157 7.0 0.390425 8.0 0.406268 9.0 0.420855 10.0 0.434269 11.0 0.446743 12.0 0.458325 13.0 0.469102 14.0 0.479150 15.0 0.488527 16.0 0.497284 17.0 0.505464 18.0 0.513100 19.0 0.520224 20.0 0.526854 21.0 0.533017 22.0 0.538732 23.0 0.544003 24.0 0.548857 25.0 0.553305 26.0 0.557369 27.0 0.561076 28.0 0.564452 29.0 0.567532 30.0 0.570354
1.312831  0.0 0.228222 1.0 0.259464 2.0 0.287585 3.0 0.312969 4.0 0.335946 5.0 0.356816 6.0 0.375841 7.0 0.393239 8.0 0.409202 9.0 0.423902 10.0 0.437417 11.0 0.449988 12.0 0.461661 13.0 0.472525 14.0 0.482652 15.0 0.492105 16.0 0.500935 17.0 0.509180 18.0 0.516882 19.0 0.524064 20.0 0.530751 21.0 0.536967 22.0 0.542728 23.0 0.548048 24.0 0.552942 25.0 0.557428 26.0 0.561531 27.0 0.565272 28.0 0.568678 29.0 0.571786 30.0 0.574635
1.388532  0.0 0.229868 1.0 0.261334 2.0 0.289660 3.0 0.315229 4.0 0.338375 5.0 0.359400 6.0 0.378568 7.0 0.396098 8.0 0.412186 9.0 0.427000 10.0 0.440618 11.0 0.453288 12.0 0.465055 13.0 0.476007 14.0 0.486216 15.0 0.495747 16.0 0.504651 17.0 0.512964 18.0 0.520733 19.0 0.527975 20.0 0.534719 21.0 0.540990 22.0 0.546798 23.0 0.552167 24.0 0.557104 25.0 0.561633 26.0 0.565775 27.0 0.569550 28.0 0.572989 29.0 0.576123 30.0 0.579000
1.468599  0.0 0.231539 1.0 0.263233 2.0 0.291766 3.0 0.317524 4.0 0.340843 5.0 0.362026 6.0 0.381341 7.0 0.399007 8.0 0.415221 9.0 0.430149 10.0 0.443874 11.0 0.456645 12.0 0.468507 13.0 0.479551 14.0 0.489844 15.0 0.499454 16.0 0.508434 17.0 0.516820 18.0 0.524653 19.0 0.531958 20.0 0.538761 21.0 0.545089 22.0 0.550949 23.0 0.556366 24.0 0.561346 25.0 0.565920 26.0 0.570100 27.0 0.573912 28.0 0.577384 29.0 0.580551 30.0 0.583451
1.553282  0.0 0.233235 1.0 0.265161 2.0 0.293905 3.0 0.319855 4.0 0.343350 5.0 0.364696 6.0 0.384161 7.0 0.401965 8.0 0.418306 9.0 0.433353 10.0 0.447186 11.0 0.460064 12.0 0.472024 13.0 0.483158 14.0 0.493538 15.0 0.503230 16.0 0.512286 17.0 0.520748 18.0 0.528647 19.0 0.536015 20.0 0.542879 21.0 0.549265 22.0 0.555181 23.0 0.560645 24.0 0.565676 25.0 0.570292 26.0 0.574511 27.0 0.578360 28.0 0.581867 29.0 0.585067 30.0 0.587999
1.642849  0.0 0.234957 1.0 0.267118 2.0 0.296077 3.0 0.322223 4.0 0.345898 5.0 0.367410 6.0 0.387027 7.0 0.404973 8.0 0.421445 9.0 0.436614 10.0 0.450556 11.0 0.463543 12.0 0.475604 13.0 0.486830 14.0 0.497303 15.0 0.507079 16.0 0.516211 17.0 0.524749 18.0 0.532717 19.0 0.540152 20.0 0.547077 21.0 0.553523 22.0 0.559497 23.0 0.565009 24.0 0.570092 25.0 0.574751 26.0 0.579011 27.0 0.582898 28.0 0.586442 29.0 0.589676 30.0 0.592640
1.737580  0.0 0.236708 1.0 0.269108 2.0 0.298285 3.0 0.324632 4.0 0.348489 5.0 0.370170 6.0 0.389942 7.0 0.408032 8.0 0.424638 9.0 0.439934 10.0 0.453988 11.0 0.467085 12.0 0.479249 13.0 0.490573 14.0 0.501137 15.0 0.511000 16.0 0.520214 17.0 0.528826 18.0 0.536868 19.0 0.544374 20.0 0.551364 21.0 0.557866 22.0 0.563898 23.0 0.569468 24.0 0.574597 25.0 0.579300 26.0 0.583605 27.0 0.587533 28.0 0.591112 29.0 0.594380 30.0 0.597379
1.837774  0.0 0.238485 1.0 0.271129 2.0 0.300529 3.0 0.327081 4.0 0.351124 5.0 0.372975 6.0 0.392907 7.0 0.411144 8.0 0.427887 9.0 0.443314 10.0 0.457484 11.0 0.470691 12.0 0.482962 13.0 0.494387 14.0 0.505044 15.0 0.514995 16.0 0.524295 17.0 0.532982 18.0 0.541104 19.0 0.548679 20.0 0.555736 21.0 0.562303 22.0 0.568387 23.0 0.574017 24.0 0.579195 25.0 0.583950 26.0 0.588301 27.0 0.592271 28.0 0.595889 29.0 0.599190 30.0 0.602218
1.943745  0.0 0.240291 1.0 0.273184 2.0 0.302811 3.0 0.329570 4.0 0.353804 5.0 0.375829 6.0 0.395923 7.0 0.414311 8.0 0.431197 9.0 0.446755 10.0 0.461043 11.0 0.474364 12.0 0.486743 13.0 0.498274 14.0 0.509025 15.0 0.519068 16.0 0.528456 17.0 0.537228 18.0 0.545424 19.0 0.553071 20.0 0.560196 21.0 0.566830 22.0 0.572978 23.0 0.578661 24.0 0.583894 25.0 0.588701 26.0 0.593097 27.0 0.597110 28.0 0.600769 29.0 0.604109 30.0 0.607172
2.055827  0.0 0.242125 1.0 0.275271 2.0 0.305130 3.0 0.332100 4.0 0.356529 5.0 0.378733 6.0 0.398995 7.0 0.417538 8.0 0.434569 9.0 0.450259 10.0 0.464668 11.0 0.478110 12.0 0.490601 13.0 0.502235 14.0 0.513087 15.0 0.523224 16.0 0.532699 17.0 0.541559 18.0 0.549832 19.0 0.557552 20.0 0.564748 21.0 0.571451 22.0 0.577666 23.0 0.583403 24.0 0.588698 25.0 0.593554 26.0 0.597997 27.0 0.602054 28.0 0.605756 29.0 0.609137 30.0 0.612239
2.174371  0.0 0.243989 1.0 0.277392 2.0 0.307487 3.0 0.334673 4.0 0.359300 5.0 0.381690 6.0 0.402122 7.0 0.420824 8.0 0.438002 9.0 0.453829 10.0 0.468362 11.0 0.481929 12.0 0.494536 13.0 0.506274 14.0 0.517233 15.0 0.527468 16.0 0.537033 17.0 0.545978 18.0 0.554333 19.0 0.562136 20.0 0.569405 21.0 0.576173 22.0 0.582454 23.0 0.588259 24.0 0.593607 25.0 0.598514 26.0 0.603011 27.0 0.607117 28.0 0.610861 29.0 0.614278 30.0 0.617421
2.299752  0.0 0.245884 1.0 0.279549 2.0 0.309883 3.0 0.337291 4.0 0.362121 5.0 0.384700 6.0 0.405307 7.0 0.424171 8.0 0.441499 9.0 0.457471 10.0 0.472131 11.0 0.485822 12.0 0.498547 13.0 0.510401 14.0 0.521463 15.0 0.531797 16.0 0.541460 17.0 0.550490 18.0 0.558936 19.0 0.566817 20.0 0.574163 21.0 0.581006 22.0 0.587349 23.0 0.593222 24.0 0.598625 25.0 0.603597 26.0 0.608146 27.0 0.612300 28.0 0.616090 29.0 0.619553 30.0 0.622729
2.432362  0.0 0.247811 1.0 0.281743 2.0 0.312323 3.0 0.339957 4.0 0.364995 5.0 0.387764 6.0 0.408549 7.0 0.427579 8.0 0.445063 9.0 0.461183 10.0 0.475974 11.0 0.489792 12.0 0.502638 13.0 0.514611 14.0 0.525779 15.0 0.536217 16.0 0.545979 17.0 0.555107 18.0 0.563638 19.0 0.571600 20.0 0.579025 21.0 0.585946 22.0 0.592364 23.0 0.598296 24.0 0.603771 25.0 0.608797 26.0 0.613399 27.0 0.617603 28.0 0.621443 29.0 0.624952 30.0 0.628174
2.572619  0.0 0.249770 1.0 0.283974 2.0 0.314805 3.0 0.342670 4.0 0.367920 5.0 0.390884 6.0 0.411852 7.0 0.431054 8.0 0.448700 9.0 0.464967 10.0 0.479893 11.0 0.493845 12.0 0.506819 13.0 0.518907 14.0 0.530191 15.0 0.540737 16.0 0.550596 17.0 0.559824 18.0 0.568442 19.0 0.576495 20.0 0.584002 21.0 0.590997 22.0 0.597493 23.0 0.603498 24.0 0.609036 25.0 0.614119 26.0 0.618782 27.0 0.623042 28.0 0.626931 29.0 0.630484 30.0 0.633752
2.720963  0.0 0.251761 1.0 0.286244 2.0 0.317331 3.0 0.345430 4.0 0.370897 5.0 0.394064 6.0 0.415221 7.0 0.434599 8.0 0.452408 9.0 0.468829 10.0 0.483891 11.0 0.497985 12.0 0.511088 13.0 0.523298 14.0 0.534700 15.0 0.545357 16.0 0.555324 17.0 0.564644 18.0 0.573365 19.0 0.581507 20.0 0.589099 21.0 0.596178 22.0 0.602744 23.0 0.608826 24.0 0.614427 25.0 0.619584 26.0 0.624306 27.0 0.628622 28.0 0.632564 29.0 0.636169 30.0 0.639480
2.877861  0.0 0.253786 1.0 0.288552 2.0 0.319900 3.0 0.348240 4.0 0.373930 5.0 0.397306 6.0 0.418655 7.0 0.438213 8.0 0.456190 9.0 0.472774 10.0 0.487978 11.0 0.502209 12.0 0.515446 13.0 0.527787 14.0 0.539307 15.0 0.550077 16.0 0.560156 17.0 0.569584 18.0 0.578400 19.0 0.586633 20.0 0.594315 21.0 0.601481 22.0 0.608133 23.0 0.614282 24.0 0.619965 25.0 0.625184 26.0 0.629966 27.0 0.634340 28.0 0.638339 29.0 0.641999 30.0 0.645363
3.043807  0.0 0.255848 1.0 0.290903 2.0 0.322517 3.0 0.351106 4.0 0.377023 5.0 0.400608 6.0 0.422156 7.0 0.441898 8.0 0.460051 9.0 0.476798 10.0 0.492150 11.0 0.506526 12.0 0.519903 13.0 0.532374 14.0 0.544021 15.0 0.554912 16.0 0.565100 17.0 0.574639 18.0 0.583554 19.0 0.591890 20.0 0.599665 21.0 0.606917 22.0 0.613653 23.0 0.619890 24.0 0.625641 25.0 0.630932 26.0 0.635786 27.0 0.640225 28.0 0.644282 29.0 0.647995 30.0 0.651405
3.219321  0.0 0.257946 1.0 0.293296 2.0 0.325183 3.0 0.354024 4.0 0.380175 5.0 0.403975 6.0 0.425728 7.0 0.445663 8.0 0.463995 9.0 0.480908 10.0 0.496409 11.0 0.510942 12.0 0.524462 13.0 0.537068 14.0 0.548847 15.0 0.559861 16.0 0.570170 17.0 0.579814 18.0 0.588845 19.0 0.597280 20.0 0.605151 21.0 0.612500 22.0 0.619322 23.0 0.625640 24.0 0.631474 25.0 0.636841 26.0 0.641762 27.0 0.646265 28.0 0.650385 29.0 0.654159 30.0 0.657630
3.404956  0.0 0.260081 1.0 0.295732 2.0 0.327898 3.0 0.356996 4.0 0.383386 5.0 0.407413 6.0 0.429375 7.0 0.449505 8.0 0.468021 9.0 0.485113 10.0 0.500769 11.0 0.515455 12.0 0.529123 13.0 0.541875 14.0 0.553783 15.0 0.564926 16.0 0.575359 17.0 0.585128 18.0 0.594263 19.0 0.602804 20.0 0.610779 21.0 0.618222 22.0 0.625144 23.0 0.631552 24.0 0.637467 25.0 0.642909 26.0 0.647910 27.0 0.652486 28.0 0.656672 29.0 0.660506 30.0 0.664031
3.601296  0.0 0.262253 1.0 0.298211 2.0 0.330662 3.0 0.360027 4.0 0.386664 5.0 0.410920 6.0 0.433095 7.0 0.453427 8.0 0.472137 9.0 0.489408 10.0 0.505225 11.0 0.520073 12.0 0.533897 13.0 0.546791 14.0 0.558848 15.0 0.570126 16.0 0.580685 17.0 0.590571 18.0 0.599829 19.0 0.608484 20.0 0.616565 21.0 0.624114 22.0 0.631127 23.0 0.637628 24.0 0.643633 25.0 0.649164 26.0 0.654238 27.0 0.658886 28.0 0.663143 29.0 0.667046 30.0 0.670640
3.808956  0.0 0.264467 1.0 0.300739 2.0 0.333483 3.0 0.363119 4.0 0.390008 5.0 0.414496 6.0 0.436896 7.0 0.457439 8.0 0.476345 9.0 0.493801 10.0 0.509783 11.0 0.524803 12.0 0.538787 13.0 0.551837 14.0 0.564035 15.0 0.575451 16.0 0.586147 17.0 0.596165 18.0 0.605542 19.0 0.614310 20.0 0.622504 21.0 0.630161 22.0 0.637284 23.0 0.643884 24.0 0.649981 25.0 0.655596 26.0 0.660760 27.0 0.665491 28.0 0.669823 29.0 0.673794 30.0 0.677451
4.028591  0.0 0.266720 1.0 0.303314 2.0 0.336357 3.0 0.366271 4.0 0.393418 5.0 0.418153 6.0 0.440781 7.0 0.461538 8.0 0.480645 9.0 0.498299 10.0 0.514453 11.0 0.529642 12.0 0.543794 13.0 0.557005 14.0 0.569357 15.0 0.580923 16.0 0.591756 17.0 0.601907 18.0 0.611416 19.0 0.620312 20.0 0.628623 21.0 0.636396 22.0 0.643623 23.0 0.650325 24.0 0.656525 25.0 0.662238 26.0 0.667484 27.0 0.672295 28.0 0.676707 29.0 0.680757 30.0 0.684493
4.260891  0.0 0.269014 1.0 0.305936 2.0 0.339286 3.0 0.369488 4.0 0.396902 5.0 0.421886 6.0 0.444748 7.0 0.465729 8.0 0.485051 9.0 0.502899 10.0 0.519231 11.0 0.534609 12.0 0.548934 13.0 0.562310 14.0 0.574822 15.0 0.586538 16.0 0.597521 17.0 0.607815 18.0 0.617456 19.0 0.626478 20.0 0.634916 21.0 0.642808 22.0 0.650156 23.0 0.656973 24.0 0.663272 25.0 0.669088 26.0 0.674435 27.0 0.679340 28.0 0.683838 29.0 0.687968 30.0 0.691778
4.506586  0.0 0.271355 1.0 0.308613 2.0 0.342277 3.0 0.372772 4.0 0.400460 5.0 0.425700 6.0 0.448809 7.0 0.470020 8.0 0.489558 9.0 0.507619 10.0 0.524135 11.0 0.539695 12.0 0.554201 13.0 0.567754 14.0 0.580434 15.0 0.592314 16.0 0.603449 17.0 0.613888 18.0 0.623678 19.0 0.632841 20.0 0.641409 21.0 0.649432 22.0 0.656900 23.0 0.663827 24.0 0.670249 25.0 0.676165 26.0 0.681613 27.0 0.686618 28.0 0.691209 29.0 0.695426 30.0 0.699317
4.766448  0.0 0.273738 1.0 0.311340 2.0 0.345327 3.0 0.376122 4.0 0.404093 5.0 0.429601 6.0 0.452960 7.0 0.474408 8.0 0.494176 9.0 0.512451 10.0 0.529157 11.0 0.544922 12.0 0.559618 13.0 0.573350 14.0 0.586204 15.0 0.598249 16.0 0.609550 17.0 0.620151 18.0 0.630084 19.0 0.639395 20.0 0.648105 21.0 0.656263 22.0 0.663858 23.0 0.670922 24.0 0.677457 25.0 0.683495 26.0 0.689049 27.0 0.694153 28.0 0.698841 29.0 0.703156 30.0 0.707144
5.041295  0.0 0.276167 1.0 0.314121 2.0 0.348440 3.0 0.379548 4.0 0.407809 5.0 0.433587 6.0 0.457210 7.0 0.478908 8.0 0.498908 9.0 0.517411 10.0 0.534316 11.0 0.550281 12.0 0.565176 13.0 0.579101 14.0 0.592142 15.0 0.604368 16.0 0.615839 17.0 0.626599 18.0 0.636701 19.0 0.646160 20.0 0.655016 21.0 0.663322 22.0 0.671065 23.0 0.678260 24.0 0.684921 25.0 0.691083 26.0 0.696760 27.0 0.701979 28.0 0.706776 29.0 0.711193 30.0 0.715278
5.331990  0.0 0.278646 1.0 0.316962 2.0 0.351620 3.0 0.383046 4.0 0.411605 5.0 0.437672 6.0 0.461562 7.0 0.483514 8.0 0.503762 9.0 0.522496 10.0 0.539608 11.0 0.555796 12.0 0.570898 13.0 0.585023 14.0 0.598252 15.0 0.610665 16.0 0.622316 17.0 0.633261 18.0 0.643528 19.0 0.653157 20.0 0.662173 21.0 0.670634 22.0 0.678525 23.0 0.685857 24.0 0.692667 25.0 0.698952 26.0 0.704761 27.0 0.710104 28.0 0.715019 29.0 0.719547 30.0 0.723738
5.639448  0.0 0.281173 1.0 0.319858 2.0 0.354865 3.0 0.386622 4.0 0.415493 5.0 0.441848 6.0 0.466019 7.0 0.488241 8.0 0.508742 9.0 0.527725 10.0 0.545051 11.0 0.561459 12.0 0.576783 13.0 0.591116 14.0 0.604558 15.0 0.617169 16.0 0.629014 17.0 0.640142 18.0 0.650586 19.0 0.660390 20.0 0.669579 21.0 0.678206 22.0 0.686255 23.0 0.693748 24.0 0.700706 25.0 0.707139 26.0 0.713079 27.0 0.718557 28.0 0.723599 29.0 0.728249 30.0 0.732556
5.964634  0.0 0.283752 1.0 0.322816 2.0 0.358183 3.0 0.390279 4.0 0.419467 5.0 0.446130 6.0 0.470590 7.0 0.493086 8.0 0.513856 9.0 0.533090 10.0 0.550642 11.0 0.567295 12.0 0.582844 13.0 0.597406 14.0 0.611058 15.0 0.623883 16.0 0.635932 17.0 0.647254 18.0 0.657899 19.0 0.667882 20.0 0.677253 21.0 0.686061 22.0 0.694283 23.0 0.701951 24.0 0.709066 25.0 0.715659 26.0 0.721742 27.0 0.727366 28.0 0.732548 29.0 0.737331 30.0 0.741766
6.308571  0.0 0.286383 1.0 0.325837 2.0 0.361573 3.0 0.394018 4.0 0.423540 5.0 0.450512 6.0 0.475277 7.0 0.498065 8.0 0.519108 9.0 0.538617 10.0 0.556404 11.0 0.573303 12.0 0.589098 13.0 0.603893 14.0 0.617773 15.0 0.630819 16.0 0.643086 17.0 0.654624 18.0 0.665476 19.0 0.675664 20.0 0.685224 21.0 0.694224 22.0 0.702641 23.0 0.710488 24.0 0.717776 25.0 0.724542 26.0 0.730790 27.0 0.736567 28.0 0.741902 29.0 0.746831 30.0 0.751407
6.672341  0.0 0.289069 1.0 0.328922 2.0 0.365040 3.0 0.397848 4.0 0.427708 5.0 0.455011 6.0 0.480087 7.0 0.503175 8.0 0.524514 9.0 0.544300 10.0 0.562334 11.0 0.579493 12.0 0.595547 13.0 0.610590 14.0 0.624722 15.0 0.638002 16.0 0.650502 17.0 0.662270 18.0 0.673339 19.0 0.683747 20.0 0.693519 21.0 0.702729 22.0 0.711348 23.0 0.719391 24.0 0.726868 25.0 0.733821 26.0 0.740247 27.0 0.746198 28.0 0.751699 29.0 0.756789 30.0 0.761521
7.057087  0.0 0.291813 1.0 0.332077 2.0 0.368585 3.0 0.401766 4.0 0.431984 5.0 0.459621 6.0 0.485029 7.0 0.508433 8.0 0.530072 9.0 0.550154 10.0 0.568445 11.0 0.585891 12.0 0.602211 13.0 0.617523 14.0 0.631913 15.0 0.645451 16.0 0.658199 17.0 0.670210 18.0 0.681513 19.0 0.692158 20.0 0.702160 21.0 0.711596 22.0 0.720435 23.0 0.728693 24.0 0.736380 25.0 0.743535 26.0 0.750155 27.0 0.756300 28.0 0.761983 29.0 0.767250 30.0 0.772154
7.464018  0.0 0.294613 1.0 0.335300 2.0 0.372215 3.0 0.405782 4.0 0.436363 5.0 0.464359 6.0 0.490102 7.0 0.513840 8.0 0.535799 9.0 0.556195 10.0 0.574760 11.0 0.592498 12.0 0.609109 13.0 0.624703 14.0 0.639366 15.0 0.653180 16.0 0.666196 17.0 0.678467 18.0 0.690026 19.0 0.700926 20.0 0.711176 21.0 0.720859 22.0 0.729940 23.0 0.738434 24.0 0.746352 25.0 0.753726 26.0 0.760567 27.0 0.766920 28.0 0.772803 29.0 0.778264 30.0 0.783359
7.894415  0.0 0.297478 1.0 0.338598 2.0 0.375929 3.0 0.409897 4.0 0.440863 5.0 0.469222 6.0 0.495327 7.0 0.519402 8.0 0.541705 9.0 0.562427 10.0 0.581280 11.0 0.599328 12.0 0.616250 13.0 0.632146 14.0 0.647104 15.0 0.661212 16.0 0.674518 17.0 0.687073 18.0 0.698910 19.0 0.710086 20.0 0.720605 21.0 0.730557 22.0 0.739902 23.0 0.748656 24.0 0.756830 25.0 0.764441 26.0 0.771531 27.0 0.778109 28.0 0.784212 29.0 0.789888 30.0 0.795194
8.349629  0.0 0.300403 1.0 0.341971 2.0 0.379735 3.0 0.414116 4.0 0.445478 5.0 0.474221 6.0 0.500700 7.0 0.525143 8.0 0.547795 9.0 0.568863 10.0 0.588021 11.0 0.606401 12.0 0.623655 13.0 0.639874 14.0 0.655150 15.0 0.669576 16.0 0.683194 17.0 0.696057 18.0 0.708200 19.0 0.719673 20.0 0.730485 21.0 0.740732 22.0 0.750366 23.0 0.759405 24.0 0.767863 25.0 0.775748 26.0 0.783099 27.0 0.789924 28.0 0.796290 29.0 0.802216 30.0 0.807759
8.831092  0.0 0.303397 1.0 0.345425 2.0 0.383632 3.0 0.418447 4.0 0.450220 5.0 0.479365 6.0 0.506230 7.0 0.531061 8.0 0.554083 9.0 0.575523 10.0 0.594999 11.0 0.613742 12.0 0.631343 13.0 0.647912 14.0 0.663534 15.0 0.678301 16.0 0.692257 17.0 0.705455 18.0 0.717932 19.0 0.729729 20.0 0.740863 21.0 0.751445 22.0 0.761402 23.0 0.770749 24.0 0.779506 25.0 0.787705 26.0 0.795338 27.0 0.802469 28.0 0.809104 29.0 0.815294 30.0 0.821097
9.340317  0.0 0.306457 1.0 0.348961 2.0 0.387632 3.0 0.422890 4.0 0.455097 5.0 0.484658 6.0 0.511939 7.0 0.537168 8.0 0.560591 9.0 0.582423 10.0 0.602239 11.0 0.621364 12.0 0.639341 13.0 0.656286 14.0 0.672280 15.0 0.687419 16.0 0.701743 17.0 0.715308 18.0 0.728151 19.0 0.740299 20.0 0.751802 21.0 0.762740 22.0 0.773050 23.0 0.782751 24.0 0.791854 25.0 0.800371 26.0 0.808352 27.0 0.815784 28.0 0.822743 29.0 0.829245 30.0 0.835351
9.878906  0.0 0.309590 1.0 0.352582 2.0 0.391732 3.0 0.427456 4.0 0.460111 5.0 0.490109 6.0 0.517828 7.0 0.543479 8.0 0.567328 9.0 0.589576 10.0 0.609756 11.0 0.629290 12.0 0.647675 13.0 0.665026 14.0 0.681426 15.0 0.696968 16.0 0.711691 17.0 0.725657 18.0 0.738904 19.0 0.751453 20.0 0.763346 21.0 0.774674 22.0 0.785382 23.0 0.795471 24.0 0.804959 25.0 0.813869 26.0 0.822204 27.0 0.830011 28.0 0.837302 29.0 0.844156 30.0 0.850602
10.448551  0.0 0.312797 1.0 0.356296 2.0 0.395939 3.0 0.432150 4.0 0.465272 5.0 0.495735 6.0 0.523908 7.0 0.550013 8.0 0.574309 9.0 0.597004 10.0 0.617573 11.0 0.637547 12.0 0.656374 13.0 0.674166 14.0 0.691010 15.0 0.706987 16.0 0.722153 17.0 0.736563 18.0 0.750242 19.0 0.763242 20.0 0.775568 21.0 0.787354 22.0 0.798500 23.0 0.809025 24.0 0.818944 25.0 0.828269 26.0 0.837014 27.0 0.845234 28.0 0.852926 29.0 0.860163 30.0 0.866993
11.051044  0.0 0.316078 1.0 0.360102 2.0 0.400263 3.0 0.436976 4.0 0.470593 5.0 0.501540 6.0 0.530194 7.0 0.556782 8.0 0.581555 9.0 0.604728 10.0 0.625713 11.0 0.646163 12.0 0.665471 13.0 0.683742 14.0 0.701073 15.0 0.717529 16.0 0.733192 17.0 0.748089 18.0 0.762263 19.0 0.775738 20.0 0.788559 21.0 0.800834 22.0 0.812481 23.0 0.823498 24.0 0.833899 25.0 0.843698 26.0 0.852919 27.0 0.861596 28.0 0.869739 29.0 0.877422 30.0 0.884685
11.688278  0.0 0.319445 1.0 0.364007 2.0 0.404703 3.0 0.441943 4.0 0.476079 5.0 0.507536 6.0 0.536700 7.0 0.563802 8.0 0.589086 9.0 0.612773 10.0 0.634205 11.0 0.655170 12.0 0.675004 13.0 0.693797 14.0 0.711659 15.0 0.728660 16.0 0.744850 17.0 0.760288 18.0 0.775005 19.0 0.789036 20.0 0.802407 21.0 0.815239 22.0 0.827440 23.0 0.839012 24.0 0.849962 25.0 0.860303 26.0 0.870053 27.0 0.879258 28.0 0.887917 29.0 0.896108 30.0 0.903858
12.362256  0.0 0.322893 1.0 0.368017 2.0 0.409267 3.0 0.447063 4.0 0.481739 5.0 0.513736 6.0 0.543444 7.0 0.571093 8.0 0.596927 9.0 0.621168 10.0 0.643086 11.0 0.664619 12.0 0.685013 13.0 0.704391 14.0 0.722837 15.0 0.740422 16.0 0.757226 17.0 0.773270 18.0 0.788598 19.0 0.803239 20.0 0.817220 21.0 0.830688 22.0 0.843516 23.0 0.855718 24.0 0.867291 25.0 0.878251 26.0 0.888613 27.0 0.898401 28.0 0.907668 29.0 0.916419 30.0 0.924761
13.075099  0.0 0.326428 1.0 0.372134 2.0 0.413967 3.0 0.452340 4.0 0.487586 5.0 0.520155 6.0 0.550444 7.0 0.578677 8.0 0.605103 9.0 0.629943 10.0 0.652392 11.0 0.674540 12.0 0.695562 13.0 0.715576 14.0 0.734670 15.0 0.752923 16.0 0.770381 17.0 0.787111 18.0 0.803127 19.0 0.818457 20.0 0.833135 21.0 0.847318 22.0 0.860869 23.0 0.873782 24.0 0.886064 25.0 0.897729 26.0 0.908796 27.0 0.919283 28.0 0.929213 29.0 0.938652 30.0 0.947642
13.829045  0.0 0.330059 1.0 0.376363 2.0 0.418805 3.0 0.457785 4.0 0.493632 5.0 0.526809 6.0 0.557718 7.0 0.586578 8.0 0.613643 9.0 0.639141 10.0 0.662159 11.0 0.684978 12.0 0.706697 13.0 0.727417 14.0 0.747237 15.0 0.766224 16.0 0.784436 17.0 0.801930 18.0 0.818722 19.0 0.834837 20.0 0.850310 21.0 0.865306 22.0 0.879679 23.0 0.893404 24.0 0.906515 25.0 0.918997 26.0 0.930868 27.0 0.942148 28.0 0.952866 29.0 0.963090 30.0 0.972855
14.626467  0.0 0.333784 1.0 0.380715 2.0 0.423790 3.0 0.463407 4.0 0.499892 5.0 0.533716 6.0 0.565291 7.0 0.594823 8.0 0.622584 9.0 0.648802 10.0 0.672432 11.0 0.696010 12.0 0.718491 13.0 0.739996 14.0 0.760623 15.0 0.780440 16.0 0.799506 17.0 0.817865 18.0 0.835536 19.0 0.852542 20.0 0.868924 21.0 0.884868 22.0 0.900175 23.0 0.914855 24.0 0.928900 25.0 0.942330 26.0 0.955140 27.0 0.967354 28.0 0.979001 29.0 0.990122 30.0 1.000808
15.469869  0.0 0.337609 1.0 0.385192 2.0 0.428930 3.0 0.469220 4.0 0.506381 5.0 0.540896 6.0 0.573186 7.0 0.603454 8.0 0.631971 9.0 0.658962 10.0 0.683290 11.0 0.707679 12.0 0.731015 13.0 0.753415 14.0 0.774943 15.0 0.795702 16.0 0.815726 17.0 0.835077 18.0 0.853746 19.0 0.871788 20.0 0.889213 21.0 0.906235 22.0 0.922631 23.0 0.938419 24.0 0.953567 25.0 0.968100 26.0 0.982006 27.0 0.995313 28.0 1.008054 29.0 1.020274 30.0 1.032031
16.361905  0.0 0.341538 1.0 0.389802 2.0 0.434235 3.0 0.475235 4.0 0.513117 5.0 0.548370 6.0 0.581430 7.0 0.612495 8.0 0.641836 9.0 0.669697 10.0 0.694767 11.0 0.720091 12.0 0.744384 13.0 0.767772 14.0 0.790332 15.0 0.812159 16.0 0.833286 17.0 0.853749 18.0 0.873598 19.0 0.892805 20.0 0.911443 21.0 0.929727 22.0 0.947403 23.0 0.964466 24.0 0.980924 25.0 0.996740 26.0 1.011964 27.0 1.026578 28.0 1.040619 29.0 1.054139 30.0 1.067201
17.305378  0.0 0.345582 1.0 0.394551 2.0 0.439715 3.0 0.481468 4.0 0.520117 5.0 0.556162 6.0 0.590054 7.0 0.621984 8.0 0.652242 9.0 0.681047 10.0 0.706965 11.0 0.733318 12.0 0.758690 13.0 0.783202 14.0 0.806942 15.0 0.829982 16.0 0.852370 17.0 0.874148 18.0 0.895330 19.0 0.915916 20.0 0.935967 21.0 0.955727 22.0 0.974906 23.0 0.993496 24.0 1.011481 25.0 1.028852 26.0 1.045639 27.0 1.061818 28.0 1.077440 29.0 1.092555 30.0 1.107217
18.303255  0.0 0.349742 1.0 0.399449 2.0 0.445382 3.0 0.487934 4.0 0.527403 5.0 0.564298 6.0 0.599097 7.0 0.631987 8.0 0.663240 9.0 0.693117 10.0 0.719962 11.0 0.747475 12.0 0.774067 13.0 0.799858 14.0 0.824948 15.0 0.849390 16.0 0.873245 17.0 0.896536 18.0 0.919286 19.0 0.941490 20.0 0.963199 21.0 0.984699 22.0 1.005672 23.0 1.026082 24.0 1.045921 25.0 1.065178 26.0 1.083846 27.0 1.101972 28.0 1.119536 29.0 1.136635 30.0 1.153302
19.358672  0.0 0.354024 1.0 0.404503 2.0 0.451249 3.0 0.494649 4.0 0.534996 5.0 0.572817 6.0 0.608608 7.0 0.642535 8.0 0.674914 9.0 0.705976 10.0 0.733864 11.0 0.762694 12.0 0.790678 13.0 0.817951 14.0 0.844585 15.0 0.870649 16.0 0.896214 17.0 0.921277 18.0 0.945868 19.0 0.969993 20.0 0.993685 21.0 1.017277 22.0 1.040399 23.0 1.063006 24.0 1.085116 25.0 1.106691 26.0 1.127731 27.0 1.148252 28.0 1.168307 29.0 1.187916 30.0 1.207172
20.474947  0.0 0.358435 1.0 0.409724 2.0 0.457329 3.0 0.501633 4.0 0.542923 5.0 0.581753 6.0 0.618620 7.0 0.653719 8.0 0.687336 9.0 0.719733 10.0 0.748797 11.0 0.779126 12.0 0.808722 13.0 0.837683 14.0 0.866127 15.0 0.894102 16.0 0.921659 17.0 0.948839 18.0 0.975630 19.0 1.002037 20.0 1.028111 21.0 1.054254 22.0 1.080012 23.0 1.105349 24.0 1.130282 25.0 1.154761 26.0 1.178808 27.0 1.202447 28.0 1.225701 29.0 1.248635 30.0 1.271355
21.655589  0.0 0.362983 1.0 0.415122 2.0 0.463637 3.0 0.508906 4.0 0.551220 5.0 0.591138 6.0 0.629209 7.0 0.665594 8.0 0.700606 9.0 0.734514 10.0 0.764910 11.0 0.796978 12.0 0.828422 13.0 0.859364 14.0 0.889928 15.0 0.920153 16.0 0.950097 17.0 0.979786 18.0 1.009218 19.0 1.038425 20.0 1.067422 21.0 1.096700 22.0 1.125747 23.0 1.154546 24.0 1.183081 25.0 1.211338 26.0 1.239337 27.0 1.267112 28.0 1.294715 29.0 1.322215 30.0 1.349740
22.904311  0.0 0.367675 1.0 0.420708 2.0 0.470189 3.0 0.516496 4.0 0.559918 5.0 0.601039 6.0 0.640429 7.0 0.678255 8.0 0.714844 9.0 0.750469 10.0 0.782414 11.0 0.816463 12.0 0.850075 13.0 0.883356 14.0 0.916405 15.0 0.949328 16.0 0.982136 17.0 1.014875 18.0 1.047567 19.0 1.080206 20.0 1.112852 21.0 1.146121 22.0 1.179386 23.0 1.212675 24.0 1.245966 25.0 1.279290 26.0 1.312688 27.0 1.346225 28.0 1.379991 29.0 1.414116 30.0 1.448775
24.225038  0.0 0.372521 1.0 0.426495 2.0 0.477003 3.0 0.524433 4.0 0.569054 5.0 0.611497 6.0 0.652359 7.0 0.691809 8.0 0.730187 9.0 0.767804 10.0 0.801504 11.0 0.837889 12.0 0.874045 13.0 0.910088 14.0 0.946148 15.0 0.982311 16.0 1.018626 17.0 1.055128 18.0 1.091867 19.0 1.128857 20.0 1.166198 21.0 1.204641 22.0 1.243506 23.0 1.282830 24.0 1.322679 25.0 1.363145 26.0 1.404307 27.0 1.442223 28.0 1.469459 29.0 1.495714 30.0 1.521095
25.621921  0.0 0.377528 1.0 0.432496 2.0 0.484101 3.0 0.532738 4.0 0.578681 5.0 0.622578 6.0 0.665093 7.0 0.706382 8.0 0.746816 9.0 0.786722 10.0 0.822478 11.0 0.861619 12.0 0.900799 13.0 0.940167 14.0 0.979886 15.0 1.020026 16.0 1.060686 17.0 1.101942 18.0 1.143855 19.0 1.186480 20.0 1.230035 21.0 1.275473 22.0 1.322068 23.0 1.369976 24.0 1.412321 25.0 1.445010 26.0 1.476511 27.0 1.506837 28.0 1.536018 29.0 1.564120 30.0 1.591251
27.099352  0.0 0.382707 1.0 0.438727 2.0 0.491513 3.0 0.541462 4.0 0.588849 5.0 0.634367 6.0 0.678743 7.0 0.722123 8.0 0.764925 9.0 0.807518 10.0 0.845691 11.0 0.888099 12.0 0.930936 13.0 0.974371 14.0 1.018577 15.0 1.063697 16.0 1.109891 17.0 1.157277 18.0 1.206021 19.0 1.256264 20.0 1.308376 21.0 1.361706 22.0 1.400839 23.0 1.438267 24.0 1.474461 25.0 1.509372 26.0 1.542976 27.0 1.575274 28.0 1.606300 29.0 1.636124 30.0 1.664856
28.661977  0.0 0.388069 1.0 0.445205 2.0 0.499255 3.0 0.550631 4.0 0.599616 5.0 0.646954 6.0 0.693436 7.0 0.739237 8.0 0.784796 9.0 0.830542 10.0 0.871587 11.0 0.917953 12.0 0.965236 13.0 1.013709 14.0 1.063572 15.0 1.115100 16.0 1.168514 17.0 1.224103 18.0 1.282209 19.0 1.335619 20.0 1.378359 21.0 1.420737 22.0 1.461895 23.0 1.501740 24.0 1.540202 25.0 1.577230 26.0 1.612793 27.0 1.646895 28.0 1.679569 29.0 1.713798 30.0 1.748440
30.314706  0.0 0.393625 1.0 0.451952 2.0 0.507367 3.0 0.560308 4.0 0.611060 5.0 0.660453 6.0 0.709343 7.0 0.757942 8.0 0.806755 9.0 0.856263 10.0 0.900763 11.0 0.951957 12.0 1.004801 13.0 1.059629 14.0 1.116814 15.0 1.176774 16.0 1.239992 17.0 1.298008 18.0 1.345650 19.0 1.392206 20.0 1.437673 21.0 1.482677 22.0 1.526287 23.0 1.568408 24.0 1.608962 25.0 1.647895 26.0 1.689555 27.0 1.730380 28.0 1.769708 29.0 1.807563 30.0 1.844045
32.062737  0.0 0.399395 1.0 0.458984 2.0 0.515875 3.0 0.570539 4.0 0.623270 5.0 0.674986 6.0 0.726648 7.0 0.778529 8.0 0.831203 9.0 0.885263 10.0 0.933977 11.0 0.991208 12.0 1.051093 13.0 1.114186 14.0 1.181129 15.0 1.247650 16.0 1.300354 17.0 1.352071 18.0 1.402669 19.0 1.452020 20.0 1.500103 21.0 1.547564 22.0 1.593419 23.0 1.640878 24.0 1.689016 25.0 1.735490 26.0 1.780193 27.0 1.823063 28.0 1.864108 29.0 1.903355 30.0 1.940931
33.911564  0.0 0.405386 1.0 0.466331 2.0 0.524830 3.0 0.581392 4.0 0.636348 5.0 0.690715 6.0 0.745613 7.0 0.801371 8.0 0.858696 9.0 0.918335 10.0 0.972309 11.0 1.037200 12.0 1.106273 13.0 1.180473 14.0 1.241519 15.0 1.298471 16.0 1.354410 17.0 1.409176 18.0 1.462619 19.0 1.514591 20.0 1.565064 21.0 1.620494 22.0 1.674755 23.0 1.727264 24.0 1.777838 25.0 1.826336 26.0 1.872652 27.0 1.914922 28.0 1.944451 29.0 1.970697 30.0 1.995462
35.866999  0.0 0.411615 1.0 0.474015 2.0 0.534270 3.0 0.592944 4.0 0.650412 5.0 0.707839 6.0 0.766550 7.0 0.826941 8.0 0.889962 9.0 0.956554 10.0 1.017205 11.0 1.092115 12.0 1.168303 13.0 1.230526 14.0 1.291888 15.0 1.352194 16.0 1.411258 17.0 1.468899 18.0 1.525234 19.0 1.586026 20.0 1.645475 21.0 1.704296 22.0 1.761094 23.0 1.815656 24.0 1.866781 25.0 1.903367 26.0 1.935118 27.0 1.964833 28.0 1.992665 29.0 nan 30.0 nan
37.935191  0.0 0.418107 1.0 0.482072 2.0 0.544249 3.0 0.605286 4.0 0.665629 5.0 0.726615 6.0 0.789833 7.0 0.855881 8.0 0.925954 9.0 1.001423 10.0 1.070796 11.0 1.147377 12.0 1.214174 13.0 1.280112 14.0 1.344949 15.0 1.408453 16.0 1.470563 17.0 1.536852 18.0 1.602599 19.0 1.666625 20.0 1.728758 21.0 1.789728 22.0 1.841754 23.0 1.880150 24.0 1.916229 25.0 1.950067 26.0 1.981693 27.0 nan 28.0 nan 29.0 nan 30.0 nan
40.122640  0.0 0.424874 1.0 0.490531 2.0 0.554833 3.0 0.618527 4.0 0.682172 5.0 0.747358 6.0 0.816003 7.0 0.889008 8.0 0.968040 9.0 1.055134 10.0 1.120448 11.0 1.191962 12.0 1.262651 13.0 1.332195 14.0 1.400303 15.0 1.470613 16.0 1.542933 17.0 1.613648 18.0 1.682360 19.0 1.748708 20.0 1.802729 21.0 1.846038 22.0 1.886881 23.0 1.925247 24.0 1.961236 25.0 1.994873 26.0 nan 27.0 nan 28.0 nan 29.0 nan 30.0 nan
42.436223  0.0 0.431947 1.0 0.499440 2.0 0.566097 3.0 0.632813 4.0 0.700284 5.0 0.770447 6.0 0.845749 7.0 0.927489 8.0 1.018171 9.0 1.096636 10.0 1.163392 11.0 1.239001 12.0 1.313443 13.0 1.386590 14.0 1.465271 15.0 1.542874 16.0 1.618605 17.0 1.691993 18.0 1.753028 19.0 1.800922 20.0 1.846236 21.0 1.889549 22.0 1.930265 23.0 1.968473 24.0 nan 25.0 nan 26.0 nan 27.0 nan 28.0 nan 29.0 nan 30.0 nan
44.883214  0.0 0.439344 1.0 0.508845 2.0 0.578127 3.0 0.648293 4.0 0.720258 5.0 0.796432 6.0 0.879980 7.0 0.972988 8.0 1.056922 9.0 1.138235 10.0 1.208655 11.0 1.288197 12.0 1.368535 13.0 1.453101 14.0 1.536126 15.0 1.616966 16.0 1.690455 17.0 1.744219 18.0 1.794943 19.0 1.842859 20.0 1.888136 21.0 1.931261 22.0 1.971772 23.0 nan 24.0 nan 25.0 nan 26.0 nan 27.0 nan 28.0 nan 29.0 nan 30.0 nan
47.471306  0.0 0.447104 1.0 0.518798 2.0 0.591023 3.0 0.665175 4.0 0.742473 5.0 0.825995 6.0 0.920019 7.0 1.010293 8.0 1.096182 9.0 1.181977 10.0 1.255948 11.0 1.343170 12.0 1.433532 13.0 1.522161 14.0 1.608260 15.0 1.674105 16.0 1.730907 17.0 1.784602 18.0 1.835300 19.0 1.883101 20.0 1.928161 21.0 1.971020 22.0 nan 23.0 nan 24.0 nan 25.0 nan 26.0 nan 27.0 nan 28.0 nan 29.0 nan 30.0 nan
50.208634  0.0 0.455255 1.0 0.529364 2.0 0.604932 3.0 0.683717 4.0 0.767426 5.0 0.860113 6.0 0.956597 7.0 1.046840 8.0 1.137480 9.0 1.227571 10.0 1.309634 11.0 1.405990 12.0 1.500467 13.0 1.589025 14.0 1.652757 15.0 1.712980 16.0 1.769811 17.0 1.823402 18.0 1.873940 19.0 1.921472 20.0 1.966193 21.0 nan 22.0 nan 23.0 nan 24.0 nan 25.0 nan 26.0 nan 27.0 nan 28.0 nan 29.0 nan 30.0 nan
53.103804  0.0 0.463836 1.0 0.540625 2.0 0.619995 3.0 0.704239 4.0 0.795772 5.0 0.895890 6.0 0.990040 7.0 1.085326 8.0 1.180559 9.0 1.281457 10.0 1.369901 11.0 1.470517 12.0 1.558561 13.0 1.626329 14.0 1.690196 15.0 1.750369 16.0 1.807068 17.0 1.860447 18.0 1.910662 19.0 1.957795 20.0 nan 21.0 nan 22.0 nan 23.0 nan 24.0 nan 25.0 nan 26.0 nan 27.0 nan 28.0 nan 29.0 nan 30.0 nan
56.165917  0.0 0.472893 1.0 0.552667 2.0 0.636411 3.0 0.727169 4.0 0.828435 5.0 0.925848 6.0 1.025326 7.0 1.125544 8.0 1.230844 9.0 1.339404 10.0 1.431756 11.0 1.522315 12.0 1.594488 13.0 1.662343 14.0 1.726168 15.0 1.786160 16.0 1.842570 17.0 1.895565 18.0 1.945316 19.0 1.991209 20.0 nan 21.0 nan 22.0 nan 23.0 nan 24.0 nan 25.0 nan 26.0 nan 27.0 nan 28.0 nan 29.0 nan 30.0 nan
59.404601  0.0 0.482479 1.0 0.565597 2.0 0.654423 3.0 0.753071 4.0 0.855914 5.0 0.957521 6.0 1.062294 7.0 1.171107 8.0 1.285502 9.0 1.398646 10.0 1.479842 11.0 1.556893 12.0 1.629159 13.0 1.696936 14.0 1.760538 15.0 1.820192 16.0 1.876188 17.0 1.928132 18.0 1.974830 19.0 nan 20.0 nan 21.0 nan 22.0 nan 23.0 nan 24.0 nan 25.0 nan 26.0 nan 27.0 nan 28.0 nan 29.0 nan 30.0 nan
62.830036  0.0 0.492651 1.0 0.579551 2.0 0.674355 3.0 0.780268 4.0 0.883688 5.0 0.990815 6.0 1.102149 7.0 1.222027 8.0 1.341555 9.0 1.438873 10.0 1.513102 11.0 1.590253 12.0 1.662427 13.0 1.729953 14.0 1.793186 15.0 1.852310 16.0 1.905750 17.0 1.954515 18.0 nan 19.0 nan 20.0 nan 21.0 nan 22.0 nan 23.0 nan 24.0 nan 25.0 nan 26.0 nan 27.0 nan 28.0 nan 29.0 nan 30.0 nan
66.452991  0.0 0.503487 1.0 0.594697 2.0 0.696603 3.0 0.803901 4.0 0.912973 5.0 1.025565 6.0 1.148787 7.0 1.274510 8.0 1.382976 9.0 1.470600 10.0 1.545228 11.0 1.622267 12.0 1.694165 13.0 1.761268 14.0 1.823398 15.0 1.878900 16.0 1.930473 17.0 1.978789 18.0 nan 19.0 nan 20.0 nan 21.0 nan 22.0 nan 23.0 nan 24.0 nan 25.0 nan 26.0 nan 27.0 nan 28.0 nan 29.0 nan 30.0 nan
70.284856  0.0 0.515071 1.0 0.611243 2.0 0.718526 3.0 0.828873 4.0 0.943674 5.0 1.065966 6.0 1.197195 7.0 1.319433 8.0 1.413430 9.0 1.501223 10.0 1.576041 11.0 1.652794 12.0 1.724271 13.0 1.789417 14.0 1.847945 15.0 1.902564 16.0 1.953644 17.0 nan 18.0 nan 19.0 nan 20.0 nan 21.0 nan 22.0 nan 23.0 nan 24.0 nan 25.0 nan 26.0 nan 27.0 nan 28.0 nan 29.0 nan 30.0 nan
74.337677  0.0 0.527505 1.0 0.629437 2.0 0.738988 3.0 0.855153 4.0 0.976264 5.0 1.109644 6.0 1.246586 7.0 1.348597 8.0 1.442850 9.0 1.530598 10.0 1.605443 11.0 1.681741 12.0 1.750545 13.0 1.812672 14.0 1.870596 15.0 1.924742 16.0 1.975289 17.0 nan 18.0 nan 19.0 nan 20.0 nan 21.0 nan 22.0 nan 23.0 nan 24.0 nan 25.0 nan 26.0 nan 27.0 nan 28.0 nan 29.0 nan 30.0 nan
78.624195  0.0 0.540913 1.0 0.646975 2.0 0.760564 3.0 0.882667 4.0 1.014566 5.0 1.154716 6.0 1.275373 7.0 1.376832 8.0 1.471122 9.0 1.558609 10.0 1.633289 11.0 1.706579 12.0 1.772808 13.0 1.834396 14.0 1.891770 15.0 1.945349 16.0 1.995278 17.0 nan 18.0 nan 19.0 nan 20.0 nan 21.0 nan 22.0 nan 23.0 nan 24.0 nan 25.0 nan 26.0 nan 27.0 nan 28.0 nan 29.0 nan 30.0 nan
83.157886  0.0 0.555454 1.0 0.664023 2.0 0.783246 3.0 0.912523 4.0 1.054547 5.0 1.193022 6.0 1.302386 7.0 1.404023 8.0 1.498132 9.0 1.585177 10.0 1.657208 11.0 1.728024 12.0 1.793726 13.0 1.854728 14.0 1.911605 15.0 1.964531 16.0 nan 17.0 nan 18.0 nan 19.0 nan 20.0 nan 21.0 nan 22.0 nan 23.0 nan 24.0 nan 25.0 nan 26.0 nan 27.0 nan 28.0 nan 29.0 nan 30.0 nan
87.953002  0.0 0.568964 1.0 0.681953 2.0 0.806987 3.0 0.946608 4.0 1.095692 5.0 1.218737 6.0 1.328490 7.0 1.430075 8.0 1.523769 9.0 1.607208 10.0 1.677901 11.0 1.748174 12.0 1.813214 13.0 1.873650 14.0 1.929998 15.0 1.982941 16.0 nan 17.0 nan 18.0 nan 19.0 nan 20.0 nan 21.0 nan 22.0 nan 23.0 nan 24.0 nan 25.0 nan 26.0 nan 27.0 nan 28.0 nan 29.0 nan 30.0 nan
93.024617  0.0 0.582786 1.0 0.700766 2.0 0.832358 3.0 0.982182 4.0 1.126350 5.0 1.243696 6.0 1.353571 7.0 1.454829 8.0 1.545775 9.0 1.626970 10.0 1.697321 11.0 1.766947 12.0 1.831388 13.0 1.891510 14.0 1.947695 15.0 1.999807 16.0 nan 17.0 nan 18.0 nan 19.0 nan 20.0 nan 21.0 nan 22.0 nan 23.0 nan 24.0 nan 25.0 nan 26.0 nan 27.0 nan 28.0 nan 29.0 nan 30.0 nan
98.388676  0.0 0.597264 1.0 0.720446 2.0 0.861417 3.0 1.018842 4.0 1.150004 5.0 1.267791 6.0 1.377540 7.0 1.477287 8.0 1.564912 9.0 1.645458 10.0 1.715507 11.0 1.784487 12.0 1.848726 13.0 1.908344 14.0 1.963548 15.0 nan 16.0 nan 17.0 nan 18.0 nan 19.0 nan 20.0 nan 21.0 nan 22.0 nan 23.0 nan 24.0 nan 25.0 nan 26.0 nan 27.0 nan 28.0 nan 29.0 nan 30.0 nan
104.062042  0.0 0.612406 1.0 0.740973 2.0 0.891833 3.0 1.046342 4.0 1.172972 5.0 1.290929 6.0 1.400285 7.0 1.495869 8.0 1.582860 9.0 1.662762 10.0 1.732390 11.0 1.801227 12.0 1.864839 13.0 1.923554 14.0 1.976651 15.0 nan 16.0 nan 17.0 nan 18.0 nan 19.0 nan 20.0 nan 21.0 nan 22.0 nan 23.0 nan 24.0 nan 25.0 nan 26.0 nan 27.0 nan 28.0 nan 29.0 nan 30.0 nan
110.062550  0.0 0.628209 1.0 0.764424 2.0 0.923348 3.0 1.067971 4.0 1.195152 5.0 1.312994 6.0 1.418979 7.0 1.513342 8.0 1.599688 9.0 1.678870 10.0 1.748651 11.0 1.816765 12.0 1.878968 13.0 1.935136 14.0 1.985731 15.0 nan 16.0 nan 17.0 nan 18.0 nan 19.0 nan 20.0 nan 21.0 nan 22.0 nan 23.0 nan 24.0 nan 25.0 nan 26.0 nan 27.0 nan 28.0 nan 29.0 nan 30.0 nan
116.409064  0.0 0.644660 1.0 0.789247 2.0 0.951682 3.0 1.089004 4.0 1.216453 5.0 1.333325 6.0 1.436044 7.0 1.529725 8.0 1.615384 9.0 1.694439 10.0 1.763612 11.0 1.830221 12.0 1.890036 13.0 1.943666 14.0 1.993493 15.0 nan 16.0 nan 17.0 nan 18.0 nan 19.0 nan 20.0 nan 21.0 nan 22.0 nan 23.0 nan 24.0 nan 25.0 nan 26.0 nan 27.0 nan 28.0 nan 29.0 nan 30.0 nan
123.121536  0.0 0.662765 1.0 0.815115 2.0 0.971253 3.0 1.109346 4.0 1.236762 5.0 1.350035 6.0 1.452098 7.0 1.545144 8.0 1.630394 9.0 1.708678 10.0 1.777103 11.0 1.840794 12.0 1.898257 13.0 1.951305 14.0 nan 15.0 nan 16.0 nan 17.0 nan 18.0 nan 19.0 nan 20.0 nan 21.0 nan 22.0 nan 23.0 nan 24.0 nan 25.0 nan 26.0 nan 27.0 nan 28.0 nan 29.0 nan 30.0 nan
130.221067  0.0 0.682252 1.0 0.841830 2.0 0.990362 3.0 1.128921 4.0 1.254962 5.0 1.365796 6.0 1.467242 7.0 1.559549 8.0 1.644356 9.0 1.721490 10.0 1.786756 11.0 1.848602 12.0 1.905293 13.0 1.957963 14.0 nan 15.0 nan 16.0 nan 17.0 nan 18.0 nan 19.0 nan 20.0 nan 21.0 nan 22.0 nan 23.0 nan 24.0 nan 25.0 nan 26.0 nan 27.0 nan 28.0 nan 29.0 nan 30.0 nan
137.729977  0.0 0.702598 1.0 0.862051 2.0 1.008928 3.0 1.147662 4.0 1.270421 5.0 1.380577 6.0 1.481233 7.0 1.573364 8.0 1.656972 9.0 1.730270 10.0 1.794600 11.0 1.855468 12.0 1.912037 13.0 1.963746 14.0 nan 15.0 nan 16.0 nan 17.0 nan 18.0 nan 19.0 nan 20.0 nan 21.0 nan 22.0 nan 23.0 nan 24.0 nan 25.0 nan 26.0 nan 27.0 nan 28.0 nan 29.0 nan 30.0 nan
145.671872  0.0 0.723716 1.0 0.879087 2.0 1.026861 3.0 1.164644 4.0 1.285013 5.0 1.394510 6.0 1.494772 7.0 1.585873 8.0 1.666033 9.0 1.737600 10.0 1.801439 11.0 1.861922 12.0 1.917120 13.0 1.968422 14.0 nan 15.0 nan 16.0 nan 17.0 nan 18.0 nan 19.0 nan 20.0 nan 21.0 nan 22.0 nan 23.0 nan 24.0 nan 25.0 nan 26.0 nan 27.0 nan 28.0 nan 29.0 nan 30.0 nan
154.071719  0.0 0.744994 1.0 0.895743 2.0 1.044112 3.0 1.179027 4.0 1.298766 5.0 1.407540 6.0 1.507224 7.0 1.596354 8.0 1.673423 9.0 1.744092 10.0 1.807300 11.0 1.866866 12.0 1.922217 13.0 1.973109 14.0 nan 15.0 nan 16.0 nan 17.0 nan 18.0 nan 19.0 nan 20.0 nan 21.0 nan 22.0 nan 23.0 nan 24.0 nan 25.0 nan 26.0 nan 27.0 nan 28.0 nan 29.0 nan 30.0 nan
162.955925  0.0 0.759772 1.0 0.911952 2.0 1.060495 3.0 1.192608 4.0 1.311590 5.0 1.420098 6.0 1.517955 7.0 1.603311 8.0 1.680050 9.0 1.749667 10.0 1.812627 11.0 1.871515 12.0 1.925737 13.0 1.976699 14.0 nan 15.0 nan 16.0 nan 17.0 nan 18.0 nan 19.0 nan 20.0 nan 21.0 nan 22.0 nan 23.0 nan 24.0 nan 25.0 nan 26.0 nan 27.0 nan 28.0 nan 29.0 nan 30.0 nan
172.352418  0.0 0.774212 1.0 0.927644 2.0 1.074229 3.0 1.205368 4.0 1.323826 5.0 1.431466 6.0 1.526351 7.0 1.609610 8.0 1.685392 9.0 1.754661 10.0 1.816808 11.0 1.875735 12.0 1.928356 13.0 1.979891 14.0 nan 15.0 nan 16.0 nan 17.0 nan 18.0 nan 19.0 nan 20.0 nan 21.0 nan 22.0 nan 23.0 nan 24.0 nan 25.0 nan 26.0 nan 27.0 nan 28.0 nan 29.0 nan 30.0 nan
182.290740  0.0 0.788360 1.0 0.942734 2.0 1.086970 3.0 1.217424 4.0 1.335361 5.0 1.441053 6.0 1.532693 7.0 1.615466 8.0 1.690697 9.0 1.758682 10.0 1.819592 11.0 1.878559 12.0 1.930978 13.0 1.983088 14.0 nan 15.0 nan 16.0 nan 17.0 nan 18.0 nan 19.0 nan 20.0 nan 21.0 nan 22.0 nan 23.0 nan 24.0 nan 25.0 nan 26.0 nan 27.0 nan 28.0 nan 29.0 nan 30.0 nan
192.802133  0.0 0.802162 1.0 0.956694 2.0 1.099014 3.0 1.228710 4.0 1.345882 5.0 1.448034 6.0 1.538359 7.0 1.620139 8.0 1.694222 9.0 1.760859 10.0 1.822381 11.0 1.881387 12.0 1.933604 13.0 1.986290 14.0 nan 15.0 nan 16.0 nan 17.0 nan 18.0 nan 19.0 nan 20.0 nan 21.0 nan 22.0 nan 23.0 nan 24.0 nan 25.0 nan 26.0 nan 27.0 nan 28.0 nan 29.0 nan 30.0 nan
203.919642  0.0 0.815565 1.0 0.968695 2.0 1.110352 3.0 1.239611 4.0 1.354221 5.0 1.453790 6.0 1.543584 7.0 1.624562 8.0 1.697572 9.0 1.763039 10.0 1.825174 11.0 1.884219 12.0 1.936234 13.0 nan 14.0 nan 15.0 nan 16.0 nan 17.0 nan 18.0 nan 19.0 nan 20.0 nan 21.0 nan 22.0 nan 23.0 nan 24.0 nan 25.0 nan 26.0 nan 27.0 nan 28.0 nan 29.0 nan 30.0 nan
215.678218  0.0 0.828485 1.0 0.980018 2.0 1.120965 3.0 1.249517 4.0 1.360773 5.0 1.459145 6.0 1.547729 7.0 1.627978 8.0 1.700929 9.0 1.765221 10.0 1.829410 11.0 1.887056 12.0 nan 13.0 nan 14.0 nan 15.0 nan 16.0 nan 17.0 nan 18.0 nan 19.0 nan 20.0 nan 21.0 nan 22.0 nan 23.0 nan 24.0 nan 25.0 nan 26.0 nan 27.0 nan 28.0 nan 29.0 nan 30.0 nan
228.114826  0.0 0.840127 1.0 0.990728 2.0 1.131197 3.0 1.257970 4.0 1.366375 5.0 1.463624 6.0 1.551415 7.0 1.630174 8.0 1.704702 9.0 1.767406 10.0 1.838212 11.0 nan 12.0 nan 13.0 nan 14.0 nan 15.0 nan 16.0 nan 17.0 nan 18.0 nan 19.0 nan 20.0 nan 21.0 nan 22.0 nan 23.0 nan 24.0 nan 25.0 nan 26.0 nan 27.0 nan 28.0 nan 29.0 nan 30.0 nan
241.268564  0.0 0.850567 1.0 1.000777 2.0 1.140742 3.0 1.263740 4.0 1.371052 5.0 1.467831 6.0 1.555110 7.0 1.632374 8.0 1.708712 9.0 1.787045 10.0 nan 11.0 nan 12.0 nan 13.0 nan 14.0 nan 15.0 nan 16.0 nan 17.0 nan 18.0 nan 19.0 nan 20.0 nan 21.0 nan 22.0 nan 23.0 nan 24.0 nan 25.0 nan 26.0 nan 27.0 nan 28.0 nan 29.0 nan 30.0 nan
255.180783  0.0 0.860471 1.0 1.010289 2.0 1.149136 3.0 1.268835 4.0 1.375642 5.0 1.470445 6.0 1.557791 7.0 1.634576 8.0 1.712731 9.0 nan 10.0 nan 11.0 nan 12.0 nan 13.0 nan 14.0 nan 15.0 nan 16.0 nan 17.0 nan 18.0 nan 19.0 nan 20.0 nan 21.0 nan 22.0 nan 23.0 nan 24.0 nan 25.0 nan 26.0 nan 27.0 nan 28.0 nan 29.0 nan 30.0 nan
269.895220  0.0 0.869835 1.0 1.019435 2.0 1.155417 3.0 1.273636 4.0 1.378812 5.0 1.473064 6.0 1.560465 7.0 1.636782 8.0 nan 9.0 nan 10.0 nan 11.0 nan 12.0 nan 13.0 nan 14.0 nan 15.0 nan 16.0 nan 17.0 nan 18.0 nan 19.0 nan 20.0 nan 21.0 nan 22.0 nan 23.0 nan 24.0 nan 25.0 nan 26.0 nan 27.0 nan 28.0 nan 29.0 nan 30.0 nan
285.458131  0.0 0.878625 1.0 1.027849 2.0 1.160397 3.0 1.277463 4.0 1.381949 5.0 1.475687 6.0 1.563144 7.0 nan 8.0 nan 9.0 nan 10.0 nan 11.0 nan 12.0 nan 13.0 nan 14.0 nan 15.0 nan 16.0 nan 17.0 nan 18.0 nan 19.0 nan 20.0 nan 21.0 nan 22.0 nan 23.0 nan 24.0 nan 25.0 nan 26.0 nan 27.0 nan 28.0 nan 29.0 nan 30.0 nan
301.918444  0.0 0.887078 1.0 1.035110 2.0 1.164940 3.0 1.281301 4.0 1.385051 5.0 1.479565 6.0 1.584802 7.0 nan 8.0 nan 9.0 nan 10.0 nan 11.0 nan 12.0 nan 13.0 nan 14.0 nan 15.0 nan 16.0 nan 17.0 nan 18.0 nan 19.0 nan 20.0 nan 21.0 nan 22.0 nan 23.0 nan 24.0 nan 25.0 nan 26.0 nan 27.0 nan 28.0 nan 29.0 nan 30.0 nan
319.327905  0.0 0.895030 1.0 1.040174 2.0 1.168961 3.0 1.283183 4.0 1.387881 5.0 1.484582 6.0 nan 7.0 nan 8.0 nan 9.0 nan 10.0 nan 11.0 nan 12.0 nan 13.0 nan 14.0 nan 15.0 nan 16.0 nan 17.0 nan 18.0 nan 19.0 nan 20.0 nan 21.0 nan 22.0 nan 23.0 nan 24.0 nan 25.0 nan 26.0 nan 27.0 nan 28.0 nan 29.0 nan 30.0 nan
337.741243  0.0 0.902329 1.0 1.044663 2.0 1.172305 3.0 1.284944 4.0 1.390718 5.0 1.526577 6.0 nan 7.0 nan 8.0 nan 9.0 nan 10.0 nan 11.0 nan 12.0 nan 13.0 nan 14.0 nan 15.0 nan 16.0 nan 17.0 nan 18.0 nan 19.0 nan 20.0 nan 21.0 nan 22.0 nan 23.0 nan 24.0 nan 25.0 nan 26.0 nan 27.0 nan 28.0 nan 29.0 nan 30.0 nan
357.216346  0.0 0.907988 1.0 1.048822 2.0 1.175038 3.0 1.286708 4.0 1.393560 5.0 nan 6.0 nan 7.0 nan 8.0 nan 9.0 nan 10.0 nan 11.0 nan 12.0 nan 13.0 nan 14.0 nan 15.0 nan 16.0 nan 17.0 nan 18.0 nan 19.0 nan 20.0 nan 21.0 nan 22.0 nan 23.0 nan 24.0 nan 25.0 nan 26.0 nan 27.0 nan 28.0 nan 29.0 nan 30.0 nan
377.814438  0.0 0.912548 1.0 1.052140 2.0 1.177778 3.0 1.288474 4.0 nan 5.0 nan 6.0 nan 7.0 nan 8.0 nan 9.0 nan 10.0 nan 11.0 nan 12.0 nan 13.0 nan 14.0 nan 15.0 nan 16.0 nan 17.0 nan 18.0 nan 19.0 nan 20.0 nan 21.0 nan 22.0 nan 23.0 nan 24.0 nan 25.0 nan 26.0 nan 27.0 nan 28.0 nan 29.0 nan 30.0 nan
399.600273  0.0 0.916617 1.0 1.055368 2.0 1.180600 3.0 1.301139 4.0 nan 5.0 nan 6.0 nan 7.0 nan 8.0 nan 9.0 nan 10.0 nan 11.0 nan 12.0 nan 13.0 nan 14.0 nan 15.0 nan 16.0 nan 17.0 nan 18.0 nan 19.0 nan 20.0 nan 21.0 nan 22.0 nan 23.0 nan 24.0 nan 25.0 nan 26.0 nan 27.0 nan 28.0 nan 29.0 nan 30.0 nan
422.642341  0.0 0.920032 1.0 1.057488 2.0 1.183453 3.0 1.337081 4.0 nan 5.0 nan 6.0 nan 7.0 nan 8.0 nan 9.0 nan 10.0 nan 11.0 nan 12.0 nan 13.0 nan 14.0 nan 15.0 nan 16.0 nan 17.0 nan 18.0 nan 19.0 nan 20.0 nan 21.0 nan 22.0 nan 23.0 nan 24.0 nan 25.0 nan 26.0 nan 27.0 nan 28.0 nan 29.0 nan 30.0 nan
447.013078  0.0 0.923043 1.0 1.059315 2.0 1.189162 3.0 nan 4.0 nan 5.0 nan 6.0 nan 7.0 nan 8.0 nan 9.0 nan 10.0 nan 11.0 nan 12.0 nan 13.0 nan 14.0 nan 15.0 nan 16.0 nan 17.0 nan 18.0 nan 19.0 nan 20.0 nan 21.0 nan 22.0 nan 23.0 nan 24.0 nan 25.0 nan 26.0 nan 27.0 nan 28.0 nan 29.0 nan 30.0 nan
472.789100  0.0 0.925289 1.0 1.061146 2.0 1.220413 3.0 nan 4.0 nan 5.0 nan 6.0 nan 7.0 nan 8.0 nan 9.0 nan 10.0 nan 11.0 nan 12.0 nan 13.0 nan 14.0 nan 15.0 nan 16.0 nan 17.0 nan 18.0 nan 19.0 nan 20.0 nan 21.0 nan 22.0 nan 23.0 nan 24.0 nan 25.0 nan 26.0 nan 27.0 nan 28.0 nan 29.0 nan 30.0 nan
500.051440  0.0 0.927541 1.0 1.064358 2.0 nan 3.0 nan 4.0 nan 5.0 nan 6.0 nan 7.0 nan 8.0 nan 9.0 nan 10.0 nan 11.0 nan 12.0 nan 13.0 nan 14.0 nan 15.0 nan 16.0 nan 17.0 nan 18.0 nan 19.0 nan 20.0 nan 21.0 nan 22.0 nan 23.0 nan 24.0 nan 25.0 nan 26.0 nan 27.0 nan 28.0 nan 29.0 nan 30.0 nan
528.885802  0.0 0.930561 1.0 1.089891 2.0 nan 3.0 nan 4.0 nan 5.0 nan 6.0 nan 7.0 nan 8.0 nan 9.0 nan 10.0 nan 11.0 nan 12.0 nan 13.0 nan 14.0 nan 15.0 nan 16.0 nan 17.0 nan 18.0 nan 19.0 nan 20.0 nan 21.0 nan 22.0 nan 23.0 nan 24.0 nan 25.0 nan 26.0 nan 27.0 nan 28.0 nan 29.0 nan 30.0 nan
559.382834  0.0 0.933926 1.0 nan 2.0 nan 3.0 nan 4.0 nan 5.0 nan 6.0 nan 7.0 nan 8.0 nan 9.0 nan 10.0 nan 11.0 nan 12.0 nan 13.0 nan 14.0 nan 15.0 nan 16.0 nan 17.0 nan 18.0 nan 19.0 nan 20.0 nan 21.0 nan 22.0 nan 23.0 nan 24.0 nan 25.0 nan 26.0 nan 27.0 nan 28.0 nan 29.0 nan 30.0 nan
591.638410  0.0 0.951388 1.0 nan 2.0 nan 3.0 nan 4.0 nan 5.0 nan 6.0 nan 7.0 nan 8.0 nan 9.0 nan 10.0 nan 11.0 nan 12.0 nan 13.0 nan 14.0 nan 15.0 nan 16.0 nan 17.0 nan 18.0 nan 19.0 nan 20.0 nan 21.0 nan 22.0 nan 23.0 nan 24.0 nan 25.0 nan 26.0 nan 27.0 nan 28.0 nan 29.0 nan 30.0 nan
625.753932  0.0 0.964419 1.0 nan 2.0 nan 3.0 nan 4.0 nan 5.0 nan 6.0 nan 7.0 nan 8.0 nan 9.0 nan 10.0 nan 11.0 nan 12.0 nan 13.0 nan 14.0 nan 15.0 nan 16.0 nan 17.0 nan 18.0 nan 19.0 nan 20.0 nan 21.0 nan 22.0 nan 23.0 nan 24.0 nan 25.0 nan 26.0 nan 27.0 nan 28.0 nan 29.0 nan 30.0 nan
661.836651  0.0 nan 1.0 nan 2.0 nan 3.0 nan 4.0 nan 5.0 nan 6.0 nan 7.0 nan 8.0 nan 9.0 nan 10.0 nan 11.0 nan 12.0 nan 13.0 nan 14.0 nan 15.0 nan 16.0 nan 17.0 nan 18.0 nan 19.0 nan 20.0 nan 21.0 nan 22.0 nan 23.0 nan 24.0 nan 25.0 nan 26.0 nan 27.0 nan 28.0 nan 29.0 nan 30.0 nan
700.000000  0.0 nan 1.0 nan 2.0 nan 3.0 nan 4.0 nan 5.0 nan 6.0 nan 7.0 nan 8.0 nan 9.0 nan 10.0 nan 11.0 nan 12.0 nan 13.0 nan 14.0 nan 15.0 nan 16.0 nan 17.0 nan 18.0 nan 19.0 nan 20.0 nan 21.0 nan 22.0 nan 23.0 nan 24.0 nan 25.0 nan 26.0 nan 27.0 nan 28.0 nan 29.0 nan 30.0 nan
