1.000000  0.0 nan 1.0 nan 2.0 nan 3.0 nan 4.0 nan 5.0 nan 6.0 208.918009 7.0 207.340882 8.0 205.721270 9.0 204.078548 10.0 202.491211 11.0 201.391148 12.0 200.277007 13.0 199.159493 14.0 198.046676 15.0 196.944209 16.0 195.855593 17.0 194.782467 18.0 193.724910 19.0 192.681797 20.0 191.641954 21.0 190.540336 22.0 189.449531 23.0 188.366805 24.0 187.289957 25.0 186.217744 26.0 185.150243 27.0 184.089173 28.0 183.038338 29.0 182.003854 30.0 180.994659
1.033468  0.0 206.103545 1.0 207.484150 2.0 207.202001 3.0 206.202558 4.0 205.059316 5.0 203.756503 6.0 202.289529 7.0 200.760492 8.0 199.190608 9.0 197.598486 10.0 196.060161 11.0 194.993789 12.0 193.913837 13.0 192.830754 14.0 191.752242 15.0 190.683859 16.0 189.628891 17.0 188.589014 18.0 187.564209 19.0 186.553476 20.0 185.545908 21.0 184.478614 22.0 183.421791 23.0 182.372874 24.0 181.329650 25.0 180.290998 26.0 179.256906 27.0 178.229116 28.0 177.211227 29.0 176.209229 30.0 175.231688
1.068056  0.0 199.587512 1.0 200.920124 2.0 200.643115 3.0 199.672056 4.0 198.562134 5.0 197.298144 6.0 195.875465 7.0 194.393008 8.0 192.871209 9.0 191.328055 10.0 189.837162 11.0 188.803394 12.0 187.756528 13.0 186.706768 14.0 185.661452 15.0 184.626053 16.0 183.603647 17.0 182.595946 18.0 181.602836 19.0 180.623438 20.0 179.647106 21.0 178.613024 22.0 177.589084 23.0 176.572885 24.0 175.562198 25.0 174.556021 26.0 173.554259 27.0 172.558674 28.0 171.572666 29.0 170.602103 30.0 169.655192
1.103801  0.0 193.282172 1.0 194.568406 2.0 194.296358 3.0 193.352759 4.0 192.275141 5.0 191.048676 6.0 189.668866 7.0 188.231506 8.0 186.756226 9.0 185.260461 10.0 183.815501 11.0 182.813256 12.0 181.798445 13.0 180.780896 14.0 179.767738 15.0 178.764226 16.0 177.773363 17.0 176.796769 18.0 175.834368 19.0 174.885256 20.0 173.939189 21.0 172.937209 22.0 171.945123 23.0 170.960551 24.0 169.981373 25.0 169.006600 26.0 168.036132 27.0 167.071702 28.0 166.116543 29.0 165.176400 30.0 164.259128
1.140743  0.0 187.180690 1.0 188.422065 2.0 188.154879 3.0 187.237817 4.0 186.191480 5.0 185.001325 6.0 183.663005 7.0 182.269292 8.0 180.839033 9.0 179.389128 10.0 177.988641 11.0 177.016883 12.0 176.033108 13.0 175.046717 14.0 174.064695 15.0 173.092027 16.0 172.131703 17.0 171.185198 18.0 170.252522 19.0 169.332711 20.0 168.415933 21.0 167.445017 22.0 166.483766 23.0 165.529791 24.0 164.581122 25.0 163.636720 26.0 162.696565 27.0 161.762253 28.0 160.836985 29.0 159.926241 30.0 159.037685
1.178921  0.0 181.276457 1.0 182.474443 2.0 182.211977 3.0 181.320606 4.0 180.304551 5.0 179.149540 6.0 177.851432 7.0 176.499906 8.0 175.113216 9.0 173.707694 10.0 172.350248 11.0 171.407992 12.0 170.454255 13.0 169.498016 14.0 168.546129 15.0 167.603308 16.0 166.672540 17.0 165.755150 18.0 164.851242 19.0 163.959785 20.0 163.071352 21.0 162.130496 22.0 161.199085 23.0 160.274718 24.0 159.355574 25.0 158.440561 26.0 157.529741 27.0 156.624573 28.0 155.728231 29.0 154.845935 30.0 153.985171
1.218377  0.0 175.563074 1.0 176.719094 2.0 176.461211 3.0 175.594712 4.0 174.607973 5.0 173.486979 6.0 172.227795 7.0 170.917095 8.0 169.572571 9.0 168.210056 10.0 166.894211 11.0 165.980507 12.0 165.055841 13.0 164.128782 14.0 163.206058 15.0 162.292121 16.0 161.389957 17.0 160.500743 18.0 159.624675 19.0 158.760657 20.0 157.899655 21.0 156.987888 22.0 156.085354 23.0 155.189639 24.0 154.299067 25.0 153.412493 26.0 152.530060 27.0 151.653094 28.0 150.784745 29.0 149.929977 30.0 149.096107
1.259154  0.0 170.034402 1.0 171.149782 2.0 170.896352 3.0 170.053985 4.0 169.095574 5.0 168.007512 6.0 166.785998 7.0 165.514809 8.0 164.211093 9.0 162.890202 10.0 161.614618 11.0 160.728567 12.0 159.832015 13.0 158.933212 14.0 158.038696 15.0 157.152724 16.0 156.278228 17.0 155.416296 18.0 154.567156 19.0 153.729715 20.0 152.895236 21.0 152.011639 22.0 151.137031 23.0 150.269048 24.0 149.406120 25.0 148.547066 26.0 147.692105 27.0 146.842430 28.0 146.001169 29.0 145.173039 30.0 144.365196
1.301295  0.0 164.684426 1.0 165.760472 2.0 165.511367 3.0 164.692384 4.0 163.761381 5.0 162.705254 6.0 161.520143 7.0 160.287196 8.0 159.023017 9.0 157.742369 10.0 156.505747 11.0 155.646493 12.0 154.777117 13.0 153.905695 14.0 153.038442 15.0 152.179571 16.0 151.331816 17.0 150.496320 18.0 149.673206 19.0 148.861508 20.0 148.052673 21.0 147.196363 22.0 146.348754 23.0 145.507646 24.0 144.671431 25.0 143.839046 26.0 143.010633 27.0 142.187390 28.0 141.372320 29.0 140.569981 30.0 139.787310
1.344847  0.0 159.507324 1.0 160.545325 2.0 160.300424 3.0 159.504084 4.0 158.599613 5.0 157.574401 6.0 156.424524 7.0 155.228589 8.0 154.002694 9.0 152.760976 10.0 151.562063 11.0 150.728745 12.0 149.885669 13.0 149.040748 14.0 148.199879 15.0 147.367237 16.0 146.545360 17.0 145.735448 18.0 144.937521 19.0 144.150736 20.0 143.366718 21.0 142.536815 22.0 141.715334 23.0 140.900234 24.0 140.089870 25.0 139.283299 26.0 138.480570 27.0 137.682924 28.0 136.893181 29.0 136.115826 30.0 135.357488
1.389856  0.0 154.497486 1.0 155.498737 2.0 155.257875 3.0 154.483463 4.0 153.604678 5.0 152.609393 6.0 151.493621 7.0 150.333536 8.0 149.144668 9.0 147.940627 10.0 146.778208 11.0 145.969993 12.0 145.152371 13.0 144.333098 14.0 143.517763 15.0 142.710507 16.0 141.913672 17.0 141.128522 18.0 140.354969 19.0 139.592296 20.0 138.832293 21.0 138.027946 22.0 137.231749 23.0 136.441819 24.0 135.656472 25.0 134.874882 26.0 134.097008 27.0 133.324134 28.0 132.558898 29.0 131.805722 30.0 131.070930
1.436371  0.0 149.649485 1.0 150.615226 2.0 150.378302 3.0 149.625081 4.0 148.771226 5.0 147.804852 6.0 146.722090 7.0 145.596740 8.0 144.443674 9.0 143.276098 10.0 142.149018 11.0 141.365082 12.0 140.572111 13.0 139.777645 14.0 138.987033 15.0 138.204334 16.0 137.431742 17.0 136.670549 18.0 135.920595 19.0 135.181247 20.0 134.444504 21.0 133.664871 22.0 132.893145 23.0 132.127571 24.0 131.366431 25.0 130.609019 26.0 129.855196 27.0 129.106295 28.0 128.364775 29.0 127.634998 30.0 126.922990
1.484444  0.0 144.958069 1.0 145.889469 2.0 145.656406 3.0 144.923675 4.0 144.093966 5.0 143.155571 6.0 142.104767 7.0 141.013034 8.0 139.894619 9.0 138.762335 10.0 137.669499 11.0 136.909022 12.0 136.139948 13.0 135.369452 14.0 134.602810 15.0 133.843836 16.0 133.094751 17.0 132.356700 18.0 131.629623 19.0 130.912810 20.0 130.198607 21.0 129.442862 22.0 128.694861 23.0 127.952814 24.0 127.215138 25.0 126.481086 26.0 125.750560 27.0 125.024836 28.0 124.306276 29.0 123.599134 30.0 122.909180
1.534125  0.0 140.418154 1.0 141.316348 2.0 141.087039 3.0 140.374150 4.0 139.567823 5.0 138.656514 6.0 137.636705 7.0 136.577451 8.0 135.492575 9.0 134.394455 10.0 133.334756 11.0 132.596984 12.0 131.851041 13.0 131.103743 14.0 130.360301 15.0 129.624288 16.0 128.897954 17.0 128.182298 18.0 127.477364 19.0 126.782359 20.0 126.089971 21.0 125.357343 22.0 124.632304 23.0 123.913024 24.0 123.198065 25.0 122.486610 26.0 121.778653 27.0 121.075336 28.0 120.379028 29.0 119.693757 30.0 119.025182
1.585469  0.0 136.024879 1.0 136.890908 2.0 136.665252 3.0 135.971611 4.0 135.187893 5.0 134.302804 6.0 133.313002 7.0 132.285186 8.0 131.232771 9.0 130.167774 10.0 129.140094 11.0 128.424295 12.0 127.700742 13.0 126.975896 14.0 126.254909 15.0 125.541117 16.0 124.836804 17.0 124.142822 18.0 123.459319 19.0 122.785418 20.0 122.114144 21.0 121.403887 22.0 120.701071 23.0 120.003825 24.0 119.310851 25.0 118.621264 26.0 117.935148 27.0 117.253515 28.0 116.578742 29.0 115.914635 30.0 115.266750
1.638531  0.0 131.773461 1.0 132.608355 2.0 132.386254 3.0 131.711300 4.0 130.949431 5.0 130.089777 6.0 129.128974 7.0 128.131588 8.0 127.110604 9.0 126.077656 10.0 125.080966 11.0 124.386473 12.0 123.684554 13.0 122.981467 14.0 122.282187 15.0 121.589919 16.0 120.906901 17.0 120.233912 18.0 119.571135 19.0 118.917680 20.0 118.266818 21.0 117.578228 22.0 116.896904 23.0 116.220980 24.0 115.549284 25.0 114.880858 26.0 114.215880 27.0 113.555230 28.0 112.901300 29.0 112.257672 30.0 111.629812
1.693369  0.0 127.659264 1.0 128.464050 2.0 128.245410 3.0 127.588558 4.0 126.847846 5.0 126.012840 6.0 125.080088 7.0 124.112157 8.0 123.121651 9.0 122.119670 10.0 121.152976 11.0 120.479130 12.0 119.798128 13.0 119.116130 14.0 118.437829 15.0 117.766432 16.0 117.103987 17.0 116.451353 18.0 115.808597 19.0 115.174962 20.0 114.543826 21.0 113.876238 22.0 113.215680 23.0 112.560439 24.0 111.909288 25.0 111.261375 26.0 110.616821 27.0 109.976495 28.0 109.342717 29.0 108.718915 30.0 108.110426
1.750042  0.0 123.677833 1.0 124.453576 2.0 124.238234 3.0 123.598919 4.0 122.878694 5.0 122.067555 6.0 121.161958 7.0 120.222555 8.0 119.261537 9.0 118.289530 10.0 117.351868 11.0 116.698009 12.0 116.037250 13.0 115.375668 14.0 114.717671 15.0 114.066475 16.0 113.423941 17.0 112.791009 18.0 112.167630 19.0 111.553178 20.0 110.941132 21.0 110.293873 22.0 109.653410 23.0 109.018189 24.0 108.386918 25.0 107.758872 26.0 107.134069 27.0 106.513441 28.0 105.899136 29.0 105.294560 30.0 104.704779
1.808613  0.0 119.824854 1.0 120.572532 2.0 120.360459 3.0 119.738062 4.0 119.037749 5.0 118.249648 6.0 117.370339 7.0 116.458607 8.0 115.526079 9.0 114.583084 10.0 113.673530 11.0 113.039013 12.0 112.397850 13.0 111.756027 14.0 111.117681 15.0 110.486040 16.0 109.862776 17.0 109.248915 18.0 108.644288 19.0 108.048405 20.0 107.454833 21.0 106.827251 22.0 106.206236 23.0 105.590390 24.0 104.978359 25.0 104.369542 26.0 103.763851 27.0 103.162288 28.0 102.566828 29.0 101.980858 30.0 101.409182
1.869143  0.0 116.096157 1.0 116.816702 2.0 116.607825 3.0 116.001804 4.0 115.320783 5.0 114.554983 6.0 113.701142 7.0 112.816181 8.0 111.911232 9.0 110.996319 10.0 110.114031 11.0 109.498179 12.0 108.876045 13.0 108.253288 14.0 107.634013 15.0 107.021248 16.0 106.416677 17.0 105.821232 18.0 105.234798 19.0 104.656845 20.0 104.081199 21.0 103.472615 22.0 102.870448 23.0 102.273329 24.0 101.679928 25.0 101.089710 26.0 100.502516 27.0 99.919404 28.0 99.342181 29.0 98.774219 30.0 98.220062
1.931699  0.0 112.487744 1.0 113.182017 2.0 112.976255 3.0 112.386100 4.0 111.723765 5.0 110.979559 6.0 110.150431 7.0 109.291332 8.0 108.413079 9.0 107.525364 10.0 106.669455 11.0 106.071670 12.0 105.467957 13.0 104.863653 14.0 104.262850 15.0 103.668345 16.0 103.081885 17.0 102.504249 18.0 101.935437 19.0 101.374824 20.0 100.816537 21.0 100.226332 22.0 99.642433 23.0 99.063412 24.0 98.488082 25.0 97.915825 26.0 97.346576 27.0 96.781277 28.0 96.221731 29.0 95.671169 30.0 95.133989
1.996349  0.0 108.995719 1.0 109.664542 2.0 109.461819 3.0 108.887115 4.0 108.242799 5.0 107.519518 6.0 106.714305 7.0 105.880242 8.0 105.027832 9.0 104.166498 10.0 103.336073 11.0 102.755775 12.0 102.169895 13.0 101.583454 14.0 101.000531 15.0 100.423699 16.0 99.854771 17.0 99.294371 18.0 98.742618 19.0 98.198786 20.0 97.657304 21.0 97.084884 22.0 96.518668 23.0 95.957162 24.0 95.399323 25.0 94.844447 26.0 94.292572 27.0 93.744506 28.0 93.202089 29.0 92.668345 30.0 92.147622
2.063163  0.0 105.616250 1.0 106.260469 2.0 106.060708 3.0 105.500982 4.0 104.874116 5.0 104.171163 6.0 103.389042 7.0 102.579217 8.0 101.751864 9.0 100.916029 10.0 100.110272 11.0 99.546958 12.0 98.978287 13.0 98.409176 14.0 97.843521 15.0 97.283824 16.0 96.731838 17.0 96.188142 18.0 95.652882 19.0 95.125314 20.0 94.600075 21.0 94.044882 22.0 93.495769 23.0 92.951213 24.0 92.410305 25.0 91.872249 26.0 91.337191 27.0 90.805801 28.0 90.279964 29.0 89.762496 30.0 89.257700
2.132212  0.0 102.345679 1.0 102.966191 2.0 102.769242 3.0 102.224032 4.0 101.614069 5.0 100.930803 6.0 100.171041 7.0 99.384681 8.0 98.581620 9.0 97.770438 10.0 96.988560 11.0 96.441701 12.0 95.889676 13.0 95.337366 14.0 94.788402 15.0 94.245326 16.0 93.709706 17.0 93.182218 18.0 92.662881 19.0 92.151092 20.0 91.641539 21.0 91.103063 22.0 90.570461 23.0 90.042361 24.0 89.517789 25.0 88.996045 26.0 88.477230 27.0 87.961996 28.0 87.452189 29.0 86.950475 30.0 86.461092
2.203573  0.0 99.180464 1.0 99.778076 2.0 99.583938 3.0 99.052715 4.0 98.459196 5.0 97.794931 6.0 97.056817 7.0 96.293245 8.0 95.513635 9.0 94.726317 10.0 93.967555 11.0 93.436628 12.0 92.900717 13.0 92.364672 14.0 91.831865 15.0 91.304880 16.0 90.785099 17.0 90.273301 18.0 89.769377 19.0 89.272863 20.0 88.778492 21.0 88.256198 22.0 87.739575 23.0 87.227408 24.0 86.718642 25.0 86.212707 26.0 85.709592 27.0 85.210030 28.0 84.715702 29.0 84.229282 30.0 83.754768
2.277322  0.0 96.117181 1.0 96.692661 2.0 96.501277 3.0 95.983600 4.0 95.406028 5.0 94.760150 6.0 94.043013 7.0 93.301500 8.0 92.544585 9.0 91.780371 10.0 91.044042 11.0 90.528486 12.0 90.008216 13.0 89.487875 14.0 88.970733 15.0 88.459299 16.0 87.954865 17.0 87.458243 18.0 86.969247 19.0 86.487509 20.0 86.007844 21.0 85.501203 22.0 85.000045 23.0 84.503301 24.0 84.009832 25.0 83.519200 26.0 83.031280 27.0 82.546887 28.0 82.067538 29.0 81.595922 30.0 81.135798
2.353539  0.0 93.152608 1.0 93.706606 2.0 93.517911 3.0 93.013386 4.0 92.451244 5.0 91.823174 6.0 91.126418 7.0 90.406199 8.0 89.671257 9.0 88.929419 10.0 88.214816 11.0 87.714124 12.0 87.209024 13.0 86.703860 14.0 86.201924 15.0 85.705504 16.0 85.215976 17.0 84.733993 18.0 84.259500 19.0 83.792014 20.0 83.326632 21.0 82.835094 22.0 82.348954 23.0 81.867089 24.0 81.388456 25.0 80.912606 26.0 80.439403 27.0 79.969681 28.0 79.504829 29.0 79.047542 30.0 78.601344
2.432307  0.0 90.283451 1.0 90.816678 2.0 90.630614 3.0 90.138905 4.0 89.591647 5.0 88.980861 6.0 88.303808 7.0 87.604207 8.0 86.890538 9.0 86.170429 10.0 85.476797 11.0 84.990496 12.0 84.500085 13.0 84.009612 14.0 83.522398 15.0 83.040511 16.0 82.565414 17.0 82.097603 18.0 81.637149 19.0 81.183458 20.0 80.731904 21.0 80.254984 22.0 79.783390 23.0 79.315918 24.0 78.851672 25.0 78.390102 26.0 77.931187 27.0 77.475622 28.0 77.024850 29.0 76.581383 30.0 76.148704
2.513711  0.0 87.506598 1.0 88.019804 2.0 87.836258 3.0 87.356978 4.0 86.824141 5.0 86.230148 6.0 85.572128 7.0 84.892492 8.0 84.199476 9.0 83.500351 10.0 82.827022 11.0 82.354712 12.0 81.878464 13.0 81.402254 14.0 80.929253 15.0 80.461460 16.0 80.000310 17.0 79.546230 18.0 79.099355 19.0 78.659028 20.0 78.220849 21.0 77.758078 22.0 77.300566 23.0 76.847024 24.0 76.396705 25.0 75.948956 26.0 75.503872 27.0 75.062008 28.0 74.624870 29.0 74.194772 30.0 73.775190
2.597839  0.0 84.819047 1.0 85.312954 2.0 85.131879 3.0 84.664593 4.0 84.145764 5.0 83.568009 6.0 82.928421 7.0 82.268139 8.0 81.595125 9.0 80.916293 10.0 80.262621 11.0 79.803874 12.0 79.341324 13.0 78.878955 14.0 78.419684 15.0 77.965578 16.0 77.517887 17.0 77.077151 18.0 76.643371 19.0 76.216033 20.0 75.790749 21.0 75.341735 22.0 74.897794 23.0 74.457775 24.0 74.020897 25.0 73.586546 26.0 73.154830 27.0 72.726228 28.0 72.302284 29.0 71.885127 30.0 71.478222
2.684783  0.0 82.217889 1.0 82.693152 2.0 82.514535 3.0 82.058838 4.0 81.553643 5.0 80.991562 6.0 80.369825 7.0 79.728349 8.0 79.074642 9.0 78.415459 10.0 77.780829 11.0 77.335206 12.0 76.885918 13.0 76.436951 14.0 75.990972 15.0 75.550119 16.0 75.115457 17.0 74.687642 18.0 74.266536 19.0 73.851774 20.0 73.438973 21.0 73.003277 22.0 72.572472 23.0 72.145564 24.0 71.721676 25.0 71.300331 26.0 70.881516 27.0 70.465806 28.0 70.054579 29.0 69.649989 30.0 69.255312
2.774637  0.0 79.700419 1.0 80.157565 2.0 79.981354 3.0 79.536906 4.0 79.044916 5.0 78.498020 6.0 77.893642 7.0 77.270311 8.0 76.635300 9.0 75.995141 10.0 75.379017 11.0 74.946037 12.0 74.509659 13.0 74.073599 14.0 73.640537 15.0 73.212470 16.0 72.790452 17.0 72.375115 18.0 71.966302 19.0 71.563693 20.0 71.162996 21.0 70.740173 22.0 70.322082 23.0 69.907867 24.0 69.496553 25.0 69.087799 26.0 68.681470 27.0 68.278239 28.0 67.879320 29.0 67.486907 30.0 67.104053
2.867499  0.0 77.263811 1.0 77.703450 2.0 77.529596 3.0 77.096144 4.0 76.616869 5.0 76.084707 6.0 75.497143 7.0 74.891367 8.0 74.274460 9.0 73.652780 10.0 73.054520 11.0 72.633781 12.0 72.209911 13.0 71.786343 14.0 71.365812 15.0 70.950098 16.0 70.540361 17.0 70.137068 18.0 69.740200 19.0 69.349312 20.0 68.960377 21.0 68.549973 22.0 68.144250 23.0 67.742261 24.0 67.343157 25.0 66.946553 26.0 66.552329 27.0 66.161159 28.0 65.774154 29.0 65.393528 30.0 65.022116
2.963468  0.0 74.905430 1.0 75.328229 2.0 75.156610 3.0 74.733825 4.0 74.266876 5.0 73.749061 6.0 73.177716 7.0 72.588942 8.0 71.989606 9.0 71.385806 10.0 70.804821 11.0 70.395971 12.0 69.984179 13.0 69.572719 14.0 69.164310 15.0 68.760556 16.0 68.362711 17.0 67.971077 18.0 67.585776 19.0 67.206235 20.0 66.828689 21.0 66.430306 22.0 66.036559 23.0 65.646404 24.0 65.259142 25.0 64.874276 26.0 64.491810 27.0 64.112275 28.0 63.736858 29.0 63.367584 30.0 63.007296
3.062648  0.0 72.622727 1.0 73.029293 2.0 72.859912 3.0 72.447397 4.0 71.992439 5.0 71.488487 6.0 70.932852 7.0 70.360564 8.0 69.778274 9.0 69.191744 10.0 68.627488 11.0 68.230196 12.0 67.830056 13.0 67.430383 14.0 67.033649 15.0 66.641543 16.0 66.255146 17.0 65.874851 18.0 65.500698 19.0 65.132187 20.0 64.765624 21.0 64.378906 22.0 63.996727 23.0 63.618032 24.0 63.242229 25.0 62.868725 26.0 62.497642 27.0 62.129368 28.0 61.765171 29.0 61.406883 30.0 61.057373
3.165149  0.0 70.413290 1.0 70.804126 2.0 70.636963 3.0 70.234386 4.0 69.791111 5.0 69.300539 6.0 68.760125 7.0 68.203876 8.0 67.638027 9.0 67.068220 10.0 66.520170 11.0 66.134067 12.0 65.745211 13.0 65.356955 14.0 64.971525 15.0 64.590704 16.0 64.215385 17.0 63.846090 18.0 63.482711 19.0 63.124904 20.0 62.768950 21.0 62.393564 22.0 62.022545 23.0 61.655003 24.0 61.290235 25.0 60.927778 26.0 60.567668 27.0 60.210321 28.0 59.856956 29.0 59.509316 30.0 59.170226
3.271080  0.0 68.274738 1.0 68.650322 2.0 68.485336 3.0 68.092452 4.0 67.660457 5.0 67.182853 6.0 66.657270 7.0 66.116476 8.0 65.566549 9.0 65.012938 10.0 64.480660 11.0 64.105319 12.0 63.727457 13.0 63.350190 14.0 62.975748 15.0 62.605816 16.0 62.241243 17.0 61.882579 18.0 61.529641 19.0 61.182190 20.0 60.836511 21.0 60.472093 22.0 60.111878 23.0 59.755135 24.0 59.401049 25.0 59.049302 26.0 58.699797 27.0 58.353063 28.0 58.010151 29.0 57.672864 30.0 57.343814
3.380556  0.0 66.204703 1.0 66.565593 2.0 66.402708 3.0 66.019285 4.0 65.598175 5.0 65.133195 6.0 64.621938 7.0 64.096106 8.0 63.561602 9.0 63.023748 10.0 62.506676 11.0 62.141757 12.0 61.774557 13.0 61.407920 14.0 61.044155 15.0 60.684731 16.0 60.330618 17.0 59.982195 18.0 59.639429 19.0 59.301943 20.0 58.966277 21.0 58.612415 22.0 58.262706 23.0 57.916371 24.0 57.572651 25.0 57.231248 26.0 56.892013 27.0 56.555550 28.0 56.222756 29.0 55.895494 30.0 55.576161
3.493696  0.0 64.200950 1.0 64.547728 2.0 64.386872 3.0 64.012590 4.0 63.602036 5.0 63.149338 6.0 62.651920 7.0 62.140584 8.0 61.621084 9.0 61.098442 10.0 60.596084 11.0 60.241311 12.0 59.884388 13.0 59.528069 14.0 59.174620 15.0 58.825372 16.0 58.481389 17.0 58.142882 18.0 57.809968 19.0 57.482130 20.0 57.156162 21.0 56.812517 22.0 56.473003 23.0 56.136724 24.0 55.803080 25.0 55.471651 26.0 55.142418 27.0 54.815839 28.0 54.492885 29.0 54.175281 30.0 53.865389
3.610622  0.0 62.261358 1.0 62.594472 2.0 62.435676 3.0 62.070202 4.0 61.669988 5.0 61.229097 6.0 60.745089 7.0 60.247855 8.0 59.742857 9.0 59.234926 10.0 58.746818 11.0 58.401907 12.0 58.054905 13.0 57.708636 14.0 57.365123 15.0 57.025807 16.0 56.691557 17.0 56.362712 18.0 56.039279 19.0 55.720833 20.0 55.404206 21.0 55.070486 22.0 54.740811 23.0 54.414275 24.0 54.090382 25.0 53.768607 26.0 53.449060 27.0 53.132047 28.0 52.818636 29.0 52.510365 30.0 52.209640
3.731462  0.0 60.383872 1.0 60.703717 2.0 60.546947 3.0 60.190047 4.0 59.799843 5.0 59.370396 6.0 58.899431 7.0 58.415851 8.0 57.924868 9.0 57.431185 10.0 56.956924 11.0 56.621525 12.0 56.284150 13.0 55.947599 14.0 55.613708 15.0 55.284012 16.0 54.959188 17.0 54.639716 18.0 54.325448 19.0 54.016122 20.0 53.708516 21.0 53.384446 22.0 53.064259 23.0 52.747217 24.0 52.432703 25.0 52.120327 26.0 51.810106 27.0 51.502383 28.0 51.198183 29.0 50.898957 30.0 50.607096
3.856346  0.0 58.566390 1.0 58.873459 2.0 58.718647 3.0 58.370157 4.0 57.989582 5.0 57.571260 6.0 57.112959 7.0 56.642559 8.0 56.165152 9.0 55.685306 10.0 55.224470 11.0 54.898241 12.0 54.570258 13.0 54.243055 14.0 53.918555 15.0 53.598105 16.0 53.282457 17.0 52.972017 18.0 52.666656 19.0 52.366129 20.0 52.067283 21.0 51.752535 22.0 51.441534 23.0 51.133687 24.0 50.828253 25.0 50.524992 26.0 50.223784 27.0 49.925092 28.0 49.629773 29.0 49.339357 30.0 49.056025
3.985410  0.0 56.806952 1.0 57.101774 2.0 56.948847 3.0 56.608483 4.0 56.237249 5.0 55.829790 6.0 55.383692 7.0 54.926063 8.0 54.461849 9.0 53.995426 10.0 53.547540 11.0 53.230212 12.0 52.911313 13.0 52.593162 14.0 52.277769 15.0 51.966265 16.0 51.659536 17.0 51.357811 18.0 51.061121 19.0 50.769073 20.0 50.478760 21.0 50.172988 22.0 49.870950 23.0 49.571939 24.0 49.275338 25.0 48.980863 26.0 48.688399 27.0 48.398433 28.0 48.111711 29.0 47.829825 30.0 47.554749
4.118793  0.0 55.103729 1.0 55.386667 2.0 55.235669 3.0 54.903125 4.0 54.541053 5.0 54.144034 6.0 53.709764 7.0 53.264554 8.0 52.813137 9.0 52.359664 10.0 51.924323 11.0 51.615690 12.0 51.305520 13.0 50.996214 14.0 50.689570 15.0 50.386776 16.0 50.088641 17.0 49.795382 18.0 49.507066 19.0 49.223241 20.0 48.941180 21.0 48.644100 22.0 48.350746 23.0 48.060286 24.0 47.772267 25.0 47.486270 26.0 47.202322 27.0 46.920755 28.0 46.642420 29.0 46.368730 30.0 46.101696
4.256640  0.0 53.454879 1.0 53.726292 2.0 53.577193 3.0 53.252283 4.0 52.899079 5.0 52.512174 6.0 52.089413 7.0 51.656254 8.0 51.217182 9.0 50.776253 10.0 50.353093 11.0 50.052862 12.0 49.751148 13.0 49.450422 14.0 49.152241 15.0 48.857922 16.0 48.568074 17.0 48.283070 18.0 48.002811 19.0 47.727014 20.0 47.452883 21.0 47.164287 22.0 46.879276 23.0 46.597136 24.0 46.317388 25.0 46.039615 26.0 45.763899 27.0 45.490463 28.0 45.220252 29.0 44.954492 30.0 44.695262
4.399100  0.0 51.858569 1.0 52.118930 2.0 51.971632 3.0 51.654217 4.0 51.309546 5.0 50.932488 6.0 50.520909 7.0 50.099370 8.0 49.672261 9.0 49.243515 10.0 48.832197 11.0 48.540040 12.0 48.246606 13.0 47.954107 14.0 47.664178 15.0 47.378016 16.0 47.096223 17.0 46.819189 18.0 46.546742 19.0 46.278713 20.0 46.012260 21.0 45.731890 22.0 45.454951 23.0 45.180901 24.0 44.909130 25.0 44.639375 26.0 44.371574 27.0 44.106072 28.0 43.843667 29.0 43.585627 30.0 43.333911
4.546329  0.0 50.313081 1.0 50.562835 2.0 50.417338 3.0 50.107128 4.0 49.770752 5.0 49.403306 6.0 49.002499 7.0 48.592225 8.0 48.176751 9.0 47.759836 10.0 47.359925 11.0 47.075608 12.0 46.790187 13.0 46.505655 14.0 46.223754 15.0 45.945461 16.0 45.671527 17.0 45.402158 18.0 45.137349 19.0 44.876775 20.0 44.617834 21.0 44.345355 22.0 44.076278 23.0 43.810019 24.0 43.545989 25.0 43.283982 26.0 43.023845 27.0 42.766035 28.0 42.511179 29.0 42.260640 30.0 42.016174
4.698485  0.0 48.816883 1.0 49.056279 2.0 48.912600 3.0 48.609352 4.0 48.281130 5.0 47.922910 6.0 47.532549 7.0 47.133251 8.0 46.729054 9.0 46.323548 10.0 45.934692 11.0 45.658049 12.0 45.380316 13.0 45.103575 14.0 44.829382 15.0 44.558753 16.0 44.292394 17.0 44.030465 18.0 43.773040 19.0 43.519688 20.0 43.268025 21.0 43.003186 22.0 42.741754 23.0 42.483010 24.0 42.226533 25.0 41.971974 26.0 41.719323 27.0 41.468896 28.0 41.221391 29.0 40.978075 30.0 40.740653
4.855733  0.0 47.368237 1.0 47.597656 2.0 47.455757 3.0 47.159360 4.0 46.838975 5.0 46.489707 6.0 46.109547 7.0 45.720866 8.0 45.327555 9.0 44.933104 10.0 44.555001 11.0 44.285759 12.0 44.015481 13.0 43.746302 14.0 43.479559 15.0 43.216402 16.0 42.957335 17.0 42.702682 18.0 42.452344 19.0 42.206065 20.0 41.961375 21.0 41.703994 22.0 41.449910 23.0 41.198472 24.0 40.949281 25.0 40.701937 26.0 40.456540 27.0 40.213255 28.0 39.972897 29.0 39.736546 30.0 39.505988
5.018244  0.0 45.965589 1.0 46.185499 2.0 46.045268 3.0 45.755544 4.0 45.442735 5.0 45.102234 6.0 44.731925 7.0 44.353503 8.0 43.970743 9.0 43.587058 10.0 43.219383 11.0 42.957258 12.0 42.694291 13.0 42.432355 14.0 42.172894 15.0 41.916915 16.0 41.664946 17.0 41.417310 18.0 41.173850 19.0 40.934412 20.0 40.696475 21.0 40.446340 22.0 40.199351 23.0 39.955037 24.0 39.712856 25.0 39.472571 26.0 39.234128 27.0 38.997810 28.0 38.764323 29.0 38.534746 30.0 38.310805
5.186194  0.0 44.607524 1.0 44.818177 2.0 44.679693 3.0 44.396360 4.0 44.090979 5.0 43.758951 6.0 43.398166 7.0 43.029690 8.0 42.657236 9.0 42.283957 10.0 41.926342 11.0 41.671156 12.0 41.415236 13.0 41.160324 14.0 40.907942 15.0 40.658891 16.0 40.413854 17.0 40.172963 18.0 39.936237 19.0 39.703358 20.0 39.472042 21.0 39.228846 22.0 38.988777 23.0 38.751317 24.0 38.515944 25.0 38.282477 26.0 38.050769 27.0 37.821220 28.0 37.594364 29.0 37.371388 30.0 37.153815
5.359765  0.0 43.292535 1.0 43.494224 2.0 43.357466 3.0 43.080386 4.0 42.782232 5.0 42.458381 6.0 42.106853 7.0 41.748108 8.0 41.385568 9.0 41.022352 10.0 40.674487 11.0 40.426084 12.0 40.176940 13.0 39.928922 14.0 39.683314 15.0 39.441037 16.0 39.202656 17.0 38.968336 18.0 38.738101 19.0 38.511592 20.0 38.286678 21.0 38.050201 22.0 37.816868 23.0 37.586016 24.0 37.357294 25.0 37.130374 26.0 36.905254 27.0 36.682194 28.0 36.461803 29.0 36.245177 30.0 36.033795
5.539145  0.0 42.019172 1.0 42.212330 2.0 42.077168 3.0 41.806256 4.0 41.515042 5.0 41.199165 6.0 40.856673 7.0 40.507277 8.0 40.154347 9.0 39.800885 10.0 39.462555 11.0 39.220647 12.0 38.978114 13.0 38.736736 14.0 38.497698 15.0 38.262010 16.0 38.030051 17.0 37.802149 18.0 37.578153 19.0 37.357882 20.0 37.139103 21.0 36.909210 22.0 36.682330 23.0 36.457919 24.0 36.235599 25.0 36.015033 26.0 35.796289 27.0 35.579505 28.0 35.365405 29.0 35.154899 30.0 34.949559
5.724528  0.0 40.786150 1.0 40.971030 2.0 40.837547 3.0 40.572517 4.0 40.288083 5.0 39.979991 6.0 39.646191 7.0 39.305863 8.0 38.962284 9.0 38.618345 10.0 38.289176 11.0 38.053548 12.0 37.817477 13.0 37.582484 14.0 37.349900 15.0 37.120512 16.0 36.894842 17.0 36.673095 18.0 36.455185 19.0 36.240920 20.0 36.028109 21.0 35.804578 22.0 35.583940 23.0 35.365807 24.0 35.149651 25.0 34.935303 26.0 34.722672 27.0 34.512031 28.0 34.303961 29.0 34.099422 30.0 33.899892
5.916116  0.0 39.592126 1.0 39.768975 2.0 39.637160 3.0 39.377866 4.0 39.100087 5.0 38.799474 6.0 38.474107 7.0 38.142642 8.0 37.808137 9.0 37.473361 10.0 37.153073 11.0 36.923628 12.0 36.693730 13.0 36.464978 14.0 36.238599 15.0 36.015332 16.0 35.795765 17.0 35.579960 18.0 35.367993 19.0 35.159502 20.0 34.952534 21.0 34.735109 22.0 34.520591 23.0 34.308468 24.0 34.098325 25.0 33.889958 26.0 33.683262 27.0 33.478568 28.0 33.276327 29.0 33.077600 30.0 32.883665
6.114115  0.0 38.435767 1.0 38.604984 2.0 38.474714 3.0 38.221111 4.0 37.949698 5.0 37.656363 6.0 37.339265 7.0 37.016340 8.0 36.690594 9.0 36.364702 10.0 36.053075 11.0 35.829584 12.0 35.605673 13.0 35.383007 14.0 35.162600 15.0 34.945343 16.0 34.731616 17.0 34.521647 18.0 34.315364 19.0 34.112523 20.0 33.911162 21.0 33.699680 22.0 33.491074 23.0 33.284764 24.0 33.080484 25.0 32.877874 26.0 32.676990 27.0 32.477994 28.0 32.281463 29.0 32.088300 30.0 31.899832
6.318742  0.0 37.315926 1.0 37.477734 2.0 37.349084 3.0 37.100907 4.0 36.835709 5.0 36.549519 6.0 36.240360 7.0 35.925709 8.0 35.608468 9.0 35.291256 10.0 34.988007 11.0 34.770237 12.0 34.552221 13.0 34.335367 14.0 34.120813 15.0 33.909318 16.0 33.701283 17.0 33.496952 18.0 33.296170 19.0 33.098832 20.0 32.902874 21.0 32.697207 22.0 32.494273 23.0 32.293673 24.0 32.094996 25.0 31.898011 26.0 31.702709 27.0 31.509252 28.0 31.318243 29.0 31.130460 30.0 30.947312
6.530216  0.0 36.231368 1.0 36.385993 2.0 36.258961 3.0 36.016074 4.0 35.756998 5.0 35.477655 6.0 35.176202 7.0 34.869632 8.0 34.560687 9.0 34.251825 10.0 33.956672 11.0 33.744519 12.0 33.532153 13.0 33.320960 14.0 33.112086 15.0 32.906147 16.0 32.703689 17.0 32.504763 18.0 32.309397 19.0 32.117310 20.0 31.926661 21.0 31.726556 22.0 31.529155 23.0 31.334055 24.0 31.140808 25.0 30.949298 26.0 30.759373 27.0 30.571339 28.0 30.385622 29.0 30.203122 30.0 30.025057
6.748769  0.0 35.180884 1.0 35.328718 2.0 35.203171 3.0 34.965543 4.0 34.712315 5.0 34.439640 6.0 34.145748 7.0 33.846984 8.0 33.546029 9.0 33.245265 10.0 32.957998 11.0 32.751295 12.0 32.544375 13.0 32.338744 14.0 32.135306 15.0 31.934836 16.0 31.737704 17.0 31.544068 18.0 31.353902 19.0 31.166932 20.0 30.981414 21.0 30.786687 22.0 30.594694 23.0 30.404876 24.0 30.216966 25.0 30.030687 26.0 29.846027 27.0 29.663190 28.0 29.482629 29.0 29.305219 30.0 29.132086
6.974636  0.0 34.163477 1.0 34.304669 2.0 34.180711 3.0 33.948081 4.0 33.700579 5.0 33.434453 6.0 33.147820 7.0 32.856613 8.0 32.563417 9.0 32.270569 10.0 31.990955 11.0 31.789468 12.0 31.587923 13.0 31.387594 14.0 31.189476 15.0 30.994273 16.0 30.802305 17.0 30.613825 18.0 30.428660 19.0 30.246710 20.0 30.066106 21.0 29.876675 22.0 29.689839 23.0 29.505191 24.0 29.322402 25.0 29.141210 26.0 28.961654 27.0 28.783829 28.0 28.608311 29.0 28.435786 30.0 28.267493
7.208062  0.0 33.177959 1.0 33.312766 2.0 33.190364 3.0 32.962645 4.0 32.720763 5.0 32.460916 6.0 32.181332 7.0 31.897517 8.0 31.611895 9.0 31.326663 10.0 31.054436 11.0 30.858073 12.0 30.661687 13.0 30.466510 14.0 30.273582 15.0 30.083437 16.0 29.896558 17.0 29.712998 18.0 29.532756 19.0 29.355598 20.0 29.179810 21.0 28.995460 22.0 28.813639 23.0 28.634016 24.0 28.456157 25.0 28.279954 26.0 28.105284 27.0 27.932386 28.0 27.761682 29.0 27.593935 30.0 27.430285
7.449300  0.0 32.223293 1.0 32.352042 2.0 32.231109 3.0 32.008229 4.0 31.771732 5.0 31.518023 6.0 31.245358 7.0 30.968670 8.0 30.690343 9.0 30.412499 10.0 30.147476 11.0 29.956089 12.0 29.764669 13.0 29.574571 14.0 29.386595 15.0 29.201431 16.0 29.019412 17.0 28.840663 18.0 28.665169 19.0 28.492658 20.0 28.321558 21.0 28.142099 22.0 27.965204 23.0 27.790385 24.0 27.617371 25.0 27.445937 26.0 27.276037 27.0 27.107883 28.0 26.941847 29.0 26.778748 30.0 26.619567
7.698612  0.0 31.298540 1.0 31.421360 2.0 31.301982 3.0 31.083729 4.0 30.852538 5.0 30.604821 6.0 30.338803 7.0 30.069024 8.0 29.797800 9.0 29.527180 10.0 29.269140 11.0 29.082512 12.0 28.896005 13.0 28.710740 14.0 28.527617 15.0 28.347256 16.0 28.169941 17.0 27.995896 18.0 27.824955 19.0 27.657024 20.0 27.490395 21.0 27.315751 22.0 27.143560 23.0 26.973434 24.0 26.805092 25.0 26.638271 26.0 26.473029 27.0 26.309430 28.0 26.147982 29.0 25.989321 30.0 25.834538
7.956268  0.0 30.402607 1.0 30.519805 2.0 30.401898 3.0 30.188240 4.0 29.962198 5.0 29.720249 6.0 29.460707 7.0 29.197699 8.0 28.933379 9.0 28.669713 10.0 28.418419 11.0 28.236485 12.0 28.054679 13.0 27.874123 14.0 27.695729 15.0 27.519979 16.0 27.347308 17.0 27.177744 18.0 27.011292 19.0 26.847728 20.0 26.685484 21.0 26.515471 22.0 26.347838 23.0 26.182295 24.0 26.018436 25.0 25.856160 26.0 25.695358 27.0 25.536232 28.0 25.379171 29.0 25.224845 30.0 25.074295
8.222548  0.0 29.534635 1.0 29.646400 2.0 29.529989 3.0 29.320776 4.0 29.099703 5.0 28.863435 6.0 28.610217 7.0 28.353722 8.0 28.096071 9.0 27.839152 10.0 27.594463 11.0 27.417060 12.0 27.239796 13.0 27.063872 14.0 26.889994 15.0 26.718799 16.0 26.550552 17.0 26.385381 18.0 26.223252 19.0 26.063926 20.0 25.905953 21.0 25.740391 22.0 25.577251 23.0 25.416077 24.0 25.256627 25.0 25.098693 26.0 24.942226 27.0 24.787422 28.0 24.634599 29.0 24.484508 30.0 24.338019
8.497739  0.0 28.693646 1.0 28.800165 2.0 28.685280 3.0 28.480372 4.0 28.264244 5.0 28.033448 6.0 27.786327 7.0 27.536159 8.0 27.285036 9.0 27.034717 10.0 26.796388 11.0 26.623334 12.0 26.450570 13.0 26.279050 14.0 26.109618 15.0 25.942791 16.0 25.778847 17.0 25.617958 18.0 25.459977 19.0 25.304831 20.0 25.150931 21.0 24.989762 22.0 24.830900 23.0 24.674003 24.0 24.518805 25.0 24.365070 26.0 24.212843 27.0 24.062179 28.0 23.913535 29.0 23.767477 30.0 23.624985
8.782140  0.0 27.878737 1.0 27.980316 2.0 27.866850 3.0 27.666247 4.0 27.454837 5.0 27.229352 6.0 26.988220 7.0 26.744253 8.0 26.499414 9.0 26.255451 10.0 26.023292 11.0 25.854560 12.0 25.686067 13.0 25.518871 14.0 25.353738 15.0 25.191123 16.0 25.031416 17.0 24.874611 18.0 24.720741 19.0 24.569563 20.0 24.419672 21.0 24.262714 22.0 24.108012 23.0 23.955283 24.0 23.804164 25.0 23.654570 26.0 23.506382 27.0 23.359792 28.0 23.215136 29.0 23.073023 30.0 22.934382
9.076059  0.0 27.089103 1.0 27.185851 2.0 27.073914 3.0 26.877414 4.0 26.670649 5.0 26.450413 6.0 26.215042 7.0 25.977046 8.0 25.738312 9.0 25.500554 10.0 25.274443 11.0 25.109824 12.0 24.945514 13.0 24.782525 14.0 24.621514 15.0 24.463076 16.0 24.307391 17.0 24.154616 18.0 24.004672 19.0 23.857377 20.0 23.711365 21.0 23.558467 22.0 23.407857 23.0 23.259106 24.0 23.112014 25.0 22.966364 26.0 22.822130 27.0 22.679467 28.0 22.538672 29.0 22.400409 30.0 22.265459
9.379816  0.0 26.323797 1.0 26.416010 2.0 26.305517 3.0 26.113107 4.0 25.910882 5.0 25.695680 6.0 25.465914 7.0 25.233774 8.0 25.001018 9.0 24.769263 10.0 24.548968 11.0 24.388364 12.0 24.228142 13.0 24.069176 14.0 23.912260 15.0 23.757784 16.0 23.606054 17.0 23.457164 18.0 23.311022 19.0 23.167527 20.0 23.025227 21.0 22.876348 22.0 22.729626 23.0 22.584788 24.0 22.441555 25.0 22.299741 26.0 22.159357 27.0 22.020460 28.0 21.883473 29.0 21.748876 30.0 21.617574
9.693738  0.0 25.582121 1.0 25.669926 2.0 25.560938 3.0 25.372485 4.0 25.174644 5.0 24.964412 6.0 24.740155 7.0 24.513655 8.0 24.286660 9.0 24.060723 10.0 23.846111 11.0 23.689446 12.0 23.533127 13.0 23.378154 14.0 23.225132 15.0 23.074538 16.0 22.926649 17.0 22.781492 18.0 22.639107 19.0 22.499226 20.0 22.360611 21.0 22.215548 22.0 22.072640 23.0 21.931581 24.0 21.792072 25.0 21.654026 26.0 21.517317 27.0 21.382145 28.0 21.248774 29.0 21.117781 30.0 20.989972
10.018167  0.0 24.863161 1.0 24.946798 2.0 24.839308 3.0 24.654736 4.0 24.461263 5.0 24.255822 6.0 24.036873 7.0 23.815860 8.0 23.594509 9.0 23.374268 10.0 23.165169 11.0 23.012257 12.0 22.859813 13.0 22.708649 14.0 22.559431 15.0 22.412625 16.0 22.268409 17.0 22.126964 18.0 21.988138 19.0 21.851832 20.0 21.716730 21.0 21.575398 22.0 21.436197 23.0 21.298763 24.0 21.162938 25.0 21.028472 26.0 20.895386 27.0 20.763771 28.0 20.633933 29.0 20.506429 30.0 20.381989
10.353453  0.0 24.166215 1.0 24.245884 2.0 24.139883 3.0 23.959155 4.0 23.769871 5.0 23.569116 6.0 23.355386 7.0 23.139758 8.0 22.923851 9.0 22.709102 10.0 22.505339 11.0 22.356161 12.0 22.207416 13.0 22.059968 14.0 21.914474 15.0 21.771284 16.0 21.630726 17.0 21.492793 18.0 21.357478 19.0 21.224610 20.0 21.092923 21.0 20.955235 22.0 20.819579 23.0 20.685742 24.0 20.553409 25.0 20.422464 26.0 20.292863 27.0 20.164695 28.0 20.038309 29.0 19.914142 30.0 19.793032
10.699961  0.0 23.490475 1.0 23.566356 2.0 23.461912 3.0 23.284900 4.0 23.099790 5.0 22.903637 6.0 22.694944 7.0 22.484513 8.0 22.273902 9.0 22.064532 10.0 21.866006 11.0 21.720391 12.0 21.575260 13.0 21.431453 14.0 21.289511 15.0 21.149921 16.0 21.012833 17.0 20.878355 18.0 20.746436 19.0 20.616887 20.0 20.488558 21.0 20.354347 22.0 20.222205 23.0 20.091785 24.0 19.962878 25.0 19.835340 26.0 19.709095 27.0 19.584321 28.0 19.461223 29.0 19.340361 30.0 19.222410
11.058066  0.0 22.835215 1.0 22.907560 2.0 22.804626 3.0 22.631355 4.0 22.450272 5.0 22.258573 6.0 22.054823 7.0 21.849496 8.0 21.644076 9.0 21.439897 10.0 21.246417 11.0 21.104293 12.0 20.962699 13.0 20.822368 14.0 20.683964 15.0 20.547794 16.0 20.414112 17.0 20.282991 18.0 20.154337 19.0 20.028072 20.0 19.902932 21.0 19.772165 22.0 19.643373 23.0 19.516293 24.0 19.390717 25.0 19.266445 26.0 19.143524 27.0 19.021971 28.0 18.902120 29.0 18.784411 30.0 18.669554
11.428156  0.0 22.199700 1.0 22.268667 2.0 22.167361 3.0 21.997701 4.0 21.820608 5.0 21.633324 6.0 21.434384 7.0 21.233990 8.0 21.033588 9.0 20.834466 10.0 20.645941 11.0 20.507226 12.0 20.369014 13.0 20.232153 14.0 20.097109 15.0 19.964299 16.0 19.833931 17.0 19.706029 18.0 19.580618 19.0 19.457465 20.0 19.335491 21.0 19.208014 22.0 19.082489 23.0 18.958669 24.0 18.836277 25.0 18.715251 26.0 18.595476 27.0 18.477098 28.0 18.360363 29.0 18.245719 30.0 18.133875
11.810632  0.0 21.614517 1.0 21.649064 2.0 21.549336 3.0 21.383322 4.0 21.210142 5.0 21.027129 6.0 20.832878 7.0 20.637333 8.0 20.441855 9.0 20.247682 10.0 20.063937 11.0 19.928499 12.0 19.793667 13.0 19.660092 14.0 19.528359 15.0 19.398815 16.0 19.271628 17.0 19.146931 18.0 19.024589 19.0 18.904522 20.0 18.785577 21.0 18.661309 22.0 18.538977 23.0 18.418269 24.0 18.299044 25.0 18.181092 26.0 18.064415 27.0 17.949098 28.0 17.835378 29.0 17.723738 30.0 17.614767
12.205908  0.0 21.011844 1.0 21.078065 2.0 20.949944 3.0 20.787477 4.0 20.618151 5.0 20.439380 6.0 20.249748 7.0 20.058903 8.0 19.868193 9.0 19.678812 10.0 19.499744 11.0 19.367570 12.0 19.235942 13.0 19.105622 14.0 18.977099 15.0 18.850700 16.0 18.726677 17.0 18.605014 18.0 18.485717 19.0 18.368611 20.0 18.252620 21.0 18.131488 22.0 18.012206 23.0 17.894594 24.0 17.778372 25.0 17.663442 26.0 17.549761 27.0 17.437397 28.0 17.326644 29.0 17.217862 30.0 17.111746
12.614414  0.0 20.429798 1.0 20.490759 2.0 20.396794 3.0 20.209533 4.0 20.044037 5.0 19.869390 6.0 19.684252 7.0 19.498019 8.0 19.311994 9.0 19.127315 10.0 18.952809 11.0 18.823741 12.0 18.695303 13.0 18.568125 14.0 18.442711 15.0 18.319432 16.0 18.198410 17.0 18.079760 18.0 17.963388 19.0 17.849168 20.0 17.736066 21.0 17.617932 22.0 17.501688 23.0 17.387012 24.0 17.273744 25.0 17.161741 26.0 17.050945 27.0 16.941495 28.0 16.833562 29.0 16.727613 30.0 16.624211
13.036591  0.0 19.866911 1.0 19.923343 2.0 19.829095 3.0 19.675205 4.0 19.511683 5.0 19.316537 6.0 19.135840 7.0 18.954122 8.0 18.772647 9.0 18.592530 10.0 18.422458 11.0 18.296499 12.0 18.171123 13.0 18.047013 14.0 17.924666 15.0 17.804356 16.0 17.686323 17.0 17.570564 18.0 17.457047 19.0 17.345653 20.0 17.235317 21.0 17.120170 22.0 17.006803 23.0 16.895021 24.0 16.784612 25.0 16.675430 26.0 16.567485 27.0 16.460802 28.0 16.355663 29.0 16.252418 30.0 16.151675
13.472898  0.0 19.322071 1.0 19.374680 2.0 19.280519 3.0 19.128479 4.0 18.971273 5.0 18.806308 6.0 18.631876 7.0 18.426529 8.0 18.249533 9.0 18.073898 10.0 17.908191 11.0 17.785201 12.0 17.662844 13.0 17.541742 14.0 17.422331 15.0 17.304988 16.0 17.189813 17.0 17.076888 18.0 16.966163 19.0 16.857480 20.0 16.749900 21.0 16.637585 22.0 16.527064 23.0 16.418079 24.0 16.310432 25.0 16.204036 26.0 16.098800 27.0 15.994860 28.0 15.892391 29.0 15.791789 30.0 15.693628
13.923807  0.0 18.794347 1.0 18.843477 2.0 18.749947 3.0 18.599994 4.0 18.445088 5.0 18.282710 6.0 18.111390 7.0 17.939676 8.0 17.768658 9.0 17.576500 10.0 17.409349 11.0 17.289319 12.0 17.169901 13.0 17.051710 14.0 16.935233 15.0 16.820716 16.0 16.708361 17.0 16.598199 18.0 16.490166 19.0 16.384179 20.0 16.279214 21.0 16.169709 22.0 16.061931 23.0 15.955659 24.0 15.850734 25.0 15.746989 26.0 15.644442 27.0 15.543124 28.0 15.443265 29.0 15.345236 30.0 15.249556
14.389807  0.0 18.282988 1.0 18.329028 2.0 18.236219 3.0 18.088694 4.0 17.936370 5.0 17.776766 6.0 17.608506 7.0 17.439940 8.0 17.272111 9.0 17.105940 10.0 16.949712 11.0 16.833848 12.0 16.691728 13.0 16.576422 14.0 16.462750 15.0 16.351044 16.0 16.241427 17.0 16.133946 18.0 16.028580 19.0 15.925162 20.0 15.822805 21.0 15.715998 22.0 15.610895 23.0 15.507289 24.0 15.404962 25.0 15.303853 26.0 15.203874 27.0 15.105125 28.0 15.007806 29.0 14.912249 30.0 14.819025
14.871403  0.0 17.787288 1.0 17.830440 2.0 17.738624 3.0 17.593561 4.0 17.443950 5.0 17.287362 6.0 17.122400 7.0 16.957159 8.0 16.792655 9.0 16.629797 10.0 16.476754 11.0 16.362946 12.0 16.249886 13.0 16.138199 14.0 16.016824 15.0 15.899970 16.0 15.788479 17.0 15.683644 18.0 15.580833 19.0 15.479982 20.0 15.380120 21.0 15.275964 22.0 15.173478 23.0 15.072428 24.0 14.972689 25.0 14.874093 26.0 14.776638 27.0 14.680385 28.0 14.585514 29.0 14.492402 30.0 14.401513
15.369118  0.0 17.306696 1.0 17.347179 2.0 17.256357 3.0 17.113900 4.0 16.967082 5.0 16.813521 6.0 16.651885 7.0 16.490064 8.0 16.329035 9.0 16.169653 10.0 16.019997 11.0 15.908232 12.0 15.797306 13.0 15.687727 14.0 15.579820 15.0 15.474010 16.0 15.370273 17.0 15.268717 18.0 15.157015 19.0 15.050573 20.0 14.950692 21.0 14.849115 22.0 14.749160 23.0 14.650651 24.0 14.553378 25.0 14.457264 26.0 14.362256 27.0 14.268418 28.0 14.175963 29.0 14.085182 30.0 13.996612
15.883489  0.0 16.840593 1.0 16.878571 2.0 16.788872 3.0 16.648967 4.0 16.504972 5.0 16.354517 6.0 16.196270 7.0 16.037892 8.0 15.880327 9.0 15.724414 10.0 15.578127 11.0 15.468630 12.0 15.359900 13.0 15.252470 14.0 15.146788 15.0 15.042996 16.0 14.941311 17.0 14.841734 18.0 14.744166 19.0 14.648621 20.0 14.554063 21.0 14.455577 22.0 14.358745 23.0 14.261791 24.0 14.159269 25.0 14.052881 26.0 13.960255 27.0 13.868793 28.0 13.778649 29.0 13.690184 30.0 13.603831
16.415075  0.0 16.388561 1.0 16.424147 2.0 16.335561 3.0 16.198269 4.0 16.057066 5.0 15.909656 6.0 15.754743 7.0 15.599804 8.0 15.445724 9.0 15.293303 10.0 15.150438 11.0 15.043141 12.0 14.936670 13.0 14.831506 14.0 14.727963 15.0 14.626371 16.0 14.526774 17.0 14.429215 18.0 14.333698 19.0 14.240012 20.0 14.147421 21.0 14.050919 22.0 13.956038 23.0 13.862629 24.0 13.770417 25.0 13.679419 26.0 13.589489 27.0 13.497908 28.0 13.402842 29.0 13.327489 30.0 13.235508
16.964453  0.0 15.950024 1.0 15.983377 2.0 15.895936 3.0 15.761176 4.0 15.622772 5.0 15.478417 6.0 15.326829 7.0 15.175266 8.0 15.024600 9.0 14.875602 10.0 14.736081 11.0 14.631078 12.0 14.526855 13.0 14.423905 14.0 14.322625 15.0 14.223166 16.0 14.125699 17.0 14.030242 18.0 13.936694 19.0 13.845053 20.0 13.754376 21.0 13.659947 22.0 13.567121 23.0 13.475649 24.0 13.385486 25.0 13.296404 26.0 13.208422 27.0 13.121601 28.0 13.036036 29.0 12.952162 30.0 12.870278
17.532217  0.0 15.524611 1.0 15.555797 2.0 15.469525 3.0 15.337308 4.0 15.201613 5.0 15.060223 6.0 14.911887 7.0 14.763665 8.0 14.616379 9.0 14.470772 10.0 14.334582 11.0 14.231766 12.0 14.129791 13.0 14.029089 14.0 13.929962 15.0 13.832699 16.0 13.737349 17.0 13.643944 18.0 13.552480 19.0 13.462774 20.0 13.374096 21.0 13.281739 22.0 13.190927 23.0 13.101530 24.0 13.013311 25.0 12.926229 26.0 12.840217 27.0 12.755304 28.0 12.671726 29.0 12.589668 30.0 12.509651
18.118983  0.0 15.111831 1.0 15.140993 2.0 15.055846 3.0 14.926115 4.0 14.793126 5.0 14.654681 6.0 14.509533 7.0 14.364559 8.0 14.220561 9.0 14.078252 10.0 13.945307 11.0 13.844722 12.0 13.744935 13.0 13.646410 14.0 13.549490 15.0 13.454330 16.0 13.361082 17.0 13.269753 18.0 13.180258 19.0 13.092573 20.0 13.005828 21.0 12.915533 22.0 12.826781 23.0 12.739347 24.0 12.653152 25.0 12.568029 26.0 12.483961 27.0 12.401025 28.0 12.319311 29.0 12.239174 30.0 12.160954
18.725386  0.0 14.711287 1.0 14.738484 2.0 14.654533 3.0 14.527229 4.0 14.396849 5.0 14.261268 6.0 14.119246 7.0 13.977469 8.0 13.836706 9.0 13.697639 10.0 13.567877 11.0 13.469406 12.0 13.371801 13.0 13.275436 14.0 13.180607 15.0 13.087578 16.0 12.996382 17.0 12.907059 18.0 12.819586 19.0 12.733806 20.0 12.649014 21.0 12.560753 22.0 12.473980 23.0 12.388566 24.0 12.304304 25.0 12.221136 26.0 12.139013 27.0 12.057956 28.0 11.978177 29.0 11.899864 30.0 11.823464
19.352085  0.0 14.322600 1.0 14.347953 2.0 14.265104 3.0 14.140209 4.0 14.012425 5.0 13.879649 6.0 13.740660 7.0 13.601984 8.0 13.464357 9.0 13.328435 10.0 13.201792 11.0 13.105456 12.0 13.009936 13.0 12.915673 14.0 12.822956 15.0 12.731942 16.0 12.642777 17.0 12.555445 18.0 12.469884 19.0 12.386047 20.0 12.303127 21.0 12.216862 22.0 12.132077 23.0 12.048573 24.0 11.966263 25.0 11.884999 26.0 11.804761 27.0 11.725615 28.0 11.647655 29.0 11.571190 30.0 11.496553
19.999758  0.0 13.945335 1.0 13.968930 2.0 13.887240 3.0 13.764661 4.0 13.639392 5.0 13.509368 6.0 13.373358 7.0 13.237723 8.0 13.103171 9.0 12.970330 10.0 12.846703 11.0 12.752394 12.0 12.658962 13.0 12.566746 14.0 12.476040 15.0 12.387058 16.0 12.299844 17.0 12.214443 18.0 12.130805 19.0 12.048799 20.0 11.967756 21.0 11.883435 22.0 11.800556 23.0 11.718982 24.0 11.638530 25.0 11.559142 26.0 11.480769 27.0 11.403433 28.0 11.327320 29.0 11.252616 30.0 11.179723
20.669107  0.0 13.579194 1.0 13.601078 2.0 13.520516 3.0 13.400246 4.0 13.277446 5.0 13.150080 6.0 13.016957 7.0 12.884271 8.0 12.752708 9.0 12.622867 10.0 12.502207 11.0 12.409917 12.0 12.318461 13.0 12.228260 14.0 12.139546 15.0 12.052483 16.0 11.967213 17.0 11.883695 18.0 11.801892 19.0 11.721735 20.0 11.642471 21.0 11.560058 22.0 11.479067 23.0 11.399317 24.0 11.320728 25.0 11.243154 26.0 11.166580 27.0 11.091060 28.0 11.016687 29.0 10.943742 30.0 10.872536
21.360857  0.0 13.223760 1.0 13.244042 2.0 13.164577 3.0 13.046547 4.0 12.926171 5.0 12.801426 6.0 12.671134 7.0 12.541335 8.0 12.412679 9.0 12.285745 10.0 12.167952 11.0 12.077609 12.0 11.988131 13.0 11.899854 14.0 11.813067 15.0 11.727929 16.0 11.644498 17.0 11.562825 18.0 11.482836 19.0 11.404424 20.0 11.326946 21.0 11.246371 22.0 11.167198 23.0 11.089278 24.0 11.012450 25.0 10.936661 26.0 10.861853 27.0 10.788057 28.0 10.715432 29.0 10.644159 30.0 10.574611
22.075760  0.0 12.878698 1.0 12.897434 2.0 12.819109 3.0 12.703274 4.0 12.585236 5.0 12.463026 6.0 12.335490 7.0 12.208503 8.0 12.082685 9.0 11.958593 10.0 11.843618 11.0 11.755166 12.0 11.667573 13.0 11.581212 14.0 11.496292 15.0 11.412988 16.0 11.331398 17.0 11.251495 18.0 11.173259 19.0 11.096591 20.0 11.020794 21.0 10.942037 22.0 10.864641 23.0 10.788457 24.0 10.713391 25.0 10.639314 26.0 10.566216 27.0 10.494131 28.0 10.423155 29.0 10.353548 30.0 10.285596
22.814588  0.0 12.543715 1.0 12.560980 2.0 12.483722 3.0 12.370052 4.0 12.254328 5.0 12.134613 6.0 12.009753 7.0 11.885491 8.0 11.762425 9.0 11.641085 10.0 11.528835 11.0 11.442250 12.0 11.356517 13.0 11.271968 14.0 11.188891 15.0 11.107391 16.0 11.027543 17.0 10.949399 18.0 10.872862 19.0 10.797860 20.0 10.723751 21.0 10.646719 22.0 10.571053 23.0 10.496590 24.0 10.423188 25.0 10.350804 26.0 10.279366 27.0 10.208918 28.0 10.139590 29.0 10.071560 30.0 10.005176
23.578144  0.0 12.218435 1.0 12.234307 2.0 12.158138 3.0 12.046553 4.0 11.933080 5.0 11.815798 6.0 11.693557 7.0 11.571961 8.0 11.451583 9.0 11.332933 10.0 11.223357 11.0 11.138538 12.0 11.054612 13.0 10.971874 14.0 10.890542 15.0 10.810795 16.0 10.732683 17.0 10.656197 18.0 10.581333 19.0 10.507964 20.0 10.435454 21.0 10.360141 22.0 10.286141 23.0 10.213328 24.0 10.141587 25.0 10.070810 26.0 10.000994 27.0 9.932152 28.0 9.864385 29.0 9.797926 30.0 9.733042
24.367254  0.0 11.902576 1.0 11.917098 2.0 11.842023 3.0 11.732511 4.0 11.621230 5.0 11.506303 6.0 11.386602 7.0 11.267592 8.0 11.149824 9.0 11.033790 10.0 10.926820 11.0 10.843766 12.0 10.761573 13.0 10.680571 14.0 10.600981 15.0 10.522917 16.0 10.446470 17.0 10.371644 18.0 10.298368 19.0 10.226588 20.0 10.155660 21.0 10.081972 22.0 10.009617 23.0 9.938414 24.0 9.868252 25.0 9.799073 26.0 9.730812 27.0 9.663520 28.0 9.597300 29.0 9.532325 30.0 9.468925
25.182773  0.0 11.595849 1.0 11.609104 2.0 11.535054 3.0 11.427568 4.0 11.318445 5.0 11.205833 6.0 11.088618 7.0 10.972135 8.0 10.856911 9.0 10.743413 10.0 10.638963 11.0 10.557598 12.0 10.477124 13.0 10.397809 14.0 10.319877 15.0 10.243481 16.0 10.168652 17.0 10.095406 18.0 10.023713 19.0 9.953457 20.0 9.884055 21.0 9.811986 22.0 9.741188 23.0 9.671554 24.0 9.602947 25.0 9.535280 26.0 9.468557 27.0 9.402767 28.0 9.338026 29.0 9.274529 30.0 9.212535
26.025587  0.0 11.297929 1.0 11.309975 2.0 11.236989 3.0 11.131459 4.0 11.024420 5.0 10.914067 6.0 10.799275 7.0 10.685252 8.0 10.572506 9.0 10.461483 10.0 10.359509 11.0 10.279794 12.0 10.200953 13.0 10.123300 14.0 10.047000 15.0 9.972182 16.0 9.898946 17.0 9.827251 18.0 9.757059 19.0 9.688313 20.0 9.620385 21.0 9.549864 22.0 9.480616 23.0 9.412484 24.0 9.345378 25.0 9.279214 26.0 9.213945 27.0 9.149626 28.0 9.086330 29.0 9.024236 30.0 8.963639
26.896608  0.0 11.008558 1.0 11.019438 2.0 10.947503 3.0 10.843913 4.0 10.738933 5.0 10.630769 6.0 10.518327 7.0 10.406694 8.0 10.296352 9.0 10.187731 10.0 10.088158 11.0 10.010065 12.0 9.932841 13.0 9.856760 14.0 9.782052 15.0 9.708805 16.0 9.637074 17.0 9.566893 18.0 9.498186 19.0 9.430867 20.0 9.364394 21.0 9.295382 22.0 9.227608 23.0 9.160962 24.0 9.095307 25.0 9.030579 26.0 8.966756 27.0 8.903839 28.0 8.841944 29.0 8.781233 30.0 8.721958
27.796780  0.0 10.727477 1.0 10.737260 2.0 10.666317 3.0 10.564625 4.0 10.461656 5.0 10.355641 6.0 10.245498 7.0 10.136198 8.0 10.028203 9.0 9.921924 10.0 9.824696 11.0 9.748138 12.0 9.672488 13.0 9.597974 14.0 9.524780 15.0 9.453049 16.0 9.382820 17.0 9.314079 18.0 9.246808 19.0 9.180911 20.0 9.115811 21.0 9.048276 22.0 8.981953 23.0 8.916714 24.0 8.852485 25.0 8.789159 26.0 8.726710 27.0 8.665182 28.0 8.604636 29.0 8.545254 30.0 8.487291
28.727078  0.0 10.454392 1.0 10.463130 2.0 10.393213 3.0 10.293356 4.0 10.192334 5.0 10.088411 6.0 9.980508 7.0 9.873479 8.0 9.767767 9.0 9.663768 10.0 9.568831 11.0 9.493805 12.0 9.419651 13.0 9.346648 14.0 9.274960 15.0 9.204686 16.0 9.135895 17.0 9.068586 18.0 9.002695 19.0 8.938163 20.0 8.874434 21.0 8.808302 22.0 8.743384 23.0 8.679543 24.0 8.616666 25.0 8.554704 26.0 8.493609 27.0 8.433394 28.0 8.374176 29.0 8.316084 30.0 8.259373
29.688512  0.0 10.189061 1.0 10.196796 2.0 10.127895 3.0 10.029855 4.0 9.930752 5.0 9.828867 6.0 9.723142 7.0 9.618320 8.0 9.514827 9.0 9.413039 10.0 9.320322 11.0 9.246778 12.0 9.174113 13.0 9.102563 14.0 9.032318 15.0 8.963484 16.0 8.896090 17.0 8.830147 18.0 8.765620 19.0 8.702408 20.0 8.639989 21.0 8.575250 22.0 8.511682 23.0 8.449180 24.0 8.387645 25.0 8.326988 26.0 8.267198 27.0 8.208287 28.0 8.150327 29.0 8.093494 30.0 8.038005
30.682123  0.0 9.931267 1.0 9.938055 2.0 9.870114 3.0 9.773851 4.0 9.676623 5.0 9.576733 6.0 9.473134 7.0 9.370466 8.0 9.269135 9.0 9.169505 10.0 9.078966 11.0 9.006839 12.0 8.935606 13.0 8.865492 14.0 8.796650 15.0 8.729189 16.0 8.663169 17.0 8.598563 18.0 8.535333 19.0 8.473421 20.0 8.412277 21.0 8.348866 22.0 8.286628 23.0 8.225427 24.0 8.165171 25.0 8.105803 26.0 8.047272 27.0 7.989609 28.0 7.932895 29.0 7.877264 30.0 7.822962
31.708988  0.0 9.680737 1.0 9.686626 2.0 9.619662 3.0 9.525121 4.0 9.429711 5.0 9.331768 6.0 9.230241 7.0 9.129669 8.0 9.030444 9.0 8.932912 10.0 8.844498 11.0 8.773775 12.0 8.703926 13.0 8.635187 14.0 8.567722 15.0 8.501610 16.0 8.436894 17.0 8.373597 18.0 8.311644 19.0 8.250966 20.0 8.191072 21.0 8.128962 22.0 8.067989 23.0 8.008061 24.0 7.949059 25.0 7.890916 26.0 7.833622 27.0 7.777171 28.0 7.721647 29.0 7.667202 30.0 7.614038
32.770220  0.0 9.437245 1.0 9.442278 2.0 9.376290 3.0 9.283451 4.0 9.189829 5.0 9.093777 6.0 8.994266 7.0 8.895734 8.0 8.798555 9.0 8.703061 10.0 8.616707 11.0 8.547340 12.0 8.478855 13.0 8.411457 14.0 8.345306 15.0 8.280510 16.0 8.217085 17.0 8.155026 18.0 8.094319 19.0 8.034862 20.0 7.976152 21.0 7.915311 22.0 7.855586 23.0 7.796868 24.0 7.739084 25.0 7.682149 26.0 7.626029 27.0 7.570762 28.0 7.516401 29.0 7.463085 30.0 7.411041
33.866969  0.0 9.200597 1.0 9.204812 2.0 9.139764 3.0 9.048589 4.0 8.956715 5.0 8.862516 6.0 8.764972 7.0 8.668428 8.0 8.573243 9.0 8.479734 10.0 8.395402 11.0 8.327339 12.0 8.260163 13.0 8.194080 14.0 8.129221 15.0 8.065675 16.0 8.003505 17.0 7.942679 18.0 7.883152 19.0 7.824878 20.0 7.767345 21.0 7.707709 22.0 7.649192 23.0 7.591671 24.0 7.535050 25.0 7.479280 26.0 7.424321 27.0 7.370182 28.0 7.316949 29.0 7.264742 30.0 7.213762
35.000424  0.0 8.970563 1.0 8.974006 2.0 8.909881 3.0 8.820323 4.0 8.730157 5.0 8.637766 6.0 8.542137 7.0 8.447529 8.0 8.354285 9.0 8.262708 10.0 8.180347 11.0 8.113572 12.0 8.047668 13.0 7.982841 14.0 7.919242 15.0 7.856936 16.0 7.795958 17.0 7.736322 18.0 7.677968 19.0 7.620823 20.0 7.564425 21.0 7.505981 22.0 7.448621 23.0 7.392251 24.0 7.336777 25.0 7.282127 26.0 7.228283 27.0 7.175256 28.0 7.123105 29.0 7.071967 30.0 7.022037
36.171814  0.0 8.746927 1.0 8.749637 2.0 8.686447 3.0 8.598480 4.0 8.509972 5.0 8.419338 6.0 8.325577 7.0 8.232854 8.0 8.141498 9.0 8.051799 10.0 7.971352 11.0 7.905822 12.0 7.841166 13.0 7.777571 14.0 7.715171 15.0 7.654068 16.0 7.594271 17.0 7.535773 18.0 7.478550 19.0 7.422520 20.0 7.367210 21.0 7.309915 22.0 7.253693 23.0 7.198434 24.0 7.144060 25.0 7.090510 26.0 7.037744 27.0 6.985783 28.0 6.934693 29.0 6.884587 30.0 6.835664
37.382407  0.0 8.529490 1.0 8.531504 2.0 8.469235 3.0 8.382826 4.0 8.295947 5.0 8.207034 6.0 8.115091 7.0 8.024204 8.0 7.934686 9.0 7.846815 10.0 7.768245 11.0 7.703909 12.0 7.640455 13.0 7.578061 14.0 7.516846 15.0 7.456886 16.0 7.398233 17.0 7.340859 18.0 7.284721 19.0 7.229766 20.0 7.175527 21.0 7.119340 22.0 7.064210 23.0 7.010040 24.0 6.956735 25.0 6.904236 26.0 6.852525 27.0 6.801599 28.0 6.751524 29.0 6.702427 30.0 6.654479
38.633516  0.0 8.318088 1.0 8.319441 2.0 8.258053 3.0 8.173167 4.0 8.087880 5.0 8.000644 6.0 7.910474 7.0 7.821374 8.0 7.733644 9.0 7.647552 10.0 7.570814 11.0 7.507657 12.0 7.445365 13.0 7.384123 14.0 7.324059 15.0 7.265232 16.0 7.207670 17.0 7.151381 18.0 7.096311 19.0 7.042391 20.0 6.989182 21.0 6.934080 22.0 6.880012 23.0 6.826883 24.0 6.774620 25.0 6.723149 26.0 6.672443 27.0 6.622526 28.0 6.573443 29.0 6.525309 30.0 6.478312
39.926497  0.0 8.112507 1.0 8.113236 2.0 8.052728 3.0 7.969325 4.0 7.885586 5.0 7.799986 6.0 7.711544 7.0 7.624185 8.0 7.538198 9.0 7.453836 10.0 7.378880 11.0 7.316868 12.0 7.255717 13.0 7.195599 14.0 7.136634 15.0 7.078904 16.0 7.022420 17.0 6.967172 18.0 6.913132 19.0 6.860229 20.0 6.808016 21.0 6.753955 22.0 6.700922 23.0 6.648811 24.0 6.597541 25.0 6.547069 26.0 6.497350 27.0 6.448396 28.0 6.400273 29.0 6.353082 30.0 6.306994
41.262751  0.0 7.912567 1.0 7.912703 2.0 7.853076 3.0 7.771130 4.0 7.688910 5.0 7.604905 6.0 7.518146 7.0 7.432481 8.0 7.348187 9.0 7.265508 10.0 7.192295 11.0 7.131372 12.0 7.071327 13.0 7.012306 14.0 6.954421 15.0 6.897736 16.0 6.842297 17.0 6.788073 18.0 6.735025 19.0 6.683098 20.0 6.631861 21.0 6.578813 22.0 6.526769 23.0 6.475647 24.0 6.425354 25.0 6.375834 26.0 6.327069 27.0 6.279059 28.0 6.231857 29.0 6.185576 30.0 6.140377
42.643727  0.0 7.718092 1.0 7.717669 2.0 7.658907 3.0 7.578387 4.0 7.497650 5.0 7.415203 6.0 7.330081 7.0 7.246065 8.0 7.163419 9.0 7.082377 10.0 7.010869 11.0 6.951024 12.0 6.892036 13.0 6.834073 14.0 6.777237 15.0 6.721585 16.0 6.667140 17.0 6.613906 18.0 6.561830 19.0 6.510849 20.0 6.460548 21.0 6.408485 22.0 6.357410 23.0 6.307232 24.0 6.257883 25.0 6.209298 26.0 6.161448 27.0 6.114348 28.0 6.068046 29.0 6.022642 30.0 5.978299
44.070922  0.0 7.528934 1.0 7.527981 2.0 7.470053 3.0 7.390927 4.0 7.311639 5.0 7.230710 6.0 7.147184 7.0 7.064774 8.0 6.983732 9.0 6.904281 10.0 6.834437 11.0 6.775638 12.0 6.717692 13.0 6.660749 14.0 6.604921 15.0 6.550270 16.0 6.496807 17.0 6.444520 18.0 6.393382 19.0 6.343325 20.0 6.293933 21.0 6.242815 22.0 6.192679 23.0 6.143426 24.0 6.094982 25.0 6.047298 26.0 6.000342 27.0 5.954119 28.0 5.908683 29.0 5.864131 30.0 5.820616
45.545881  0.0 7.344917 1.0 7.343462 2.0 7.286361 3.0 7.208593 4.0 7.130716 5.0 7.051270 6.0 6.969302 7.0 6.888458 8.0 6.808979 9.0 6.731078 10.0 6.662853 11.0 6.605059 12.0 6.548123 13.0 6.492181 14.0 6.437333 15.0 6.383638 16.0 6.331126 17.0 6.279771 18.0 6.229536 19.0 6.180367 20.0 6.131860 21.0 6.081664 22.0 6.032426 23.0 5.984068 24.0 5.936509 25.0 5.889693 26.0 5.843597 27.0 5.798228 28.0 5.753629 29.0 5.709897 30.0 5.667184
47.070204  0.0 7.165876 1.0 7.163948 2.0 7.107672 3.0 7.031237 4.0 6.954742 5.0 6.876740 6.0 6.796286 7.0 6.716962 8.0 6.639000 9.0 6.562605 10.0 6.495968 11.0 6.439150 12.0 6.383181 13.0 6.328209 14.0 6.274316 15.0 6.221557 16.0 6.169952 17.0 6.119499 18.0 6.070147 19.0 6.021838 20.0 5.974181 21.0 5.924878 22.0 5.876519 23.0 5.829019 24.0 5.782312 25.0 5.736341 26.0 5.691077 27.0 5.646528 28.0 5.602741 29.0 5.559805 30.0 5.517863
48.645543  0.0 6.991662 1.0 6.989286 2.0 6.933822 3.0 6.858690 4.0 6.783543 5.0 6.706949 6.0 6.627970 7.0 6.550126 8.0 6.473641 9.0 6.398709 10.0 6.333623 11.0 6.277758 12.0 6.222735 13.0 6.168689 14.0 6.115721 15.0 6.063871 16.0 6.013157 17.0 5.963564 18.0 5.915066 19.0 5.867595 20.0 5.820763 21.0 5.772317 22.0 5.724807 23.0 5.678145 24.0 5.632259 25.0 5.587101 26.0 5.542644 27.0 5.498890 28.0 5.455884 29.0 5.413716 30.0 5.372522
50.273606  0.0 6.822125 1.0 6.819330 2.0 6.764661 3.0 6.690803 4.0 6.616973 5.0 6.541752 6.0 6.464208 7.0 6.387805 8.0 6.312756 9.0 6.239247 10.0 6.175677 11.0 6.120736 12.0 6.066632 13.0 6.013495 14.0 5.961412 15.0 5.910439 16.0 5.860587 17.0 5.811840 18.0 5.764160 19.0 5.717497 20.0 5.671466 21.0 5.623854 22.0 5.577159 23.0 5.531305 24.0 5.486217 25.0 5.441846 26.0 5.398164 27.0 5.355179 28.0 5.312930 29.0 5.271501 30.0 5.231029
51.956156  0.0 6.657142 1.0 6.653949 2.0 6.600048 3.0 6.527434 4.0 6.454889 5.0 6.381008 6.0 6.304866 7.0 6.229869 8.0 6.156220 9.0 6.084098 10.0 6.022005 11.0 5.967947 12.0 5.914734 13.0 5.862478 14.0 5.811262 15.0 5.761134 16.0 5.712111 17.0 5.664180 18.0 5.617300 19.0 5.571415 20.0 5.526156 21.0 5.479351 22.0 5.433449 23.0 5.388372 24.0 5.344053 25.0 5.300443 26.0 5.257513 27.0 5.215268 28.0 5.173748 29.0 5.133035 30.0 5.093259
53.695017  0.0 6.496556 1.0 6.492989 2.0 6.439855 3.0 6.368457 4.0 6.297168 5.0 6.224594 6.0 6.149813 7.0 6.076180 8.0 6.003890 9.0 5.933112 10.0 5.872466 11.0 5.819274 12.0 5.766912 13.0 5.715506 14.0 5.665130 15.0 5.615825 16.0 5.567605 17.0 5.520458 18.0 5.474352 19.0 5.429224 20.0 5.384710 21.0 5.338681 22.0 5.293545 23.0 5.249222 24.0 5.205646 25.0 5.162768 26.0 5.120564 27.0 5.079034 28.0 5.038218 29.0 4.998195 30.0 4.959089
55.492074  0.0 6.340235 1.0 6.336314 2.0 6.283939 3.0 6.213729 4.0 6.143665 5.0 6.072364 6.0 5.998907 7.0 5.926600 8.0 5.855630 9.0 5.786160 10.0 5.726928 11.0 5.674575 12.0 5.623047 13.0 5.572459 14.0 5.522889 15.0 5.474381 16.0 5.426942 17.0 5.380557 18.0 5.335191 19.0 5.290795 20.0 5.247004 21.0 5.201727 22.0 5.157327 23.0 5.113732 24.0 5.070873 25.0 5.028703 26.0 4.987197 27.0 4.946358 28.0 4.906220 29.0 4.866862 30.0 4.828405
57.349275  0.0 6.188049 1.0 6.183796 2.0 6.132165 3.0 6.063117 4.0 5.994248 5.0 5.924187 6.0 5.852018 7.0 5.781002 8.0 5.711316 9.0 5.643116 10.0 5.585268 11.0 5.533726 12.0 5.483006 13.0 5.433215 14.0 5.384426 15.0 5.336682 16.0 5.289997 17.0 5.244350 18.0 5.199705 19.0 5.156011 20.0 5.112917 21.0 5.068366 22.0 5.024679 23.0 4.981784 24.0 4.939617 25.0 4.898130 26.0 4.857298 27.0 4.817123 28.0 4.777640 29.0 4.738921 30.0 4.701086
59.268633  0.0 6.039874 1.0 6.035308 2.0 5.984409 3.0 5.916496 4.0 5.848793 5.0 5.779940 6.0 5.709026 7.0 5.639267 8.0 5.570834 9.0 5.503872 10.0 5.447373 11.0 5.396609 12.0 5.346668 13.0 5.297648 14.0 5.249618 15.0 5.202617 16.0 5.156655 17.0 5.111718 18.0 5.067770 19.0 5.024758 20.0 4.982335 21.0 4.938483 22.0 4.895484 23.0 4.853265 24.0 4.811764 25.0 4.770936 26.0 4.730753 27.0 4.691217 28.0 4.652364 29.0 4.614264 30.0 4.577027
61.252227  0.0 5.895594 1.0 5.890741 2.0 5.840549 3.0 5.773744 4.0 5.707179 5.0 5.639506 6.0 5.569819 7.0 5.501283 8.0 5.434062 9.0 5.368299 10.0 5.313122 11.0 5.263117 12.0 5.213924 13.0 5.165645 14.0 5.118348 15.0 5.072066 16.0 5.026806 17.0 4.982554 18.0 4.939275 19.0 4.896920 20.0 4.855146 21.0 4.811969 22.0 4.769632 23.0 4.728065 24.0 4.687206 25.0 4.647010 26.0 4.607453 27.0 4.568535 28.0 4.530286 29.0 4.492778 30.0 4.456120
63.302208  0.0 5.755094 1.0 5.749966 2.0 5.700473 3.0 5.634752 4.0 5.569300 5.0 5.502775 6.0 5.434275 7.0 5.366925 8.0 5.300882 9.0 5.236284 10.0 5.182400 11.0 5.133129 12.0 5.084663 13.0 5.037101 14.0 4.990506 15.0 4.944917 16.0 4.900335 17.0 4.856746 18.0 4.814114 19.0 4.772391 20.0 4.731243 21.0 4.688715 22.0 4.647016 23.0 4.606076 24.0 4.565836 25.0 4.526249 26.0 4.487293 27.0 4.448967 28.0 4.411304 29.0 4.374364 30.0 4.338258
65.420798  0.0 5.618254 1.0 5.612868 2.0 5.564067 3.0 5.499403 4.0 5.435033 5.0 5.369626 6.0 5.302279 7.0 5.236082 8.0 5.171184 9.0 5.107716 10.0 5.055099 11.0 5.006535 12.0 4.958773 13.0 4.911905 14.0 4.865992 15.0 4.821067 16.0 4.777137 17.0 4.734186 18.0 4.692179 19.0 4.651066 20.0 4.610519 21.0 4.568618 22.0 4.527532 23.0 4.487195 24.0 4.447549 25.0 4.408550 26.0 4.370172 27.0 4.332414 28.0 4.295308 29.0 4.258918 30.0 4.223347
67.610292  0.0 5.484964 1.0 5.479336 2.0 5.431214 3.0 5.367582 4.0 5.304268 5.0 5.239948 6.0 5.173724 7.0 5.108647 8.0 5.044863 9.0 4.982497 10.0 4.931115 11.0 4.883232 12.0 4.836148 13.0 4.789949 14.0 4.744694 15.0 4.700413 16.0 4.657112 17.0 4.614774 18.0 4.573368 19.0 4.532843 20.0 4.492875 21.0 4.451575 22.0 4.411081 23.0 4.371324 24.0 4.332248 25.0 4.293810 26.0 4.255987 27.0 4.218779 28.0 4.182209 29.0 4.146341 30.0 4.111278
69.873063  0.0 5.355118 1.0 5.349265 2.0 5.301808 3.0 5.239183 4.0 5.176898 5.0 5.113638 6.0 5.048505 7.0 4.984521 8.0 4.921820 9.0 4.860520 10.0 4.810349 11.0 4.763124 12.0 4.716690 13.0 4.671135 14.0 4.626513 15.0 4.582852 16.0 4.540157 17.0 4.498412 18.0 4.457583 19.0 4.417623 20.0 4.378212 21.0 4.337489 22.0 4.297561 23.0 4.258362 24.0 4.219837 25.0 4.181938 26.0 4.144646 27.0 4.107959 28.0 4.071906 29.0 4.036546 30.0 4.001967
72.211565  0.0 5.228614 1.0 5.222551 2.0 5.175746 3.0 5.114104 4.0 5.052823 5.0 4.990594 6.0 4.926527 7.0 4.863602 8.0 4.801949 9.0 4.741683 10.0 4.692698 11.0 4.646108 12.0 4.600303 13.0 4.555367 14.0 4.511353 15.0 4.468289 16.0 4.426177 17.0 4.385001 18.0 4.344727 19.0 4.305310 20.0 4.266435 21.0 4.226268 22.0 4.186883 23.0 4.148217 24.0 4.110215 25.0 4.072836 26.0 4.036058 27.0 3.999871 28.0 3.964307 29.0 3.929424 30.0 3.895317
74.628332  0.0 5.105352 1.0 5.099098 2.0 5.052928 3.0 4.992245 4.0 4.931945 5.0 4.870724 6.0 4.807687 7.0 4.745788 8.0 4.685152 9.0 4.625889 10.0 4.578065 11.0 4.532087 12.0 4.486889 13.0 4.442550 14.0 4.399122 15.0 4.356631 16.0 4.315079 17.0 4.274449 18.0 4.234709 19.0 4.195812 20.0 4.157449 21.0 4.117815 22.0 4.078953 23.0 4.040800 24.0 4.003300 25.0 3.966415 26.0 3.930121 27.0 3.894417 28.0 3.859329 29.0 3.824903 30.0 3.791237
77.125983  0.0 4.985243 1.0 4.978808 2.0 4.933259 3.0 4.873516 4.0 4.814170 5.0 4.753925 6.0 4.691889 7.0 4.630986 8.0 4.571337 9.0 4.513048 10.0 4.466360 11.0 4.420970 12.0 4.376355 13.0 4.332591 14.0 4.289726 15.0 4.247785 16.0 4.206771 17.0 4.166666 18.0 4.127438 19.0 4.089040 20.0 4.051169 21.0 4.012044 22.0 3.973680 23.0 3.936016 24.0 3.899001 25.0 3.862591 26.0 3.826761 27.0 3.791512 28.0 3.756869 29.0 3.722885 30.0 3.689649
79.707224  0.0 4.868188 1.0 4.861583 2.0 4.816649 3.0 4.757817 4.0 4.699399 5.0 4.640104 6.0 4.579040 7.0 4.519104 8.0 4.460415 9.0 4.403071 10.0 4.357495 11.0 4.312669 12.0 4.268613 13.0 4.225400 14.0 4.183077 15.0 4.141665 16.0 4.101166 17.0 4.061564 18.0 4.022825 19.0 3.984907 20.0 3.947509 21.0 3.908870 22.0 3.870982 23.0 3.833785 24.0 3.797226 25.0 3.761268 26.0 3.725885 27.0 3.691078 28.0 3.656860 29.0 3.623289 30.0 3.590452
82.374854  0.0 4.754095 1.0 4.747334 2.0 4.703000 3.0 4.645058 4.0 4.587544 5.0 4.529173 6.0 4.469051 7.0 4.410056 8.0 4.352297 9.0 4.295868 10.0 4.251382 11.0 4.207099 12.0 4.163580 13.0 4.120895 14.0 4.079090 15.0 4.038185 16.0 3.998180 17.0 3.959059 18.0 3.920789 19.0 3.883327 20.0 3.846377 21.0 3.808205 22.0 3.770775 23.0 3.734026 24.0 3.697904 25.0 3.662373 26.0 3.627411 27.0 3.593015 28.0 3.559207 29.0 3.526037 30.0 3.493586
85.131765  0.0 4.642878 1.0 4.635971 2.0 4.592226 3.0 4.535151 4.0 4.478517 5.0 4.421044 6.0 4.361840 7.0 4.303757 8.0 4.246897 9.0 4.191353 10.0 4.147935 11.0 4.104172 12.0 4.061169 13.0 4.018991 14.0 3.977681 15.0 3.937261 16.0 3.897729 17.0 3.859069 18.0 3.821247 19.0 3.784221 20.0 3.747699 21.0 3.709970 22.0 3.672972 23.0 3.636646 24.0 3.600943 25.0 3.565824 26.0 3.531267 27.0 3.497262 28.0 3.463836 29.0 3.431037 30.0 3.398946
87.980943  0.0 4.534451 1.0 4.527411 2.0 4.484241 3.0 4.428011 4.0 4.372234 5.0 4.315634 6.0 4.257321 7.0 4.200120 8.0 4.144132 9.0 4.089445 10.0 4.047073 11.0 4.003810 12.0 3.961299 13.0 3.919606 14.0 3.878772 15.0 3.838814 16.0 3.799733 17.0 3.761511 18.0 3.724117 19.0 3.687509 20.0 3.651398 21.0 3.614091 22.0 3.577503 23.0 3.541579 24.0 3.506269 25.0 3.471535 26.0 3.437356 27.0 3.403728 28.0 3.370670 29.0 3.338231 30.0 3.306479
90.925476  0.0 4.428734 1.0 4.421570 2.0 4.378963 3.0 4.323556 4.0 4.268613 5.0 4.212865 6.0 4.155413 7.0 4.099066 8.0 4.043922 9.0 3.990065 10.0 3.948718 11.0 3.905933 12.0 3.863894 13.0 3.822664 14.0 3.782283 15.0 3.742767 16.0 3.704116 17.0 3.666312 18.0 3.629324 19.0 3.593110 20.0 3.557386 21.0 3.520480 22.0 3.484285 23.0 3.448745 24.0 3.413812 25.0 3.379445 26.0 3.345623 27.0 3.312343 28.0 3.279626 29.0 3.247515 30.0 3.216088
93.968558  0.0 4.325645 1.0 4.318368 2.0 4.276312 3.0 4.221706 4.0 4.167579 5.0 4.112654 6.0 4.056035 7.0 4.000516 8.0 3.946190 9.0 3.893137 10.0 3.852795 11.0 3.810465 12.0 3.768876 13.0 3.728088 14.0 3.688139 15.0 3.649045 16.0 3.610805 17.0 3.573398 18.0 3.536795 19.0 3.500956 20.0 3.465599 21.0 3.429071 22.0 3.393244 23.0 3.358063 24.0 3.323481 25.0 3.289460 26.0 3.255980 27.0 3.223035 28.0 3.190643 29.0 3.158848 30.0 3.127717
97.113484  0.0 4.225109 1.0 4.217731 2.0 4.176211 3.0 4.122388 4.0 4.069050 5.0 4.014924 6.0 3.959113 7.0 3.904395 8.0 3.850861 9.0 3.798585 10.0 3.759228 11.0 3.717332 12.0 3.676172 13.0 3.635804 14.0 3.596266 15.0 3.557571 16.0 3.519718 17.0 3.482690 18.0 3.446454 19.0 3.410972 20.0 3.375966 21.0 3.339796 22.0 3.304317 23.0 3.269475 24.0 3.235223 25.0 3.201526 26.0 3.168360 27.0 3.135722 28.0 3.103629 29.0 3.072124 30.0 3.041277
100.363665  0.0 4.127051 1.0 4.119581 2.0 4.078586 3.0 4.025524 4.0 3.972952 5.0 3.919601 6.0 3.864574 7.0 3.810632 8.0 3.757862 9.0 3.706336 10.0 3.667946 11.0 3.626463 12.0 3.585710 13.0 3.545743 14.0 3.506594 15.0 3.468278 16.0 3.430793 17.0 3.394120 18.0 3.358230 19.0 3.323082 20.0 3.288401 21.0 3.252568 22.0 3.217417 23.0 3.182895 24.0 3.148956 25.0 3.115563 26.0 3.082696 27.0 3.050350 28.0 3.018540 29.0 2.987307 30.0 2.956717
103.722622  0.0 4.031401 1.0 4.023845 2.0 3.983364 3.0 3.931040 4.0 3.879214 5.0 3.826615 6.0 3.772345 7.0 3.719154 8.0 3.667122 9.0 3.616320 10.0 3.578878 11.0 3.537788 12.0 3.497423 13.0 3.457834 14.0 3.419055 15.0 3.381099 16.0 3.343961 17.0 3.307625 18.0 3.272060 19.0 3.237226 20.0 3.202853 21.0 3.167335 22.0 3.132490 23.0 3.098265 24.0 3.064614 25.0 3.031503 26.0 2.998910 27.0 2.966829 28.0 2.935276 29.0 2.904292 30.0 2.873943
107.193996  0.0 3.938086 1.0 3.930451 2.0 3.890472 3.0 3.838867 4.0 3.787764 5.0 3.735895 6.0 3.682359 7.0 3.629892 8.0 3.578573 9.0 3.528470 10.0 3.491958 11.0 3.451240 12.0 3.411241 13.0 3.372010 14.0 3.333579 15.0 3.295961 16.0 3.259150 17.0 3.223130 18.0 3.187871 19.0 3.153334 20.0 3.119250 21.0 3.084026 22.0 3.049466 23.0 3.015518 24.0 2.982137 25.0 2.949288 26.0 2.916949 27.0 2.885116 28.0 2.853804 29.0 2.823050 30.0 2.792921
110.781550  0.0 3.847037 1.0 3.839332 2.0 3.799843 3.0 3.748936 4.0 3.698536 5.0 3.647375 6.0 3.594546 7.0 3.542778 8.0 3.492148 9.0 3.442718 10.0 3.407119 11.0 3.366752 12.0 3.327098 13.0 3.288205 14.0 3.250101 15.0 3.212800 16.0 3.176297 17.0 3.140572 18.0 3.105598 19.0 3.071335 20.0 3.037518 21.0 3.002568 22.0 2.968272 23.0 2.934578 24.0 2.901444 25.0 2.868835 26.0 2.836729 27.0 2.805120 28.0 2.774023 29.0 2.743476 30.0 2.713540
114.489171  0.0 3.758188 1.0 3.750422 2.0 3.711410 3.0 3.661181 4.0 3.611464 5.0 3.560988 6.0 3.508843 7.0 3.457750 8.0 3.407782 9.0 3.359001 10.0 3.324298 11.0 3.284263 12.0 3.244933 13.0 3.206357 14.0 3.168562 15.0 3.131559 16.0 3.095342 17.0 3.059895 18.0 3.025186 19.0 2.991180 20.0 2.957610 21.0 2.922914 22.0 2.888862 23.0 2.855404 24.0 2.822495 25.0 2.790103 26.0 2.758208 27.0 2.726802 28.0 2.695900 29.0 2.665538 30.0 2.635778
118.320879  0.0 3.671477 1.0 3.663655 2.0 3.625108 3.0 3.575539 4.0 3.526484 5.0 3.476671 6.0 3.425185 7.0 3.374743 8.0 3.325413 9.0 3.277258 10.0 3.243434 11.0 3.203710 12.0 3.164686 13.0 3.126407 14.0 3.088901 15.0 3.052174 16.0 3.016222 17.0 2.981029 18.0 2.946564 19.0 2.912792 20.0 2.879449 21.0 2.844981 22.0 2.811148 23.0 2.777901 24.0 2.745198 25.0 2.713005 26.0 2.681300 27.0 2.650077 28.0 2.619350 29.0 2.589153 30.0 2.559547
122.280825  0.0 3.586839 1.0 3.578969 2.0 3.540876 3.0 3.491947 4.0 3.443535 5.0 3.394362 6.0 3.343512 7.0 3.293695 8.0 3.244981 9.0 3.197428 10.0 3.164467 11.0 3.125035 12.0 3.086295 13.0 3.048290 14.0 3.011048 15.0 2.974576 16.0 2.938871 17.0 2.903914 18.0 2.869675 19.0 2.836119 20.0 2.802984 21.0 2.768727 22.0 2.735097 23.0 2.702045 24.0 2.669525 25.0 2.637504 26.0 2.605963 27.0 2.574898 28.0 2.544319 29.0 2.514262 30.0 2.484784
126.373303  0.0 3.504216 1.0 3.496304 2.0 3.458653 3.0 3.410346 4.0 3.362554 5.0 3.314001 6.0 3.263763 7.0 3.214549 8.0 3.166427 9.0 3.119450 10.0 3.087340 11.0 3.048175 12.0 3.009698 13.0 2.971949 14.0 2.934954 15.0 2.898720 16.0 2.863242 17.0 2.828502 18.0 2.794470 19.0 2.761109 20.0 2.728159 21.0 2.694085 22.0 2.660628 23.0 2.627741 24.0 2.595382 25.0 2.563517 26.0 2.532127 27.0 2.501203 28.0 2.470759 29.0 2.440818 30.0 2.411445
130.602747  0.0 3.423549 1.0 3.415601 2.0 3.378381 3.0 3.330675 4.0 3.283486 5.0 3.235531 6.0 3.185882 7.0 3.137247 8.0 3.089694 9.0 3.043267 10.0 3.011991 11.0 2.973077 12.0 2.934844 13.0 2.897332 14.0 2.860564 15.0 2.824549 16.0 2.789273 17.0 2.754723 18.0 2.720872 19.0 2.687684 20.0 2.654901 21.0 2.620997 22.0 2.587701 23.0 2.554967 24.0 2.522743 25.0 2.491003 26.0 2.459730 27.0 2.428916 28.0 2.398572 29.0 2.368731 30.0 2.339449
134.973741  0.0 3.344781 1.0 3.336803 2.0 3.300001 3.0 3.252879 4.0 3.206272 5.0 3.158894 6.0 3.109811 7.0 3.061734 8.0 3.014723 9.0 2.968826 10.0 2.938370 11.0 2.899687 12.0 2.861679 13.0 2.824384 14.0 2.787817 15.0 2.751992 16.0 2.716901 17.0 2.682528 18.0 2.648844 19.0 2.615813 20.0 2.583180 21.0 2.549412 22.0 2.516243 23.0 2.483627 24.0 2.451523 25.0 2.419898 26.0 2.388733 27.0 2.358002 28.0 2.327734 29.0 2.297959 30.0 2.268732
139.491024  0.0 3.267856 1.0 3.259854 2.0 3.223459 3.0 3.176901 4.0 3.130857 5.0 3.084036 6.0 3.035496 7.0 2.987954 8.0 2.941462 9.0 2.896074 10.0 2.866424 11.0 2.827952 12.0 2.790146 13.0 2.753039 14.0 2.716659 15.0 2.681011 16.0 2.646088 17.0 2.611873 18.0 2.578325 19.0 2.545421 20.0 2.512906 21.0 2.479265 22.0 2.446215 23.0 2.413703 24.0 2.381683 25.0 2.350135 26.0 2.319038 27.0 2.288385 28.0 2.258183 29.0 2.228446 30.0 2.199248
144.159490  0.0 3.192721 1.0 3.184700 2.0 3.148701 3.0 3.102689 4.0 3.057190 5.0 3.010904 6.0 2.962886 7.0 2.915853 8.0 2.869859 9.0 2.824958 10.0 2.796101 11.0 2.757816 12.0 2.720189 13.0 2.683259 14.0 2.647046 15.0 2.611555 16.0 2.576768 17.0 2.542677 18.0 2.509256 19.0 2.476469 20.0 2.444063 21.0 2.410514 22.0 2.377541 23.0 2.345105 24.0 2.313166 25.0 2.281679 26.0 2.250624 27.0 2.220004 28.0 2.189831 29.0 2.160131 30.0 2.130933
148.984199  0.0 3.119324 1.0 3.111289 2.0 3.075673 3.0 3.030191 4.0 2.985217 5.0 2.939446 6.0 2.891928 7.0 2.845381 8.0 2.799864 9.0 2.755420 10.0 2.727346 11.0 2.689229 12.0 2.651766 13.0 2.614992 14.0 2.578919 15.0 2.543553 16.0 2.508892 17.0 2.474919 18.0 2.441602 19.0 2.408896 20.0 2.376562 21.0 2.343093 22.0 2.310198 23.0 2.277804 24.0 2.245898 25.0 2.214449 26.0 2.183431 27.0 2.152817 28.0 2.122640 29.0 2.092929 30.0 2.063723
153.970382  0.0 3.047614 1.0 3.039569 2.0 3.004327 3.0 2.959355 4.0 2.914886 5.0 2.869611 6.0 2.822571 7.0 2.776488 8.0 2.731428 9.0 2.687418 10.0 2.660112 11.0 2.622146 12.0 2.584828 13.0 2.548180 14.0 2.512227 15.0 2.476977 16.0 2.442423 17.0 2.408528 18.0 2.375283 19.0 2.342653 20.0 2.310388 21.0 2.276957 22.0 2.244088 23.0 2.211740 24.0 2.179851 25.0 2.148399 26.0 2.117377 27.0 2.086762 28.0 2.056553 29.0 2.026801 30.0 1.997553
159.123441  0.0 2.977542 1.0 2.969492 2.0 2.934611 3.0 2.890133 4.0 2.846151 5.0 2.801352 6.0 2.754765 7.0 2.709128 8.0 2.664494 9.0 2.620903 10.0 2.594353 11.0 2.556519 12.0 2.519315 13.0 2.482778 14.0 2.446932 15.0 2.411770 16.0 2.377283 17.0 2.343464 18.0 2.310285 19.0 2.277689 20.0 2.245448 21.0 2.212057 22.0 2.179199 23.0 2.146841 24.0 2.114956 25.0 2.083483 26.0 2.052421 27.0 2.021772 28.0 1.991507 29.0 1.961684 30.0 1.932359
164.448962  0.0 2.909059 1.0 2.901009 2.0 2.866478 3.0 2.822475 4.0 2.778962 5.0 2.734621 6.0 2.688464 7.0 2.643252 8.0 2.599022 9.0 2.555829 10.0 2.530025 11.0 2.492293 12.0 2.455188 13.0 2.418747 14.0 2.382973 15.0 2.347876 16.0 2.313455 17.0 2.279677 18.0 2.246518 19.0 2.213957 20.0 2.181730 21.0 2.148324 22.0 2.115465 23.0 2.083079 24.0 2.051146 25.0 2.019643 26.0 1.988510 27.0 1.957783 28.0 1.927441 29.0 1.897515 30.0 1.868075
169.952717  0.0 2.842120 1.0 2.834073 2.0 2.799882 3.0 2.756336 4.0 2.713275 5.0 2.669370 6.0 2.623624 7.0 2.578810 8.0 2.534967 9.0 2.492142 10.0 2.467076 11.0 2.429428 12.0 2.392406 13.0 2.356026 14.0 2.320310 15.0 2.285268 16.0 2.250867 17.0 2.217112 18.0 2.183975 19.0 2.151397 20.0 2.119157 21.0 2.085733 22.0 2.052818 23.0 2.020399 24.0 1.988387 25.0 1.956802 26.0 1.925585 27.0 1.894749 28.0 1.864291 29.0 1.834232 30.0 1.804635
175.640671  0.0 2.776679 1.0 2.768640 2.0 2.734777 3.0 2.691670 4.0 2.649044 5.0 2.605553 6.0 2.560200 7.0 2.515759 8.0 2.472285 9.0 2.429803 10.0 2.405460 11.0 2.367883 12.0 2.330914 13.0 2.294579 14.0 2.258906 15.0 2.223870 16.0 2.189490 17.0 2.155732 18.0 2.122568 19.0 2.089983 20.0 2.057690 21.0 2.024212 22.0 1.991230 23.0 1.958716 24.0 1.926621 25.0 1.894918 26.0 1.863583 27.0 1.832607 28.0 1.801994 29.0 1.771770 30.0 1.741975
181.518988  0.0 2.712692 1.0 2.704664 2.0 2.671119 3.0 2.628434 4.0 2.586224 5.0 2.543129 6.0 2.498147 7.0 2.454058 8.0 2.410924 9.0 2.368771 10.0 2.345142 11.0 2.307611 12.0 2.270670 13.0 2.234369 14.0 2.198690 15.0 2.163667 16.0 2.129265 17.0 2.095481 18.0 2.062283 19.0 2.029629 20.0 1.997292 21.0 1.963712 22.0 1.930645 23.0 1.898004 24.0 1.865790 25.0 1.833937 26.0 1.802446 27.0 1.771296 28.0 1.740486 29.0 1.710065 30.0 1.680030
187.594040  0.0 2.650116 1.0 2.642104 2.0 2.608862 3.0 2.566585 4.0 2.524773 5.0 2.482054 6.0 2.437416 7.0 2.393665 8.0 2.350845 9.0 2.309002 10.0 2.286080 11.0 2.248561 12.0 2.211642 13.0 2.175327 14.0 2.139649 15.0 2.104590 16.0 2.070157 17.0 2.036316 18.0 2.003052 19.0 1.970323 20.0 1.937880 21.0 1.904194 22.0 1.870993 23.0 1.838207 24.0 1.805835 25.0 1.773799 26.0 1.742110 27.0 1.710754 28.0 1.679705 29.0 1.649025 30.0 1.618735
193.872411  0.0 2.588909 1.0 2.580914 2.0 2.547967 3.0 2.506080 4.0 2.464646 5.0 2.422288 6.0 2.377972 7.0 2.334537 8.0 2.292011 9.0 2.250442 10.0 2.228220 11.0 2.190706 12.0 2.153769 13.0 2.117437 14.0 2.081715 15.0 2.046615 16.0 2.012109 17.0 1.978199 18.0 1.944832 19.0 1.912006 20.0 1.879429 21.0 1.845606 22.0 1.812229 23.0 1.779267 24.0 1.746696 25.0 1.714443 26.0 1.682515 27.0 1.650905 28.0 1.619588 29.0 1.588595 30.0 1.557983
200.360906  0.0 2.529031 1.0 2.521056 2.0 2.488393 3.0 2.446880 4.0 2.405805 5.0 2.363790 6.0 2.319775 7.0 2.276625 8.0 2.234382 9.0 2.193066 10.0 2.171530 11.0 2.133998 12.0 2.097023 13.0 2.060642 14.0 2.024863 15.0 1.989678 16.0 1.955095 17.0 1.921063 18.0 1.887590 19.0 1.854610 20.0 1.821890 21.0 1.787888 22.0 1.754304 23.0 1.721127 24.0 1.688316 25.0 1.655812 26.0 1.623600 27.0 1.591678 28.0 1.560047 29.0 1.528721 30.0 1.497719
207.066557  0.0 2.470441 1.0 2.462490 2.0 2.430100 3.0 2.388944 4.0 2.348211 5.0 2.306515 6.0 2.262786 7.0 2.219899 8.0 2.177903 9.0 2.136833 10.0 2.115977 11.0 2.078389 12.0 2.041365 13.0 2.004905 14.0 1.969036 15.0 1.933760 16.0 1.899041 17.0 1.864889 18.0 1.831256 19.0 1.798109 20.0 1.765212 21.0 1.730981 22.0 1.697164 23.0 1.663729 24.0 1.630632 25.0 1.597839 26.0 1.565302 27.0 1.533023 28.0 1.501003 29.0 1.469260 30.0 1.437830
213.996632  0.0 2.413099 1.0 2.405176 2.0 2.373048 3.0 2.332230 4.0 2.291826 5.0 2.250427 6.0 2.206961 7.0 2.164321 8.0 2.122549 9.0 2.081685 10.0 2.061508 11.0 2.023856 12.0 1.986737 13.0 1.950188 14.0 1.914207 15.0 1.878787 16.0 1.843934 17.0 1.809615 18.0 1.775792 19.0 1.742453 20.0 1.709336 21.0 1.674843 22.0 1.640751 23.0 1.607013 24.0 1.573587 25.0 1.540435 26.0 1.507528 27.0 1.474849 28.0 1.442395 29.0 1.410182 30.0 1.378244
221.158641  0.0 2.356969 1.0 2.349077 2.0 2.317201 3.0 2.276703 4.0 2.236612 5.0 2.195490 6.0 2.152260 7.0 2.109846 8.0 2.068284 9.0 2.027604 10.0 2.008091 11.0 1.970344 12.0 1.933127 13.0 1.896441 14.0 1.860316 15.0 1.824749 16.0 1.789714 17.0 1.755189 18.0 1.721159 19.0 1.687588 20.0 1.654205 21.0 1.619420 22.0 1.585008 23.0 1.550923 24.0 1.517120 25.0 1.483562 26.0 1.450219 27.0 1.417073 28.0 1.384120 29.0 1.351370 30.0 1.318841
228.560347  0.0 2.302014 1.0 2.294157 2.0 2.262522 3.0 2.222326 4.0 2.182528 5.0 2.141669 6.0 2.098653 7.0 2.056435 8.0 2.015056 9.0 1.974548 10.0 1.955698 11.0 1.917824 12.0 1.880463 13.0 1.843636 14.0 1.807348 15.0 1.771577 16.0 1.736329 17.0 1.701581 18.0 1.667304 19.0 1.633462 20.0 1.599778 21.0 1.564655 22.0 1.529878 23.0 1.495399 24.0 1.461168 25.0 1.427141 26.0 1.393291 27.0 1.359602 28.0 1.326069 29.0 1.292704 30.0 1.259497
236.209773  0.0 2.248197 1.0 2.240378 2.0 2.208974 3.0 2.169065 4.0 2.129536 5.0 2.088927 6.0 2.046104 7.0 2.004060 8.0 1.962836 9.0 1.922464 10.0 1.904271 11.0 1.866260 12.0 1.828740 13.0 1.791722 14.0 1.755223 15.0 1.719238 16.0 1.683752 17.0 1.648743 18.0 1.614178 19.0 1.580020 20.0 1.545999 21.0 1.510485 22.0 1.475281 23.0 1.440340 24.0 1.405616 25.0 1.371070 26.0 1.336671 27.0 1.302353 28.0 1.268153 29.0 1.234060 30.0 1.200087
244.115209  0.0 2.195485 1.0 2.187707 2.0 2.156517 3.0 2.116883 4.0 2.077607 5.0 2.037217 6.0 1.994570 7.0 1.952684 8.0 1.911597 9.0 1.871337 10.0 1.853790 11.0 1.815600 12.0 1.777886 13.0 1.740663 14.0 1.703936 15.0 1.667698 16.0 1.631936 17.0 1.596622 18.0 1.561726 19.0 1.527209 20.0 1.492798 21.0 1.456838 22.0 1.421159 23.0 1.385713 24.0 1.350440 25.0 1.315276 26.0 1.280223 27.0 1.245206 28.0 1.210253 29.0 1.175315 30.0 1.140456
252.285223  0.0 2.143842 1.0 2.136107 2.0 2.105120 3.0 2.065746 4.0 2.026707 5.0 1.986515 6.0 1.944015 7.0 1.902256 8.0 1.861279 9.0 1.821111 10.0 1.804217 11.0 1.765831 12.0 1.727898 13.0 1.690432 14.0 1.653437 15.0 1.616907 16.0 1.580828 17.0 1.545169 18.0 1.509896 19.0 1.474973 20.0 1.440123 21.0 1.403670 22.0 1.367469 23.0 1.331417 24.0 1.295511 25.0 1.259668 26.0 1.223870 27.0 1.188043 28.0 1.152201 29.0 1.116326 30.0 1.080421
260.728669  0.0 2.093235 1.0 2.085541 2.0 2.054752 3.0 2.015613 4.0 1.976801 5.0 1.936790 6.0 1.894415 7.0 1.852762 8.0 1.811868 9.0 1.771764 10.0 1.755506 11.0 1.716886 12.0 1.678698 13.0 1.640956 14.0 1.603660 15.0 1.566805 16.0 1.530371 17.0 1.494330 18.0 1.458635 19.0 1.423259 20.0 1.387922 21.0 1.350918 22.0 1.314078 23.0 1.277391 24.0 1.240749 25.0 1.204128 26.0 1.167477 27.0 1.130743 28.0 1.093882 29.0 1.056885 30.0 1.019744
269.454700  0.0 2.043631 1.0 2.035980 2.0 2.005378 3.0 1.966457 4.0 1.927845 5.0 1.888002 6.0 1.845729 7.0 1.804156 8.0 1.763320 9.0 1.723252 10.0 1.707640 11.0 1.668758 12.0 1.630283 13.0 1.592226 14.0 1.554589 15.0 1.517364 16.0 1.480531 17.0 1.444055 18.0 1.407889 19.0 1.372011 20.0 1.336132 21.0 1.298469 22.0 1.260956 23.0 1.223516 24.0 1.186056 25.0 1.148541 26.0 1.110904 27.0 1.073090 28.0 1.035062 29.0 0.996755 30.0 0.958190
278.472772  0.0 1.994992 1.0 1.987392 2.0 1.956967 3.0 1.918247 4.0 1.879815 5.0 1.840111 6.0 1.797916 7.0 1.756399 8.0 1.715598 9.0 1.675542 10.0 1.660558 11.0 1.621387 12.0 1.582599 13.0 1.544198 14.0 1.506176 15.0 1.468536 16.0 1.431259 17.0 1.394290 18.0 1.357604 19.0 1.321168 20.0 1.284644 21.0 1.246281 22.0 1.207995 23.0 1.169698 24.0 1.131316 25.0 1.092780 26.0 1.054005 27.0 1.014944 28.0 0.975527 29.0 0.935704 30.0 0.895410
287.792660  0.0 1.947291 1.0 1.939746 2.0 1.909483 3.0 1.870952 4.0 1.832683 5.0 1.793098 6.0 1.750960 7.0 1.709477 8.0 1.668676 9.0 1.628594 10.0 1.614253 11.0 1.574748 12.0 1.535598 13.0 1.496815 14.0 1.458375 15.0 1.420273 16.0 1.382504 17.0 1.344983 18.0 1.307728 19.0 1.270628 20.0 1.233423 21.0 1.194259 22.0 1.155081 23.0 1.115807 24.0 1.076354 25.0 1.036647 26.0 0.996573 27.0 0.956071 28.0 0.915020 29.0 0.873341 30.0 0.830958
297.424464  0.0 1.900498 1.0 1.893010 2.0 1.862892 3.0 1.824532 4.0 1.786414 5.0 1.746930 6.0 1.704812 7.0 1.663324 8.0 1.622505 9.0 1.582384 10.0 1.568664 11.0 1.528813 12.0 1.489259 13.0 1.450040 14.0 1.411139 15.0 1.372526 16.0 1.334192 17.0 1.296082 18.0 1.258151 19.0 1.220358 20.0 1.182374 21.0 1.142289 22.0 1.102101 23.0 1.061726 24.0 1.021062 25.0 0.979982 26.0 0.938380 27.0 0.896148 28.0 0.853141 29.0 0.809249 30.0 nan
307.378625  0.0 1.854582 1.0 1.847153 2.0 1.817170 3.0 1.778958 4.0 1.740964 5.0 1.701556 6.0 1.659445 7.0 1.617941 8.0 1.577066 9.0 1.536853 10.0 1.523775 11.0 1.483512 12.0 1.443539 13.0 1.403836 14.0 1.364418 15.0 1.325244 16.0 1.286284 17.0 1.247510 18.0 1.208860 19.0 1.170256 20.0 1.131380 21.0 1.090260 22.0 1.048942 23.0 1.007297 24.0 0.965213 25.0 0.922539 26.0 0.879131 27.0 0.834840 28.0 nan 29.0 nan 30.0 nan
317.665930  0.0 1.809515 1.0 1.802137 2.0 1.772287 3.0 1.734206 4.0 1.696318 5.0 1.656967 6.0 1.614835 7.0 1.573265 8.0 1.532313 9.0 1.491993 10.0 1.479548 11.0 1.438838 12.0 1.398390 13.0 1.358157 14.0 1.318164 15.0 1.278377 16.0 1.238730 17.0 1.199198 18.0 1.159719 19.0 1.120221 20.0 1.080349 21.0 1.038060 22.0 0.995435 23.0 0.952328 24.0 0.908584 25.0 0.864040 26.0 0.818477 27.0 nan 28.0 nan 29.0 nan 30.0 nan
328.297529  0.0 1.765261 1.0 1.757942 2.0 1.728214 3.0 1.690248 4.0 1.652448 5.0 1.613121 6.0 1.570929 7.0 1.529291 8.0 1.488212 9.0 1.447749 10.0 1.435928 11.0 1.394748 12.0 1.353763 13.0 1.312957 14.0 1.272327 15.0 1.231837 16.0 1.191439 17.0 1.151073 18.0 1.110675 19.0 1.070172 20.0 1.029151 21.0 0.985538 22.0 0.941407 23.0 0.896599 24.0 0.850897 25.0 0.804087 26.0 nan 27.0 nan 28.0 nan 29.0 nan 30.0 nan
339.284944  0.0 1.721789 1.0 1.714539 2.0 1.684906 3.0 1.647034 4.0 1.609298 5.0 1.569984 6.0 1.527722 7.0 1.485952 8.0 1.444742 9.0 1.404080 10.0 1.392902 11.0 1.351199 12.0 1.309627 13.0 1.268188 14.0 1.226860 15.0 1.185603 16.0 1.144366 17.0 1.103063 18.0 1.061628 19.0 1.019967 20.0 0.977680 21.0 0.932517 22.0 0.886640 23.0 0.839811 24.0 nan 25.0 nan 26.0 nan 27.0 nan 28.0 nan 29.0 nan 30.0 nan
350.640085  0.0 1.679078 1.0 1.671900 2.0 1.642350 3.0 1.604554 4.0 1.566866 5.0 1.527539 6.0 1.485150 7.0 1.443247 8.0 1.401840 9.0 1.360962 10.0 1.350431 11.0 1.308142 12.0 1.265936 13.0 1.223803 14.0 1.181707 15.0 1.139586 16.0 1.097400 17.0 1.055061 18.0 1.012469 19.0 0.969496 20.0 0.925724 21.0 0.878779 22.0 0.830844 23.0 nan 24.0 nan 25.0 nan 26.0 nan 27.0 nan 28.0 nan 29.0 nan 30.0 nan
362.375259  0.0 1.637101 1.0 1.629982 2.0 1.600518 3.0 1.562781 4.0 1.525108 5.0 1.485730 6.0 1.443211 7.0 1.401119 8.0 1.359489 9.0 1.318352 10.0 1.308463 11.0 1.265540 12.0 1.222644 13.0 1.179731 14.0 1.136775 15.0 1.093734 16.0 1.050480 17.0 1.006961 18.0 0.963044 19.0 0.918583 20.0 0.873100 21.0 0.824071 22.0 nan 23.0 nan 24.0 nan 25.0 nan 26.0 nan 27.0 nan 28.0 nan 29.0 nan 30.0 nan
374.503183  0.0 1.595821 1.0 1.588770 2.0 1.559370 3.0 1.521660 4.0 1.483993 5.0 1.444556 6.0 1.401850 7.0 1.359538 8.0 1.317653 9.0 1.276209 10.0 1.266962 11.0 1.223354 12.0 1.179683 13.0 1.135925 14.0 1.092040 15.0 1.047928 16.0 1.003505 17.0 0.958660 18.0 0.913239 19.0 0.867053 20.0 0.819565 21.0 nan 22.0 nan 23.0 nan 24.0 nan 25.0 nan 26.0 nan 27.0 nan 28.0 nan 29.0 nan 30.0 nan
387.037004  0.0 1.555208 1.0 1.548239 2.0 1.518881 3.0 1.481191 4.0 1.443502 5.0 1.403954 6.0 1.361042 7.0 1.318479 8.0 1.276290 9.0 1.234487 10.0 1.225894 11.0 1.181532 12.0 1.137017 13.0 1.092339 14.0 1.047397 15.0 1.002110 16.0 0.956371 17.0 0.909996 18.0 0.862844 19.0 0.814653 20.0 nan 21.0 nan 22.0 nan 23.0 nan 24.0 nan 25.0 nan 26.0 nan 27.0 nan 28.0 nan 29.0 nan 30.0 nan
399.990304  0.0 1.515249 1.0 1.508350 2.0 1.479036 3.0 1.441327 4.0 1.403586 5.0 1.363919 6.0 1.320763 7.0 1.277902 8.0 1.235357 9.0 1.193142 10.0 1.185216 11.0 1.140022 12.0 1.094603 13.0 1.048874 14.0 1.002769 15.0 0.956174 16.0 0.908907 17.0 0.860817 18.0 0.811653 19.0 nan 20.0 nan 21.0 nan 22.0 nan 23.0 nan 24.0 nan 25.0 nan 26.0 nan 27.0 nan 28.0 nan 29.0 nan 30.0 nan
413.377123  0.0 1.475905 1.0 1.469077 2.0 1.439780 3.0 1.402045 4.0 1.364234 5.0 1.324407 6.0 1.280958 7.0 1.237755 8.0 1.194813 9.0 1.152129 10.0 1.144886 11.0 1.098782 12.0 1.052341 13.0 1.005473 14.0 0.958073 15.0 0.909972 16.0 0.861004 17.0 0.810920 18.0 nan 19.0 nan 20.0 nan 21.0 nan 22.0 nan 23.0 nan 24.0 nan 25.0 nan 26.0 nan 27.0 nan 28.0 nan 29.0 nan 30.0 nan
427.211971  0.0 1.437143 1.0 1.430407 2.0 1.401109 3.0 1.363316 4.0 1.325401 5.0 1.285378 6.0 1.241601 7.0 1.198009 8.0 1.154612 9.0 1.111403 10.0 1.104852 11.0 1.057769 12.0 1.010204 13.0 0.962052 14.0 0.913192 15.0 0.863410 16.0 0.812463 17.0 nan 18.0 nan 19.0 nan 20.0 nan 21.0 nan 22.0 nan 23.0 nan 24.0 nan 25.0 nan 26.0 nan 27.0 nan 28.0 nan 29.0 nan 30.0 nan
441.509842  0.0 1.398956 1.0 1.392285 2.0 1.362982 3.0 1.325108 4.0 1.287059 5.0 1.246816 6.0 1.202660 7.0 1.158626 8.0 1.114709 9.0 1.070920 10.0 1.065053 11.0 1.016879 12.0 0.968089 13.0 0.918513 14.0 0.867998 15.0 0.816290 16.0 nan 17.0 nan 18.0 nan 19.0 nan 20.0 nan 21.0 nan 22.0 nan 23.0 nan 24.0 nan 25.0 nan 26.0 nan 27.0 nan 28.0 nan 29.0 nan 30.0 nan
456.286231  0.0 1.361287 1.0 1.354710 2.0 1.325375 3.0 1.287388 4.0 1.249190 5.0 1.208682 6.0 1.164094 7.0 1.119565 8.0 1.075062 9.0 1.030598 10.0 1.025461 11.0 0.976092 12.0 0.925918 13.0 0.874760 14.0 0.822354 15.0 nan 16.0 nan 17.0 nan 18.0 nan 19.0 nan 20.0 nan 21.0 nan 22.0 nan 23.0 nan 24.0 nan 25.0 nan 26.0 nan 27.0 nan 28.0 nan 29.0 nan 30.0 nan
471.557155  0.0 1.324136 1.0 1.317635 2.0 1.288254 3.0 1.250142 4.0 1.211736 5.0 1.170924 6.0 1.125863 7.0 1.080775 8.0 1.035626 9.0 0.990404 10.0 0.986000 11.0 0.935318 12.0 0.883597 13.0 0.830620 14.0 nan 15.0 nan 16.0 nan 17.0 nan 18.0 nan 19.0 nan 20.0 nan 21.0 nan 22.0 nan 23.0 nan 24.0 nan 25.0 nan 26.0 nan 27.0 nan 28.0 nan 29.0 nan 30.0 nan
487.339164  0.0 1.287453 1.0 1.281046 2.0 1.251602 3.0 1.213305 4.0 1.174676 5.0 1.133517 6.0 1.087923 7.0 1.042199 8.0 0.996318 9.0 0.950242 10.0 0.946618 11.0 0.894460 12.0 0.841005 13.0 nan 14.0 nan 15.0 nan 16.0 nan 17.0 nan 18.0 nan 19.0 nan 20.0 nan 21.0 nan 22.0 nan 23.0 nan 24.0 nan 25.0 nan 26.0 nan 27.0 nan 28.0 nan 29.0 nan 30.0 nan
503.649363  0.0 1.251231 1.0 1.244900 2.0 1.215365 3.0 1.176874 4.0 1.137980 5.0 1.096425 6.0 1.050233 7.0 1.003803 8.0 0.957108 9.0 0.910057 10.0 0.907221 11.0 0.853424 12.0 nan 13.0 nan 14.0 nan 15.0 nan 16.0 nan 17.0 nan 18.0 nan 19.0 nan 20.0 nan 21.0 nan 22.0 nan 23.0 nan 24.0 nan 25.0 nan 26.0 nan 27.0 nan 28.0 nan 29.0 nan 30.0 nan
520.505430  0.0 1.215413 1.0 1.209190 2.0 1.179539 3.0 1.140812 4.0 1.101608 5.0 1.059607 6.0 1.012751 7.0 0.965529 8.0 0.917891 9.0 0.869758 10.0 0.867749 11.0 0.812115 12.0 nan 13.0 nan 14.0 nan 15.0 nan 16.0 nan 17.0 nan 18.0 nan 19.0 nan 20.0 nan 21.0 nan 22.0 nan 23.0 nan 24.0 nan 25.0 nan 26.0 nan 27.0 nan 28.0 nan 29.0 nan 30.0 nan
537.925633  0.0 1.179998 1.0 1.173851 2.0 1.144083 3.0 1.105082 4.0 1.065521 5.0 1.023022 6.0 0.975407 7.0 0.927301 8.0 0.878617 9.0 0.829249 10.0 0.828113 11.0 nan 12.0 nan 13.0 nan 14.0 nan 15.0 nan 16.0 nan 17.0 nan 18.0 nan 19.0 nan 20.0 nan 21.0 nan 22.0 nan 23.0 nan 24.0 nan 25.0 nan 26.0 nan 27.0 nan 28.0 nan 29.0 nan 30.0 nan
555.928853  0.0 1.144940 1.0 1.138882 2.0 1.108948 3.0 1.069641 4.0 1.029677 5.0 0.986604 6.0 0.938160 7.0 0.889056 8.0 0.839194 9.0 nan 10.0 nan 11.0 nan 12.0 nan 13.0 nan 14.0 nan 15.0 nan 16.0 nan 17.0 nan 18.0 nan 19.0 nan 20.0 nan 21.0 nan 22.0 nan 23.0 nan 24.0 nan 25.0 nan 26.0 nan 27.0 nan 28.0 nan 29.0 nan 30.0 nan
574.534602  0.0 1.110202 1.0 1.104249 2.0 1.074119 3.0 1.034455 4.0 0.994037 5.0 0.950322 6.0 0.900945 7.0 0.850723 8.0 nan 9.0 nan 10.0 nan 11.0 nan 12.0 nan 13.0 nan 14.0 nan 15.0 nan 16.0 nan 17.0 nan 18.0 nan 19.0 nan 20.0 nan 21.0 nan 22.0 nan 23.0 nan 24.0 nan 25.0 nan 26.0 nan 27.0 nan 28.0 nan 29.0 nan 30.0 nan
593.763046  0.0 1.075765 1.0 1.069911 2.0 1.039558 3.0 0.999483 4.0 0.958558 5.0 0.914133 6.0 0.863702 7.0 0.812208 8.0 nan 9.0 nan 10.0 nan 11.0 nan 12.0 nan 13.0 nan 14.0 nan 15.0 nan 16.0 nan 17.0 nan 18.0 nan 19.0 nan 20.0 nan 21.0 nan 22.0 nan 23.0 nan 24.0 nan 25.0 nan 26.0 nan 27.0 nan 28.0 nan 29.0 nan 30.0 nan
613.635024  0.0 1.041592 1.0 1.035827 2.0 1.005226 3.0 0.964681 4.0 0.923183 5.0 0.877940 6.0 0.826342 7.0 nan 8.0 nan 9.0 nan 10.0 nan 11.0 nan 12.0 nan 13.0 nan 14.0 nan 15.0 nan 16.0 nan 17.0 nan 18.0 nan 19.0 nan 20.0 nan 21.0 nan 22.0 nan 23.0 nan 24.0 nan 25.0 nan 26.0 nan 27.0 nan 28.0 nan 29.0 nan 30.0 nan
634.172075  0.0 1.007647 1.0 1.001974 2.0 0.971085 3.0 0.930008 4.0 0.887855 5.0 0.841707 6.0 nan 7.0 nan 8.0 nan 9.0 nan 10.0 nan 11.0 nan 12.0 nan 13.0 nan 14.0 nan 15.0 nan 16.0 nan 17.0 nan 18.0 nan 19.0 nan 20.0 nan 21.0 nan 22.0 nan 23.0 nan 24.0 nan 25.0 nan 26.0 nan 27.0 nan 28.0 nan 29.0 nan 30.0 nan
655.396458  0.0 0.973890 1.0 0.968313 2.0 0.937094 3.0 0.895428 4.0 0.852526 5.0 0.805351 6.0 nan 7.0 nan 8.0 nan 9.0 nan 10.0 nan 11.0 nan 12.0 nan 13.0 nan 14.0 nan 15.0 nan 16.0 nan 17.0 nan 18.0 nan 19.0 nan 20.0 nan 21.0 nan 22.0 nan 23.0 nan 24.0 nan 25.0 nan 26.0 nan 27.0 nan 28.0 nan 29.0 nan 30.0 nan
677.331175  0.0 0.940283 1.0 0.934802 2.0 0.903202 3.0 0.860853 4.0 0.817128 5.0 nan 6.0 nan 7.0 nan 8.0 nan 9.0 nan 10.0 nan 11.0 nan 12.0 nan 13.0 nan 14.0 nan 15.0 nan 16.0 nan 17.0 nan 18.0 nan 19.0 nan 20.0 nan 21.0 nan 22.0 nan 23.0 nan 24.0 nan 25.0 nan 26.0 nan 27.0 nan 28.0 nan 29.0 nan 30.0 nan
700.000000  0.0 0.906790 1.0 0.901386 2.0 0.869353 3.0 0.826259 4.0 nan 5.0 nan 6.0 nan 7.0 nan 8.0 nan 9.0 nan 10.0 nan 11.0 nan 12.0 nan 13.0 nan 14.0 nan 15.0 nan 16.0 nan 17.0 nan 18.0 nan 19.0 nan 20.0 nan 21.0 nan 22.0 nan 23.0 nan 24.0 nan 25.0 nan 26.0 nan 27.0 nan 28.0 nan 29.0 nan 30.0 nan
