0.000500  0.0 0.114375 1.0 0.130285 2.0 0.144635 3.0 0.157608 4.0 0.169366 5.0 0.180053 6.0 0.189794 7.0 0.198702 8.0 0.206875 9.0 0.214397 10.0 0.221342 11.0 0.227773 12.0 0.233745 13.0 0.239302 14.0 0.244484 15.0 0.249324 16.0 0.253845 17.0 0.258073 18.0 0.262021 19.0 0.265706 20.0 0.269139 21.0 0.272329 22.0 0.275287 23.0 0.278016 24.0 0.280529 25.0 0.282832 26.0 0.284936 27.0 0.286854 28.0 0.288602 29.0 0.290198 30.0 0.291664
0.000537  0.0 0.114891 1.0 0.130872 2.0 0.145286 3.0 0.158316 4.0 0.170125 5.0 0.180858 6.0 0.190642 7.0 0.199589 8.0 0.207797 9.0 0.215352 10.0 0.222327 11.0 0.228785 12.0 0.234782 13.0 0.240364 14.0 0.245568 15.0 0.250427 16.0 0.254970 17.0 0.259214 18.0 0.263180 19.0 0.266880 20.0 0.270328 21.0 0.273532 22.0 0.276500 23.0 0.279242 24.0 0.281764 25.0 0.284078 26.0 0.286191 27.0 0.288117 28.0 0.289872 29.0 0.291474 30.0 0.292945
0.000576  0.0 0.115413 1.0 0.131465 2.0 0.145942 3.0 0.159030 4.0 0.170891 5.0 0.181671 6.0 0.191498 7.0 0.200484 8.0 0.208728 9.0 0.216315 10.0 0.223319 11.0 0.229807 12.0 0.235830 13.0 0.241435 14.0 0.246662 15.0 0.251542 16.0 0.256103 17.0 0.260365 18.0 0.264348 19.0 0.268065 20.0 0.271527 21.0 0.274744 22.0 0.277724 23.0 0.280478 24.0 0.283011 25.0 0.285333 26.0 0.287456 27.0 0.289390 28.0 0.291152 29.0 0.292760 30.0 0.294237
0.000619  0.0 0.115940 1.0 0.132063 2.0 0.146605 3.0 0.159750 4.0 0.171664 5.0 0.182491 6.0 0.192360 7.0 0.201386 8.0 0.209666 9.0 0.217286 10.0 0.224322 11.0 0.230837 12.0 0.236886 13.0 0.242515 14.0 0.247765 15.0 0.252666 16.0 0.257246 17.0 0.261528 18.0 0.265526 19.0 0.269259 20.0 0.272735 21.0 0.275966 22.0 0.278961 23.0 0.281725 24.0 0.284269 25.0 0.286601 26.0 0.288731 27.0 0.290673 28.0 0.292443 29.0 0.294058 30.0 0.295542
0.000665  0.0 0.116471 1.0 0.132667 2.0 0.147274 3.0 0.160477 4.0 0.172443 5.0 0.183319 6.0 0.193232 7.0 0.202297 8.0 0.210612 9.0 0.218267 10.0 0.225333 11.0 0.231875 12.0 0.237951 13.0 0.243606 14.0 0.248877 15.0 0.253800 16.0 0.258401 17.0 0.262700 18.0 0.266717 19.0 0.270464 20.0 0.273956 21.0 0.277201 22.0 0.280207 23.0 0.282983 24.0 0.285538 25.0 0.287880 26.0 0.290020 27.0 0.291970 28.0 0.293747 29.0 0.295369 30.0 0.296858
0.000714  0.0 0.117007 1.0 0.133276 2.0 0.147948 3.0 0.161211 4.0 0.173230 5.0 0.184154 6.0 0.194111 7.0 0.203216 8.0 0.211569 9.0 0.219256 10.0 0.226353 11.0 0.232925 12.0 0.239027 13.0 0.244706 14.0 0.250001 15.0 0.254945 16.0 0.259565 17.0 0.263882 18.0 0.267917 19.0 0.271681 20.0 0.275188 21.0 0.278446 22.0 0.281464 23.0 0.284253 24.0 0.286818 25.0 0.289170 26.0 0.291319 27.0 0.293278 28.0 0.295062 29.0 0.296689 30.0 0.298184
0.000766  0.0 0.117548 1.0 0.133891 2.0 0.148628 3.0 0.161951 4.0 0.174025 5.0 0.184996 6.0 0.194998 7.0 0.204143 8.0 0.212533 9.0 0.220253 10.0 0.227382 11.0 0.233984 12.0 0.240113 13.0 0.245815 14.0 0.251135 15.0 0.256100 16.0 0.260740 17.0 0.265077 18.0 0.269127 19.0 0.272908 20.0 0.276430 21.0 0.279701 22.0 0.282734 23.0 0.285534 24.0 0.288111 25.0 0.290471 26.0 0.292629 27.0 0.294596 28.0 0.296387 29.0 0.298023 30.0 0.299525
0.000823  0.0 0.118095 1.0 0.134511 2.0 0.149316 3.0 0.162698 4.0 0.174826 5.0 0.185847 6.0 0.195893 7.0 0.205079 8.0 0.213506 9.0 0.221262 10.0 0.228422 11.0 0.235051 12.0 0.241207 13.0 0.246936 14.0 0.252277 15.0 0.257265 16.0 0.261925 17.0 0.266281 18.0 0.270350 19.0 0.274146 20.0 0.277683 21.0 0.280970 22.0 0.284015 23.0 0.286826 24.0 0.289414 25.0 0.291786 26.0 0.293953 27.0 0.295928 28.0 0.297727 29.0 0.299369 30.0 0.300877
0.000883  0.0 0.118645 1.0 0.135137 2.0 0.150010 3.0 0.163452 4.0 0.175634 5.0 0.186706 6.0 0.196797 7.0 0.206024 8.0 0.214488 9.0 0.222279 10.0 0.229471 11.0 0.236130 12.0 0.242313 13.0 0.248067 14.0 0.253432 15.0 0.258441 16.0 0.263122 17.0 0.267496 18.0 0.271584 19.0 0.275397 20.0 0.278949 21.0 0.282249 22.0 0.285307 23.0 0.288131 24.0 0.290729 25.0 0.293111 26.0 0.295288 27.0 0.297271 28.0 0.299078 29.0 0.300726 30.0 0.302240
0.000948  0.0 0.119202 1.0 0.135769 2.0 0.150709 3.0 0.164214 4.0 0.176451 5.0 0.187571 6.0 0.197708 7.0 0.206977 8.0 0.215480 9.0 0.223304 10.0 0.230528 11.0 0.237218 12.0 0.243429 13.0 0.249208 14.0 0.254597 15.0 0.259628 16.0 0.264330 17.0 0.268723 18.0 0.272828 19.0 0.276658 20.0 0.280225 21.0 0.283540 22.0 0.286611 23.0 0.289448 24.0 0.292057 25.0 0.294448 26.0 0.296634 27.0 0.298626 28.0 0.300440 29.0 0.302095 30.0 0.303617
0.001018  0.0 0.119764 1.0 0.136407 2.0 0.151416 3.0 0.164982 4.0 0.177275 5.0 0.188446 6.0 0.198628 7.0 0.207939 8.0 0.216480 9.0 0.224340 10.0 0.231597 11.0 0.238316 12.0 0.244554 13.0 0.250359 14.0 0.255772 15.0 0.260826 16.0 0.265547 17.0 0.269962 18.0 0.274083 19.0 0.277930 20.0 0.281512 21.0 0.284842 22.0 0.287928 23.0 0.290775 24.0 0.293397 25.0 0.295799 26.0 0.297993 27.0 0.299994 28.0 0.301816 29.0 0.303479 30.0 0.305006
0.001093  0.0 0.120331 1.0 0.137052 2.0 0.152129 3.0 0.165757 4.0 0.178106 5.0 0.189329 6.0 0.199557 7.0 0.208910 8.0 0.217489 9.0 0.225386 10.0 0.232675 11.0 0.239423 12.0 0.245690 13.0 0.251522 14.0 0.256958 15.0 0.262034 16.0 0.266778 17.0 0.271211 18.0 0.275352 19.0 0.279215 20.0 0.282814 21.0 0.286158 22.0 0.289256 23.0 0.292117 24.0 0.294748 25.0 0.297162 26.0 0.299366 27.0 0.301375 28.0 0.303205 29.0 0.304875 30.0 0.306407
0.001174  0.0 0.120903 1.0 0.137701 2.0 0.152849 3.0 0.166540 4.0 0.178946 5.0 0.190219 6.0 0.200495 7.0 0.209891 8.0 0.218509 9.0 0.226441 10.0 0.233763 11.0 0.240543 12.0 0.246837 13.0 0.252695 14.0 0.258156 15.0 0.263255 16.0 0.268020 17.0 0.272471 18.0 0.276631 19.0 0.280512 20.0 0.284126 21.0 0.287485 22.0 0.290596 23.0 0.293470 24.0 0.296113 25.0 0.298536 26.0 0.300751 27.0 0.302768 28.0 0.304606 29.0 0.306282 30.0 0.307822
0.001260  0.0 0.121481 1.0 0.138358 2.0 0.153576 3.0 0.167330 4.0 0.179794 5.0 0.191118 6.0 0.201441 7.0 0.210880 8.0 0.219538 9.0 0.227505 10.0 0.234860 11.0 0.241672 12.0 0.247995 13.0 0.253878 14.0 0.259365 15.0 0.264487 16.0 0.269272 17.0 0.273745 18.0 0.277921 19.0 0.281820 20.0 0.285450 21.0 0.288823 22.0 0.291950 23.0 0.294835 24.0 0.297491 25.0 0.299924 26.0 0.302147 27.0 0.304173 28.0 0.306019 29.0 0.307703 30.0 0.309251
0.001353  0.0 0.122064 1.0 0.139021 2.0 0.154309 3.0 0.168128 4.0 0.180649 5.0 0.192027 6.0 0.202396 7.0 0.211878 8.0 0.220576 9.0 0.228580 10.0 0.235970 11.0 0.242811 12.0 0.249163 13.0 0.255074 14.0 0.260584 15.0 0.265729 16.0 0.270536 17.0 0.275030 18.0 0.279226 19.0 0.283140 20.0 0.286787 21.0 0.290176 22.0 0.293316 23.0 0.296213 24.0 0.298881 25.0 0.301326 26.0 0.303559 27.0 0.305594 28.0 0.307447 29.0 0.309139 30.0 0.310692
0.001453  0.0 0.122653 1.0 0.139690 2.0 0.155051 3.0 0.168933 4.0 0.181512 5.0 0.192943 6.0 0.203362 7.0 0.212887 8.0 0.221624 9.0 0.229666 10.0 0.237089 11.0 0.243961 12.0 0.250342 13.0 0.256281 14.0 0.261816 15.0 0.266984 16.0 0.271814 17.0 0.276326 18.0 0.280542 19.0 0.284475 20.0 0.288138 21.0 0.291541 22.0 0.294694 23.0 0.297606 24.0 0.300283 25.0 0.302740 26.0 0.304983 27.0 0.307027 28.0 0.308888 29.0 0.310587 30.0 0.312145
0.001560  0.0 0.123247 1.0 0.140365 2.0 0.155798 3.0 0.169746 4.0 0.182384 5.0 0.193868 6.0 0.204335 7.0 0.213905 8.0 0.222683 9.0 0.230761 10.0 0.238218 11.0 0.245123 12.0 0.251534 13.0 0.257498 14.0 0.263060 15.0 0.268252 16.0 0.273103 17.0 0.277635 18.0 0.281870 19.0 0.285821 20.0 0.289500 21.0 0.292918 22.0 0.296085 23.0 0.299011 24.0 0.301701 25.0 0.304166 26.0 0.306419 27.0 0.308472 28.0 0.310342 29.0 0.312047 30.0 0.313615
0.001675  0.0 0.123848 1.0 0.141047 2.0 0.156553 3.0 0.170567 4.0 0.183265 5.0 0.194802 6.0 0.205318 7.0 0.214933 8.0 0.223752 9.0 0.231867 10.0 0.239359 11.0 0.246296 12.0 0.252736 13.0 0.258727 14.0 0.264315 15.0 0.269530 16.0 0.274403 17.0 0.278957 18.0 0.283210 19.0 0.287179 20.0 0.290875 21.0 0.294308 22.0 0.297491 23.0 0.300428 24.0 0.303131 25.0 0.305608 26.0 0.307870 27.0 0.309932 28.0 0.311810 29.0 0.313524 30.0 0.315098
0.001798  0.0 0.124455 1.0 0.141736 2.0 0.157316 3.0 0.171396 4.0 0.184154 5.0 0.195746 6.0 0.206311 7.0 0.215970 8.0 0.224830 9.0 0.232984 10.0 0.240511 11.0 0.247479 12.0 0.253949 13.0 0.259969 14.0 0.265581 15.0 0.270821 16.0 0.275717 17.0 0.280292 18.0 0.284564 19.0 0.288550 20.0 0.292263 21.0 0.295713 22.0 0.298909 23.0 0.301859 24.0 0.304574 25.0 0.307063 26.0 0.309335 27.0 0.311407 28.0 0.313293 29.0 0.315014 30.0 0.316594
0.001931  0.0 0.125067 1.0 0.142431 2.0 0.158086 3.0 0.172233 4.0 0.185051 5.0 0.196698 6.0 0.207313 7.0 0.217018 8.0 0.225919 9.0 0.234112 10.0 0.241674 11.0 0.248675 12.0 0.255174 13.0 0.261223 14.0 0.266861 15.0 0.272125 16.0 0.277043 17.0 0.281638 18.0 0.285932 19.0 0.289936 20.0 0.293666 21.0 0.297131 22.0 0.300340 23.0 0.303305 24.0 0.306031 25.0 0.308531 26.0 0.310814 27.0 0.312895 28.0 0.314789 29.0 0.316517 30.0 0.318103
0.002073  0.0 0.125685 1.0 0.143133 2.0 0.158864 3.0 0.173079 4.0 0.185958 5.0 0.197660 6.0 0.208325 7.0 0.218076 8.0 0.227020 9.0 0.235250 10.0 0.242847 11.0 0.249882 12.0 0.256412 13.0 0.262488 14.0 0.268153 15.0 0.273442 16.0 0.278382 17.0 0.282999 18.0 0.287311 19.0 0.291334 20.0 0.295081 21.0 0.298562 22.0 0.301787 23.0 0.304764 24.0 0.307503 25.0 0.310012 26.0 0.312306 27.0 0.314396 28.0 0.316299 29.0 0.318035 30.0 0.319630
0.002226  0.0 0.126310 1.0 0.143842 2.0 0.159648 3.0 0.173932 4.0 0.186873 5.0 0.198631 6.0 0.209347 7.0 0.219144 8.0 0.228131 9.0 0.236399 10.0 0.244033 11.0 0.251101 12.0 0.257662 13.0 0.263765 14.0 0.269458 15.0 0.274771 16.0 0.279733 17.0 0.284373 18.0 0.288704 19.0 0.292746 20.0 0.296509 21.0 0.300006 22.0 0.303247 23.0 0.306237 24.0 0.308989 25.0 0.311511 26.0 0.313814 27.0 0.315913 28.0 0.317824 29.0 0.319569 30.0 0.321170
0.002390  0.0 0.126941 1.0 0.144559 2.0 0.160441 3.0 0.174794 4.0 0.187797 5.0 0.199612 6.0 0.210379 7.0 0.220223 8.0 0.229252 9.0 0.237561 10.0 0.245231 11.0 0.252331 12.0 0.258922 13.0 0.265057 14.0 0.270774 15.0 0.276112 16.0 0.281099 17.0 0.285760 18.0 0.290112 19.0 0.294171 20.0 0.297953 21.0 0.301466 22.0 0.304721 23.0 0.307725 24.0 0.310489 25.0 0.313023 26.0 0.315337 27.0 0.317445 28.0 0.319365 29.0 0.321117 30.0 0.322725
0.002566  0.0 0.127578 1.0 0.145283 2.0 0.161243 3.0 0.175664 4.0 0.188730 5.0 0.200603 6.0 0.211422 7.0 0.221313 8.0 0.230384 9.0 0.238734 10.0 0.246440 11.0 0.253574 12.0 0.260197 13.0 0.266360 14.0 0.272105 15.0 0.277468 16.0 0.282478 17.0 0.287159 18.0 0.291533 19.0 0.295612 20.0 0.299411 21.0 0.302940 22.0 0.306208 23.0 0.309228 24.0 0.312003 25.0 0.314549 26.0 0.316874 27.0 0.318992 28.0 0.320920 29.0 0.322679 30.0 0.324294
0.002756  0.0 0.128221 1.0 0.146013 2.0 0.162052 3.0 0.176544 4.0 0.189674 5.0 0.201603 6.0 0.212475 7.0 0.222413 8.0 0.231529 9.0 0.239918 10.0 0.247660 11.0 0.254829 12.0 0.261484 13.0 0.267676 14.0 0.273448 15.0 0.278837 16.0 0.283871 17.0 0.288574 18.0 0.292967 19.0 0.297066 20.0 0.300882 21.0 0.304427 22.0 0.307712 23.0 0.310745 24.0 0.313534 25.0 0.316089 26.0 0.318425 27.0 0.320553 28.0 0.322490 29.0 0.324257 30.0 0.325880
0.002959  0.0 0.128871 1.0 0.146751 2.0 0.162869 3.0 0.177433 4.0 0.190626 5.0 0.202613 6.0 0.213537 7.0 0.223525 8.0 0.232685 9.0 0.241113 10.0 0.248893 11.0 0.256097 12.0 0.262784 13.0 0.269004 14.0 0.274805 15.0 0.280219 16.0 0.285276 17.0 0.290003 18.0 0.294415 19.0 0.298533 20.0 0.302368 21.0 0.305929 22.0 0.309230 23.0 0.312276 24.0 0.315079 25.0 0.317647 26.0 0.319992 27.0 0.322129 28.0 0.324076 29.0 0.325852 30.0 0.327482
0.003177  0.0 0.129528 1.0 0.147497 2.0 0.163694 3.0 0.178330 4.0 0.191588 5.0 0.203634 6.0 0.214611 7.0 0.224647 8.0 0.233852 9.0 0.242321 10.0 0.250139 11.0 0.257377 12.0 0.264095 13.0 0.270347 14.0 0.276174 15.0 0.281614 16.0 0.286696 17.0 0.291445 18.0 0.295880 19.0 0.300016 20.0 0.303868 21.0 0.307448 22.0 0.310763 23.0 0.313823 24.0 0.316639 25.0 0.319220 26.0 0.321576 27.0 0.323723 28.0 0.325678 29.0 0.327462 30.0 0.329099
0.003411  0.0 0.130192 1.0 0.148250 2.0 0.164528 3.0 0.179235 4.0 0.192560 5.0 0.204665 6.0 0.215696 7.0 0.225781 8.0 0.235030 9.0 0.243542 10.0 0.251398 11.0 0.258670 12.0 0.265421 13.0 0.271703 14.0 0.277558 15.0 0.283024 16.0 0.288131 17.0 0.292902 18.0 0.297358 19.0 0.301514 20.0 0.305385 21.0 0.308981 22.0 0.312311 23.0 0.315387 24.0 0.318214 25.0 0.320807 26.0 0.323175 27.0 0.325332 28.0 0.327296 29.0 0.329087 30.0 0.330731
0.003662  0.0 0.130862 1.0 0.149011 2.0 0.165371 3.0 0.180151 4.0 0.193541 5.0 0.205707 6.0 0.216792 7.0 0.226927 8.0 0.236221 9.0 0.244774 10.0 0.252668 11.0 0.259977 12.0 0.266761 13.0 0.273073 14.0 0.278957 15.0 0.284449 16.0 0.289580 17.0 0.294373 18.0 0.298851 19.0 0.303027 20.0 0.306916 21.0 0.310529 22.0 0.313875 23.0 0.316965 24.0 0.319806 25.0 0.322410 26.0 0.324789 27.0 0.326956 28.0 0.328929 29.0 0.330728 30.0 0.332381
0.003932  0.0 0.131539 1.0 0.149780 2.0 0.166222 3.0 0.181077 4.0 0.194533 5.0 0.206758 6.0 0.217899 7.0 0.228084 8.0 0.237424 9.0 0.246019 10.0 0.253951 11.0 0.261296 12.0 0.268114 13.0 0.274456 14.0 0.280369 15.0 0.285888 16.0 0.291043 17.0 0.295860 18.0 0.300358 19.0 0.304555 20.0 0.308463 21.0 0.312092 22.0 0.315455 23.0 0.318559 24.0 0.321415 25.0 0.324030 26.0 0.326419 27.0 0.328596 28.0 0.330579 29.0 0.332388 30.0 0.334048
0.004222  0.0 0.132223 1.0 0.150556 2.0 0.167081 3.0 0.182011 4.0 0.195535 5.0 0.207821 6.0 0.219017 7.0 0.229252 8.0 0.238640 9.0 0.247276 10.0 0.255248 11.0 0.262629 12.0 0.269480 13.0 0.275853 14.0 0.281795 15.0 0.287341 16.0 0.292521 17.0 0.297362 18.0 0.301882 19.0 0.306098 20.0 0.310024 21.0 0.313672 22.0 0.317051 23.0 0.320168 24.0 0.323038 25.0 0.325667 26.0 0.328068 27.0 0.330255 28.0 0.332247 29.0 0.334064 30.0 0.335731
0.004533  0.0 0.132915 1.0 0.151341 2.0 0.167949 3.0 0.182955 4.0 0.196548 5.0 0.208895 6.0 0.220147 7.0 0.230433 8.0 0.239867 9.0 0.248547 10.0 0.256559 11.0 0.263975 12.0 0.270860 13.0 0.277266 14.0 0.283235 15.0 0.288808 16.0 0.294015 17.0 0.298879 18.0 0.303422 19.0 0.307658 20.0 0.311603 21.0 0.315269 22.0 0.318663 23.0 0.321796 24.0 0.324678 25.0 0.327320 26.0 0.329733 27.0 0.331930 28.0 0.333931 29.0 0.335756 30.0 0.337430
0.004867  0.0 0.133613 1.0 0.152135 2.0 0.168828 3.0 0.183909 4.0 0.197570 5.0 0.209981 6.0 0.221289 7.0 0.231627 8.0 0.241107 9.0 0.249831 10.0 0.257883 11.0 0.265336 12.0 0.272255 13.0 0.278693 14.0 0.284692 15.0 0.290293 16.0 0.295525 17.0 0.300411 18.0 0.304977 19.0 0.309234 20.0 0.313198 21.0 0.316881 22.0 0.320291 23.0 0.323441 24.0 0.326335 25.0 0.328990 26.0 0.331414 27.0 0.333622 28.0 0.335632 29.0 0.337465 30.0 0.339147
0.005226  0.0 0.134319 1.0 0.152936 2.0 0.169715 3.0 0.184873 4.0 0.198603 5.0 0.211077 6.0 0.222443 7.0 0.232833 8.0 0.242361 9.0 0.251129 10.0 0.259220 11.0 0.266711 12.0 0.273665 13.0 0.280134 14.0 0.286164 15.0 0.291792 16.0 0.297049 17.0 0.301960 18.0 0.306547 19.0 0.310826 20.0 0.314809 21.0 0.318509 22.0 0.321937 23.0 0.325101 24.0 0.328011 25.0 0.330676 26.0 0.333112 27.0 0.335331 28.0 0.337350 29.0 0.339192 30.0 0.340884
0.005611  0.0 0.135032 1.0 0.153746 2.0 0.170612 3.0 0.185848 4.0 0.199648 5.0 0.212185 6.0 0.223609 7.0 0.234051 8.0 0.243628 9.0 0.252439 10.0 0.260571 11.0 0.268101 12.0 0.275089 13.0 0.281589 14.0 0.287650 15.0 0.293306 16.0 0.298589 17.0 0.303525 18.0 0.308134 19.0 0.312434 20.0 0.316437 21.0 0.320154 22.0 0.323600 23.0 0.326778 24.0 0.329703 25.0 0.332382 26.0 0.334828 27.0 0.337057 28.0 0.339087 29.0 0.340938 30.0 0.342637
0.006025  0.0 0.135753 1.0 0.154564 2.0 0.171517 3.0 0.186832 4.0 0.200704 5.0 0.213304 6.0 0.224786 7.0 0.235282 8.0 0.244908 9.0 0.253763 10.0 0.261937 11.0 0.269504 12.0 0.276527 13.0 0.283061 14.0 0.289151 15.0 0.294836 16.0 0.300145 17.0 0.305107 18.0 0.309738 19.0 0.314058 20.0 0.318080 21.0 0.321818 22.0 0.325280 23.0 0.328473 24.0 0.331412 25.0 0.334105 26.0 0.336563 27.0 0.338803 28.0 0.340842 29.0 0.342702 30.0 0.344408
0.006469  0.0 0.136483 1.0 0.155392 2.0 0.172433 3.0 0.187827 4.0 0.201771 5.0 0.214436 6.0 0.225976 7.0 0.236526 8.0 0.246201 9.0 0.255102 10.0 0.263318 11.0 0.270922 12.0 0.277981 13.0 0.284548 14.0 0.290668 15.0 0.296381 16.0 0.301718 17.0 0.306704 18.0 0.311359 19.0 0.315701 20.0 0.319743 21.0 0.323499 22.0 0.326977 23.0 0.330187 24.0 0.333139 25.0 0.335845 26.0 0.338316 27.0 0.340567 28.0 0.342615 29.0 0.344484 30.0 0.346197
0.006946  0.0 0.137219 1.0 0.156228 2.0 0.173358 3.0 0.188833 4.0 0.202849 5.0 0.215580 6.0 0.227180 7.0 0.237784 8.0 0.247508 9.0 0.256455 10.0 0.264713 11.0 0.272355 12.0 0.279450 13.0 0.286052 14.0 0.292203 15.0 0.297945 16.0 0.303308 17.0 0.308318 18.0 0.312997 19.0 0.317361 20.0 0.321424 21.0 0.325197 22.0 0.328691 23.0 0.331918 24.0 0.334884 25.0 0.337603 26.0 0.340086 27.0 0.342348 28.0 0.344407 29.0 0.346284 30.0 0.348006
0.007458  0.0 0.137964 1.0 0.157074 2.0 0.174294 3.0 0.189849 4.0 0.203938 5.0 0.216736 6.0 0.228397 7.0 0.239055 8.0 0.248829 9.0 0.257823 10.0 0.266122 11.0 0.273805 12.0 0.280936 13.0 0.287570 14.0 0.293754 15.0 0.299525 16.0 0.304915 17.0 0.309949 18.0 0.314652 19.0 0.319038 20.0 0.323121 21.0 0.326913 22.0 0.330425 23.0 0.333668 24.0 0.336649 25.0 0.339380 26.0 0.341875 27.0 0.344148 28.0 0.346217 29.0 0.348103 30.0 0.349835
0.008007  0.0 0.138717 1.0 0.157928 2.0 0.175240 3.0 0.190877 4.0 0.205039 5.0 0.217904 6.0 0.229626 7.0 0.240340 8.0 0.250165 9.0 0.259204 10.0 0.267546 11.0 0.275270 12.0 0.282437 13.0 0.289105 14.0 0.295321 15.0 0.301121 16.0 0.306538 17.0 0.311599 18.0 0.316324 19.0 0.320733 20.0 0.324836 21.0 0.328647 22.0 0.332178 23.0 0.335435 24.0 0.338432 25.0 0.341177 26.0 0.343683 27.0 0.345967 28.0 0.348046 29.0 0.349943 30.0 0.351682
0.008598  0.0 0.139478 1.0 0.158792 2.0 0.176196 3.0 0.191916 4.0 0.206153 5.0 0.219085 6.0 0.230868 7.0 0.241638 8.0 0.251515 9.0 0.260600 10.0 0.268986 11.0 0.276750 12.0 0.283955 13.0 0.290656 14.0 0.296904 15.0 0.302734 16.0 0.308179 17.0 0.313267 18.0 0.318015 19.0 0.322445 20.0 0.326569 21.0 0.330400 22.0 0.333949 23.0 0.337222 24.0 0.340234 25.0 0.342993 26.0 0.345512 27.0 0.347807 28.0 0.349896 29.0 0.351802 30.0 0.353549
0.009231  0.0 0.140247 1.0 0.159665 2.0 0.177162 3.0 0.192966 4.0 0.207279 5.0 0.220279 6.0 0.232124 7.0 0.242951 8.0 0.252879 9.0 0.262012 10.0 0.270442 11.0 0.278246 12.0 0.285488 13.0 0.292225 14.0 0.298504 15.0 0.304364 16.0 0.309838 17.0 0.314952 18.0 0.319725 19.0 0.324177 20.0 0.328322 21.0 0.332173 22.0 0.335738 23.0 0.339029 24.0 0.342055 25.0 0.344829 26.0 0.347361 27.0 0.349667 28.0 0.351766 29.0 0.353681 30.0 0.355436
0.009912  0.0 0.141025 1.0 0.160548 2.0 0.178139 3.0 0.194028 4.0 0.208417 5.0 0.221486 6.0 0.233393 7.0 0.244277 8.0 0.254258 9.0 0.263441 10.0 0.271915 11.0 0.279758 12.0 0.287038 13.0 0.293811 14.0 0.300122 15.0 0.306012 16.0 0.311515 17.0 0.316655 18.0 0.321453 19.0 0.325928 20.0 0.330095 21.0 0.333964 22.0 0.337547 23.0 0.340855 24.0 0.343896 25.0 0.346684 26.0 0.349228 27.0 0.351546 28.0 0.353656 29.0 0.355579 30.0 0.357343
0.010642  0.0 0.141812 1.0 0.161441 2.0 0.179127 3.0 0.195101 4.0 0.209568 5.0 0.222707 6.0 0.234678 7.0 0.245619 8.0 0.255653 9.0 0.264884 10.0 0.273403 11.0 0.281287 12.0 0.288605 13.0 0.295414 14.0 0.301759 15.0 0.307680 16.0 0.313211 17.0 0.318376 18.0 0.323200 19.0 0.327698 20.0 0.331886 21.0 0.335775 22.0 0.339375 23.0 0.342701 24.0 0.345757 25.0 0.348558 26.0 0.351116 27.0 0.353446 28.0 0.355566 29.0 0.357498 30.0 0.359272
0.011426  0.0 0.142608 1.0 0.162344 2.0 0.180126 3.0 0.196186 4.0 0.210731 5.0 0.223941 6.0 0.235976 7.0 0.246976 8.0 0.257062 9.0 0.266343 10.0 0.274907 11.0 0.282834 12.0 0.290191 13.0 0.297035 14.0 0.303413 15.0 0.309365 16.0 0.314925 17.0 0.320116 18.0 0.324966 19.0 0.329487 20.0 0.333697 21.0 0.337605 22.0 0.341225 23.0 0.344567 24.0 0.347640 25.0 0.350453 26.0 0.353025 27.0 0.355366 28.0 0.357496 29.0 0.359439 30.0 0.361222
0.012269  0.0 0.143413 1.0 0.163257 2.0 0.181137 3.0 0.197284 4.0 0.211907 5.0 0.225189 6.0 0.237289 7.0 0.248348 8.0 0.258489 9.0 0.267818 10.0 0.276428 11.0 0.284397 12.0 0.291793 13.0 0.298673 14.0 0.305086 15.0 0.311069 16.0 0.316657 17.0 0.321877 18.0 0.326751 19.0 0.331296 20.0 0.335527 21.0 0.339456 22.0 0.343096 23.0 0.346454 24.0 0.349543 25.0 0.352371 26.0 0.354954 27.0 0.357307 28.0 0.359449 29.0 0.361402 30.0 0.363194
0.013173  0.0 0.144226 1.0 0.164181 2.0 0.182158 3.0 0.198394 4.0 0.213097 5.0 0.226451 6.0 0.238616 7.0 0.249735 8.0 0.259931 9.0 0.269310 10.0 0.277965 11.0 0.285978 12.0 0.293414 13.0 0.300329 14.0 0.306776 15.0 0.312792 16.0 0.318409 17.0 0.323657 18.0 0.328555 19.0 0.333125 20.0 0.337378 21.0 0.341327 22.0 0.344986 23.0 0.348361 24.0 0.351466 25.0 0.354310 26.0 0.356906 27.0 0.359271 28.0 0.361424 29.0 0.363387 30.0 0.365187
0.014144  0.0 0.145049 1.0 0.165115 2.0 0.183192 3.0 0.199517 4.0 0.214300 5.0 0.227726 6.0 0.239958 7.0 0.251138 8.0 0.261389 9.0 0.270818 10.0 0.279520 11.0 0.287576 12.0 0.295052 13.0 0.302005 14.0 0.308486 15.0 0.314534 16.0 0.320180 17.0 0.325457 18.0 0.330381 19.0 0.334973 20.0 0.339249 21.0 0.343221 22.0 0.346898 23.0 0.350290 24.0 0.353411 25.0 0.356270 26.0 0.358880 27.0 0.361257 28.0 0.363421 29.0 0.365393 30.0 0.367201
0.015186  0.0 0.145881 1.0 0.166059 2.0 0.184237 3.0 0.200652 4.0 0.215517 5.0 0.229016 6.0 0.241315 7.0 0.252556 8.0 0.262863 9.0 0.272344 10.0 0.281094 11.0 0.289193 12.0 0.296709 13.0 0.303700 14.0 0.310215 15.0 0.316295 16.0 0.321973 17.0 0.327277 18.0 0.332228 19.0 0.336845 20.0 0.341143 21.0 0.345135 22.0 0.348831 23.0 0.352241 24.0 0.355378 25.0 0.358252 26.0 0.360875 27.0 0.363265 28.0 0.365439 29.0 0.367422 30.0 0.369239
0.016306  0.0 0.146723 1.0 0.167014 2.0 0.185293 3.0 0.201801 4.0 0.216748 5.0 0.230322 6.0 0.242688 7.0 0.253990 8.0 0.264354 9.0 0.273888 10.0 0.282685 11.0 0.290827 12.0 0.298384 13.0 0.305414 14.0 0.311963 15.0 0.318076 16.0 0.323786 17.0 0.329117 18.0 0.334095 19.0 0.338737 20.0 0.343058 21.0 0.347071 22.0 0.350785 23.0 0.354215 24.0 0.357366 25.0 0.360256 26.0 0.362893 27.0 0.365295 28.0 0.367481 29.0 0.369473 30.0 0.371299
0.017507  0.0 0.147575 1.0 0.167980 2.0 0.186362 3.0 0.202962 4.0 0.217993 5.0 0.231642 6.0 0.244077 7.0 0.255441 8.0 0.265862 9.0 0.275449 10.0 0.284294 11.0 0.292480 12.0 0.300079 13.0 0.307147 14.0 0.313733 15.0 0.319879 16.0 0.325619 17.0 0.330979 18.0 0.335984 19.0 0.340650 20.0 0.344994 21.0 0.349028 22.0 0.352762 23.0 0.356210 24.0 0.359379 25.0 0.362282 26.0 0.364934 27.0 0.367349 28.0 0.369545 29.0 0.371547 30.0 0.373384
0.018798  0.0 0.148437 1.0 0.168958 2.0 0.187444 3.0 0.204137 4.0 0.219252 5.0 0.232978 6.0 0.245482 7.0 0.256910 8.0 0.267388 9.0 0.277028 10.0 0.285922 11.0 0.294154 12.0 0.301794 13.0 0.308901 14.0 0.315523 15.0 0.321702 16.0 0.327473 17.0 0.332861 18.0 0.337894 19.0 0.342586 20.0 0.346953 21.0 0.351008 22.0 0.354762 23.0 0.358229 24.0 0.361414 25.0 0.364332 26.0 0.366998 27.0 0.369425 28.0 0.371633 29.0 0.373646 30.0 0.375493
0.020183  0.0 0.149309 1.0 0.169948 2.0 0.188538 3.0 0.205326 4.0 0.220526 5.0 0.234330 6.0 0.246904 7.0 0.258395 8.0 0.268931 9.0 0.278625 10.0 0.287568 11.0 0.295846 12.0 0.303528 13.0 0.310674 14.0 0.317333 15.0 0.323546 16.0 0.329348 17.0 0.334766 18.0 0.339826 19.0 0.344543 20.0 0.348934 21.0 0.353010 22.0 0.356786 23.0 0.360270 24.0 0.363473 25.0 0.366407 26.0 0.369085 27.0 0.371525 28.0 0.373745 29.0 0.375770 30.0 0.377626
0.021671  0.0 0.150191 1.0 0.170949 2.0 0.189646 3.0 0.206528 4.0 0.221814 5.0 0.235697 6.0 0.248342 7.0 0.259898 8.0 0.270493 9.0 0.280240 10.0 0.289234 11.0 0.297558 12.0 0.305283 13.0 0.312468 14.0 0.319164 15.0 0.325412 16.0 0.331245 17.0 0.336694 18.0 0.341780 19.0 0.346523 20.0 0.350937 21.0 0.355036 22.0 0.358833 23.0 0.362335 24.0 0.365556 25.0 0.368506 26.0 0.371198 27.0 0.373651 28.0 0.375883 29.0 0.377918 30.0 0.379784
0.023268  0.0 0.151084 1.0 0.171962 2.0 0.190766 3.0 0.207745 4.0 0.223118 5.0 0.237080 6.0 0.249796 7.0 0.261418 8.0 0.272073 9.0 0.281875 10.0 0.290919 11.0 0.299290 12.0 0.307058 13.0 0.314283 14.0 0.321016 15.0 0.327299 16.0 0.333164 17.0 0.338644 18.0 0.343756 19.0 0.348526 20.0 0.352965 21.0 0.357086 22.0 0.360904 23.0 0.364424 24.0 0.367663 25.0 0.370629 26.0 0.373336 27.0 0.375802 28.0 0.378046 29.0 0.380091 30.0 0.381966
0.024983  0.0 0.151987 1.0 0.172987 2.0 0.191900 3.0 0.208977 4.0 0.224438 5.0 0.238479 6.0 0.251268 7.0 0.262956 8.0 0.273672 9.0 0.283529 10.0 0.292623 11.0 0.301043 12.0 0.308855 13.0 0.316119 14.0 0.322891 15.0 0.329208 16.0 0.335106 17.0 0.340616 18.0 0.345758 19.0 0.350553 20.0 0.355015 21.0 0.359161 22.0 0.362999 23.0 0.366538 24.0 0.369795 25.0 0.372777 26.0 0.375499 27.0 0.377978 28.0 0.380234 29.0 0.382290 30.0 0.384174
0.026825  0.0 0.152901 1.0 0.174024 2.0 0.193047 3.0 0.210223 4.0 0.225774 5.0 0.239895 6.0 0.252758 7.0 0.264512 8.0 0.275290 9.0 0.285202 10.0 0.294349 11.0 0.302816 12.0 0.310672 13.0 0.317978 14.0 0.324787 15.0 0.331140 16.0 0.337071 17.0 0.342612 18.0 0.347783 19.0 0.352604 20.0 0.357092 21.0 0.361260 22.0 0.365118 23.0 0.368678 24.0 0.371951 25.0 0.374950 26.0 0.377687 27.0 0.380180 28.0 0.382447 29.0 0.384514 30.0 0.386408
0.028802  0.0 0.153827 1.0 0.175074 2.0 0.194209 3.0 0.211485 4.0 0.227126 5.0 0.241328 6.0 0.254265 7.0 0.266087 8.0 0.276927 9.0 0.286896 10.0 0.296095 11.0 0.304610 12.0 0.312511 13.0 0.319859 14.0 0.326706 15.0 0.333095 16.0 0.339060 17.0 0.344632 18.0 0.349832 19.0 0.354680 20.0 0.359193 21.0 0.363384 22.0 0.367263 23.0 0.370843 24.0 0.374133 25.0 0.377149 26.0 0.379901 27.0 0.382407 28.0 0.384687 29.0 0.386765 30.0 0.388669
0.030925  0.0 0.154763 1.0 0.176136 2.0 0.195384 3.0 0.212761 4.0 0.228494 5.0 0.242778 6.0 0.255790 7.0 0.267681 8.0 0.278583 9.0 0.288610 10.0 0.297863 11.0 0.306426 12.0 0.314372 13.0 0.321762 14.0 0.328648 15.0 0.335073 16.0 0.341073 17.0 0.346676 18.0 0.351906 19.0 0.356781 20.0 0.361319 21.0 0.365533 22.0 0.369434 23.0 0.373034 24.0 0.376342 25.0 0.379374 26.0 0.382142 27.0 0.384662 28.0 0.386954 29.0 0.389043 30.0 0.390957
0.033204  0.0 0.155711 1.0 0.177211 2.0 0.196573 3.0 0.214053 4.0 0.229878 5.0 0.244246 6.0 0.257334 7.0 0.269294 8.0 0.280260 9.0 0.290345 10.0 0.299651 11.0 0.308263 12.0 0.316255 13.0 0.323689 14.0 0.330614 15.0 0.337076 16.0 0.343110 17.0 0.348745 18.0 0.354004 19.0 0.358908 20.0 0.363471 21.0 0.367709 22.0 0.371631 23.0 0.375251 24.0 0.378578 25.0 0.381627 26.0 0.384410 27.0 0.386944 28.0 0.389248 29.0 0.391348 30.0 0.393274
0.035651  0.0 0.156671 1.0 0.178300 2.0 0.197777 3.0 0.215361 4.0 0.231280 5.0 0.245732 6.0 0.258897 7.0 0.270927 8.0 0.281957 9.0 0.292102 10.0 0.301462 11.0 0.310124 12.0 0.318162 13.0 0.325639 14.0 0.332604 15.0 0.339103 16.0 0.345172 17.0 0.350838 18.0 0.356129 19.0 0.361060 20.0 0.365649 21.0 0.369911 22.0 0.373854 23.0 0.377496 24.0 0.380841 25.0 0.383906 26.0 0.386705 27.0 0.389253 28.0 0.391570 29.0 0.393682 30.0 0.395619
0.038279  0.0 0.157643 1.0 0.179402 2.0 0.198996 3.0 0.216685 4.0 0.232698 5.0 0.247237 6.0 0.260479 7.0 0.272580 8.0 0.283675 9.0 0.293880 10.0 0.303295 11.0 0.312007 12.0 0.320092 13.0 0.327613 14.0 0.334619 15.0 0.341156 16.0 0.347260 17.0 0.352958 18.0 0.358279 19.0 0.363238 20.0 0.367854 21.0 0.372139 22.0 0.376106 23.0 0.379768 24.0 0.383132 25.0 0.386214 26.0 0.389029 27.0 0.391591 28.0 0.393921 29.0 0.396044 30.0 0.397993
0.041100  0.0 0.158626 1.0 0.180518 2.0 0.200230 3.0 0.218026 4.0 0.234135 5.0 0.248760 6.0 0.262081 7.0 0.274254 8.0 0.285414 9.0 0.295680 10.0 0.305150 11.0 0.313914 12.0 0.322047 13.0 0.329612 14.0 0.336658 15.0 0.343233 16.0 0.349373 17.0 0.355104 18.0 0.360456 19.0 0.365444 20.0 0.370086 21.0 0.374396 22.0 0.378385 23.0 0.382068 24.0 0.385452 25.0 0.388550 26.0 0.391381 27.0 0.393957 28.0 0.396301 29.0 0.398437 30.0 0.400396
0.044130  0.0 0.159623 1.0 0.181648 2.0 0.201480 3.0 0.219383 4.0 0.235589 5.0 0.250302 6.0 0.263703 7.0 0.275949 8.0 0.287175 9.0 0.297502 10.0 0.307028 11.0 0.315844 12.0 0.324025 13.0 0.331635 14.0 0.338723 15.0 0.345337 16.0 0.351512 17.0 0.357276 18.0 0.362659 19.0 0.367677 20.0 0.372346 21.0 0.376680 22.0 0.380693 23.0 0.384397 24.0 0.387800 25.0 0.390917 26.0 0.393762 27.0 0.396354 28.0 0.398710 29.0 0.400859 30.0 0.402828
0.047382  0.0 0.160631 1.0 0.182792 2.0 0.202745 3.0 0.220757 4.0 0.237062 5.0 0.251864 6.0 0.265346 7.0 0.277665 8.0 0.288958 9.0 0.299347 10.0 0.308930 11.0 0.317799 12.0 0.326029 13.0 0.333683 14.0 0.340814 15.0 0.347467 16.0 0.353678 17.0 0.359477 18.0 0.364891 19.0 0.369938 20.0 0.374634 21.0 0.378993 22.0 0.383030 23.0 0.386755 24.0 0.390178 25.0 0.393313 26.0 0.396174 27.0 0.398780 28.0 0.401151 29.0 0.403312 30.0 0.405292
0.050874  0.0 0.161653 1.0 0.183951 2.0 0.204027 3.0 0.222149 4.0 0.238553 5.0 0.253445 6.0 0.267009 7.0 0.279402 8.0 0.290764 9.0 0.301216 10.0 0.310856 11.0 0.319779 12.0 0.328058 13.0 0.335758 14.0 0.342931 15.0 0.349624 16.0 0.355872 17.0 0.361705 18.0 0.367151 19.0 0.372227 20.0 0.376951 21.0 0.381336 22.0 0.385397 23.0 0.389142 24.0 0.392586 25.0 0.395739 26.0 0.398617 27.0 0.401237 28.0 0.403622 29.0 0.405795 30.0 0.407786
0.054624  0.0 0.162688 1.0 0.185124 2.0 0.205325 3.0 0.223559 4.0 0.240063 5.0 0.255047 6.0 0.268693 7.0 0.281162 8.0 0.292593 9.0 0.303108 10.0 0.312807 11.0 0.321783 12.0 0.330113 13.0 0.337859 14.0 0.345075 15.0 0.351808 16.0 0.358093 17.0 0.363962 18.0 0.369439 19.0 0.374546 20.0 0.379298 21.0 0.383708 22.0 0.387793 23.0 0.391561 24.0 0.395025 25.0 0.398196 26.0 0.401091 27.0 0.403727 28.0 0.406125 29.0 0.408310 30.0 0.410313
0.058650  0.0 0.163736 1.0 0.186313 2.0 0.206639 3.0 0.224986 4.0 0.241593 5.0 0.256669 6.0 0.270399 7.0 0.282945 8.0 0.294445 9.0 0.305025 10.0 0.314782 11.0 0.323814 12.0 0.332194 13.0 0.339986 14.0 0.347247 15.0 0.354020 16.0 0.360343 17.0 0.366247 18.0 0.371757 19.0 0.376895 20.0 0.381675 21.0 0.386111 22.0 0.390221 23.0 0.394010 24.0 0.397495 25.0 0.400685 26.0 0.403596 27.0 0.406248 28.0 0.408660 29.0 0.410858 30.0 0.412872
0.062973  0.0 0.164798 1.0 0.187517 2.0 0.207971 3.0 0.226433 4.0 0.243142 5.0 0.258312 6.0 0.272127 7.0 0.284750 8.0 0.296321 9.0 0.306966 10.0 0.316783 11.0 0.325870 12.0 0.334301 13.0 0.342142 14.0 0.349447 15.0 0.356261 16.0 0.362623 17.0 0.368562 18.0 0.374105 19.0 0.379274 20.0 0.384082 21.0 0.388545 22.0 0.392680 23.0 0.396491 24.0 0.399997 25.0 0.403206 26.0 0.406135 27.0 0.408802 28.0 0.411228 29.0 0.413439 30.0 0.415464
0.067614  0.0 0.165874 1.0 0.188737 2.0 0.209320 3.0 0.227898 4.0 0.244712 5.0 0.259976 6.0 0.273877 7.0 0.286579 8.0 0.298222 9.0 0.308933 10.0 0.318811 11.0 0.327954 12.0 0.336437 13.0 0.344325 14.0 0.351675 15.0 0.358531 16.0 0.364932 17.0 0.370907 18.0 0.376484 19.0 0.381684 20.0 0.386521 21.0 0.391011 22.0 0.395171 23.0 0.399005 24.0 0.402532 25.0 0.405760 26.0 0.408706 27.0 0.411389 28.0 0.413830 29.0 0.416053 30.0 0.418091
0.072598  0.0 0.166964 1.0 0.189973 2.0 0.210687 3.0 0.229382 4.0 0.246302 5.0 0.261662 6.0 0.275650 7.0 0.288432 8.0 0.300147 9.0 0.310925 10.0 0.320864 11.0 0.330064 12.0 0.338600 13.0 0.346538 14.0 0.353933 15.0 0.360831 16.0 0.367271 17.0 0.373284 18.0 0.378894 19.0 0.384126 20.0 0.388993 21.0 0.393510 22.0 0.397694 23.0 0.401552 24.0 0.405100 25.0 0.408348 26.0 0.411312 27.0 0.414010 28.0 0.416466 29.0 0.418703 30.0 0.420752
0.077949  0.0 0.168068 1.0 0.191225 2.0 0.212072 3.0 0.230886 4.0 0.247913 5.0 0.263370 6.0 0.277447 7.0 0.290309 8.0 0.302098 9.0 0.312944 10.0 0.322945 11.0 0.332203 12.0 0.340792 13.0 0.348779 14.0 0.356220 15.0 0.363162 16.0 0.369641 17.0 0.375691 18.0 0.381336 19.0 0.386600 20.0 0.391497 21.0 0.396042 22.0 0.400252 23.0 0.404132 24.0 0.407702 25.0 0.410970 26.0 0.413952 27.0 0.416667 28.0 0.419137 29.0 0.421387 30.0 0.423448
0.083694  0.0 0.169187 1.0 0.192495 2.0 0.213475 3.0 0.232410 4.0 0.249546 5.0 0.265102 6.0 0.279268 7.0 0.292211 8.0 0.304075 9.0 0.314989 10.0 0.325054 11.0 0.334370 12.0 0.343013 13.0 0.351050 14.0 0.358539 15.0 0.365523 16.0 0.372043 17.0 0.378131 18.0 0.383811 19.0 0.389107 20.0 0.394034 21.0 0.398608 22.0 0.402843 23.0 0.406748 24.0 0.410339 25.0 0.413627 26.0 0.416627 27.0 0.419359 28.0 0.421844 29.0 0.424108 30.0 0.426181
0.089863  0.0 0.170322 1.0 0.193781 2.0 0.214897 3.0 0.233954 4.0 0.251200 5.0 0.266856 6.0 0.281113 7.0 0.294139 8.0 0.306079 9.0 0.317062 10.0 0.327191 11.0 0.336566 12.0 0.345264 13.0 0.353352 14.0 0.360888 15.0 0.367917 16.0 0.374478 17.0 0.380603 18.0 0.386319 19.0 0.391649 20.0 0.396606 21.0 0.401208 22.0 0.405470 23.0 0.409399 24.0 0.413012 25.0 0.416320 26.0 0.419339 27.0 0.422087 28.0 0.424587 29.0 0.426865 30.0 0.428951
0.096486  0.0 0.171471 1.0 0.195084 2.0 0.216338 3.0 0.235519 4.0 0.252877 5.0 0.268634 6.0 0.282983 7.0 0.296092 8.0 0.308109 9.0 0.319163 10.0 0.329357 11.0 0.338792 12.0 0.347546 13.0 0.355686 14.0 0.363269 15.0 0.370342 16.0 0.376945 17.0 0.383110 18.0 0.388862 19.0 0.394225 20.0 0.399213 21.0 0.403844 22.0 0.408133 23.0 0.412086 24.0 0.415722 25.0 0.419050 26.0 0.422087 27.0 0.424853 28.0 0.427368 29.0 0.429660 30.0 0.431759
0.103598  0.0 0.172637 1.0 0.196406 2.0 0.217800 3.0 0.237106 4.0 0.254577 5.0 0.270436 6.0 0.284878 7.0 0.298073 8.0 0.310168 9.0 0.321293 10.0 0.331552 11.0 0.341048 12.0 0.349858 13.0 0.358051 14.0 0.365683 15.0 0.372802 16.0 0.379447 17.0 0.385650 18.0 0.391439 19.0 0.396836 20.0 0.401856 21.0 0.406516 22.0 0.410832 23.0 0.414810 24.0 0.418469 25.0 0.421818 26.0 0.424874 27.0 0.427657 28.0 0.430188 29.0 0.432494 30.0 0.434606
0.111233  0.0 0.173818 1.0 0.197745 2.0 0.219281 3.0 0.238714 4.0 0.256300 5.0 0.272263 6.0 0.286799 7.0 0.300080 8.0 0.312255 9.0 0.323452 10.0 0.333778 11.0 0.343335 12.0 0.352203 13.0 0.360449 14.0 0.368130 15.0 0.375295 16.0 0.381983 17.0 0.388226 18.0 0.394052 19.0 0.399484 20.0 0.404536 21.0 0.409225 22.0 0.413568 23.0 0.417572 24.0 0.421254 25.0 0.424624 26.0 0.427699 27.0 0.430500 28.0 0.433047 29.0 0.435367 30.0 0.437492
0.119432  0.0 0.175016 1.0 0.199103 2.0 0.220782 3.0 0.240345 4.0 0.258047 5.0 0.274115 6.0 0.288747 7.0 0.302115 8.0 0.314370 9.0 0.325641 10.0 0.336034 11.0 0.345654 12.0 0.354580 13.0 0.362880 14.0 0.370611 15.0 0.377822 16.0 0.384554 17.0 0.390837 18.0 0.396702 19.0 0.402168 20.0 0.407253 21.0 0.411973 22.0 0.416343 23.0 0.420373 24.0 0.424078 25.0 0.427469 26.0 0.430564 27.0 0.433382 28.0 0.435946 29.0 0.438281 30.0 0.440419
0.128235  0.0 0.176230 1.0 0.200480 2.0 0.222305 3.0 0.241998 4.0 0.259818 5.0 0.275992 6.0 0.290722 7.0 0.304179 8.0 0.316516 9.0 0.327861 10.0 0.338322 11.0 0.348005 12.0 0.356990 13.0 0.365345 14.0 0.373127 15.0 0.380386 16.0 0.387162 17.0 0.393485 18.0 0.399389 19.0 0.404891 20.0 0.410009 21.0 0.414759 22.0 0.419157 23.0 0.423213 24.0 0.426942 25.0 0.430355 26.0 0.433470 27.0 0.436306 28.0 0.438886 29.0 0.441236 30.0 0.443388
0.137686  0.0 0.177462 1.0 0.201876 2.0 0.223848 3.0 0.243674 4.0 0.261614 5.0 0.277897 6.0 0.292725 7.0 0.306272 8.0 0.318691 9.0 0.330111 10.0 0.340643 11.0 0.350390 12.0 0.359434 13.0 0.367845 14.0 0.375678 15.0 0.382985 16.0 0.389806 17.0 0.396171 18.0 0.402114 19.0 0.407652 20.0 0.412804 21.0 0.417585 22.0 0.422011 23.0 0.426095 24.0 0.429847 25.0 0.433282 26.0 0.436417 27.0 0.439272 28.0 0.441868 29.0 0.444234 30.0 0.446400
0.147834  0.0 0.178710 1.0 0.203292 2.0 0.225414 3.0 0.245374 4.0 0.263435 5.0 0.279828 6.0 0.294757 7.0 0.308395 8.0 0.320897 9.0 0.332394 10.0 0.342996 11.0 0.352808 12.0 0.361913 13.0 0.370381 14.0 0.378266 15.0 0.385622 16.0 0.392489 17.0 0.398897 18.0 0.404879 19.0 0.410453 20.0 0.415639 21.0 0.420452 22.0 0.424907 23.0 0.429017 24.0 0.432794 25.0 0.436251 26.0 0.439408 27.0 0.442281 28.0 0.444893 29.0 0.447274 30.0 0.449455
0.158730  0.0 0.179977 1.0 0.204728 2.0 0.227002 3.0 0.247098 4.0 0.265282 5.0 0.281788 6.0 0.296818 7.0 0.310548 8.0 0.323135 9.0 0.334709 10.0 0.345383 11.0 0.355262 12.0 0.364428 13.0 0.372953 14.0 0.380891 15.0 0.388296 16.0 0.395210 17.0 0.401661 18.0 0.407683 19.0 0.413294 20.0 0.418515 21.0 0.423361 22.0 0.427844 23.0 0.431983 24.0 0.435784 25.0 0.439264 26.0 0.442442 27.0 0.445335 28.0 0.447964 29.0 0.450360 30.0 0.452555
0.170430  0.0 0.181262 1.0 0.206185 2.0 0.228612 3.0 0.248847 4.0 0.267156 5.0 0.283775 6.0 0.298908 7.0 0.312733 8.0 0.325405 9.0 0.337058 10.0 0.347804 11.0 0.357752 12.0 0.366981 13.0 0.375562 14.0 0.383554 15.0 0.391010 16.0 0.397971 17.0 0.404467 18.0 0.410529 19.0 0.416177 20.0 0.421433 21.0 0.426312 22.0 0.430825 23.0 0.434992 24.0 0.438818 25.0 0.442322 26.0 0.445522 27.0 0.448433 28.0 0.451080 29.0 0.453491 30.0 0.455700
0.182991  0.0 0.182565 1.0 0.207662 2.0 0.230246 3.0 0.250621 4.0 0.269057 5.0 0.285791 6.0 0.301028 7.0 0.314949 8.0 0.327708 9.0 0.339441 10.0 0.350260 11.0 0.360278 12.0 0.369570 13.0 0.378210 14.0 0.386258 15.0 0.393764 16.0 0.400772 17.0 0.407313 18.0 0.413416 19.0 0.419103 20.0 0.424395 21.0 0.429307 22.0 0.433851 23.0 0.438045 24.0 0.441897 25.0 0.445426 26.0 0.448647 27.0 0.451578 28.0 0.454243 29.0 0.456669 30.0 0.458893
0.196479  0.0 0.183887 1.0 0.209161 2.0 0.231903 3.0 0.252422 4.0 0.270986 5.0 0.287837 6.0 0.303180 7.0 0.317197 8.0 0.330045 9.0 0.341860 10.0 0.352753 11.0 0.362841 12.0 0.372198 13.0 0.380897 14.0 0.389002 15.0 0.396560 16.0 0.403615 17.0 0.410202 18.0 0.416346 19.0 0.422072 20.0 0.427400 21.0 0.432346 22.0 0.436922 23.0 0.441144 24.0 0.445022 25.0 0.448577 26.0 0.451819 27.0 0.454770 28.0 0.457454 29.0 0.459896 30.0 0.462134
0.210960  0.0 0.185230 1.0 0.210683 2.0 0.233586 3.0 0.254249 4.0 0.272944 5.0 0.289912 6.0 0.305363 7.0 0.319478 8.0 0.332416 9.0 0.344316 10.0 0.355285 11.0 0.365442 12.0 0.374865 13.0 0.383624 14.0 0.391786 15.0 0.399398 16.0 0.406500 17.0 0.413134 18.0 0.419321 19.0 0.425086 20.0 0.430451 21.0 0.435432 22.0 0.440040 23.0 0.444291 24.0 0.448197 25.0 0.451775 26.0 0.455040 27.0 0.458011 28.0 0.460713 29.0 0.463173 30.0 0.465424
0.226509  0.0 0.186592 1.0 0.212227 2.0 0.235293 3.0 0.256103 4.0 0.274931 5.0 0.292019 6.0 0.307579 7.0 0.321794 8.0 0.334823 9.0 0.346807 10.0 0.357854 11.0 0.368083 12.0 0.377572 13.0 0.386394 14.0 0.394613 15.0 0.402278 16.0 0.409431 17.0 0.416111 18.0 0.422340 19.0 0.428147 20.0 0.433548 21.0 0.438565 22.0 0.443206 23.0 0.447485 24.0 0.451420 25.0 0.455022 26.0 0.458310 27.0 0.461302 28.0 0.464023 29.0 0.466500 30.0 0.468767
0.243204  0.0 0.187974 1.0 0.213795 2.0 0.237026 3.0 0.257985 4.0 0.276947 5.0 0.294157 6.0 0.309828 7.0 0.324144 8.0 0.337267 9.0 0.349337 10.0 0.360462 11.0 0.370763 12.0 0.380320 13.0 0.389206 14.0 0.397483 15.0 0.405203 16.0 0.412407 17.0 0.419133 18.0 0.425407 19.0 0.431256 20.0 0.436695 21.0 0.441745 22.0 0.446420 23.0 0.450728 24.0 0.454692 25.0 0.458320 26.0 0.461630 27.0 0.464643 28.0 0.467384 29.0 0.469879 30.0 0.472162
0.261129  0.0 0.189377 1.0 0.215385 2.0 0.238785 3.0 0.259895 4.0 0.278994 5.0 0.296327 6.0 0.312111 7.0 0.326530 8.0 0.339749 9.0 0.351905 10.0 0.363109 11.0 0.373484 12.0 0.383110 13.0 0.392061 14.0 0.400397 15.0 0.408173 16.0 0.415429 17.0 0.422202 18.0 0.428523 19.0 0.434413 20.0 0.439892 21.0 0.444976 22.0 0.449685 23.0 0.454025 24.0 0.458017 25.0 0.461669 26.0 0.465003 27.0 0.468037 28.0 0.470797 29.0 0.473311 30.0 0.475611
0.280376  0.0 0.190801 1.0 0.217000 2.0 0.240571 3.0 0.261834 4.0 0.281072 5.0 0.298531 6.0 0.314430 7.0 0.328954 8.0 0.342268 9.0 0.354512 10.0 0.365798 11.0 0.376247 12.0 0.385943 13.0 0.394960 14.0 0.403356 15.0 0.411188 16.0 0.418499 17.0 0.425319 18.0 0.431687 19.0 0.437620 20.0 0.443138 21.0 0.448260 22.0 0.453001 23.0 0.457374 24.0 0.461393 25.0 0.465072 26.0 0.468429 27.0 0.471485 28.0 0.474265 29.0 0.476797 30.0 0.479115
0.301041  0.0 0.192247 1.0 0.218639 2.0 0.242383 3.0 0.263803 4.0 0.283181 5.0 0.300770 6.0 0.316785 7.0 0.331416 8.0 0.344827 9.0 0.357159 10.0 0.368528 11.0 0.379056 12.0 0.388822 13.0 0.397905 14.0 0.406362 15.0 0.414251 16.0 0.421616 17.0 0.428488 18.0 0.434902 19.0 0.440877 20.0 0.446436 21.0 0.451596 22.0 0.456370 23.0 0.460776 24.0 0.464824 25.0 0.468528 26.0 0.471912 27.0 0.474991 28.0 0.477790 29.0 0.480340 30.0 0.482675
0.323229  0.0 0.193716 1.0 0.220304 2.0 0.244224 3.0 0.265803 4.0 0.285325 5.0 0.303043 6.0 0.319177 7.0 0.333916 8.0 0.347426 9.0 0.359850 10.0 0.371301 11.0 0.381909 12.0 0.391748 13.0 0.400896 14.0 0.409417 15.0 0.417365 16.0 0.424783 17.0 0.431708 18.0 0.438168 19.0 0.444187 20.0 0.449787 21.0 0.454986 22.0 0.459795 23.0 0.464234 24.0 0.468309 25.0 0.472044 26.0 0.475453 27.0 0.478555 28.0 0.481374 29.0 0.483941 30.0 0.486293
0.347053  0.0 0.195208 1.0 0.221995 2.0 0.246095 3.0 0.267835 4.0 0.287502 5.0 0.305352 6.0 0.321606 7.0 0.336455 8.0 0.350066 9.0 0.362584 10.0 0.374120 11.0 0.384807 12.0 0.394720 13.0 0.403935 14.0 0.412522 15.0 0.420529 16.0 0.428001 17.0 0.434979 18.0 0.441486 19.0 0.447550 20.0 0.453192 21.0 0.458431 22.0 0.463277 23.0 0.467747 24.0 0.471854 25.0 0.475618 26.0 0.479051 27.0 0.482176 28.0 0.485017 29.0 0.487604 30.0 0.489971
0.372633  0.0 0.196723 1.0 0.223713 2.0 0.247995 3.0 0.269898 4.0 0.289714 5.0 0.307697 6.0 0.324073 7.0 0.339034 8.0 0.352747 9.0 0.365362 10.0 0.376984 11.0 0.387751 12.0 0.397739 13.0 0.407026 14.0 0.415677 15.0 0.423745 16.0 0.431274 17.0 0.438304 18.0 0.444859 19.0 0.450970 20.0 0.456654 21.0 0.461932 22.0 0.466816 23.0 0.471318 24.0 0.475460 25.0 0.479251 26.0 0.482709 27.0 0.485858 28.0 0.488721 29.0 0.491328 30.0 0.493713
0.400098  0.0 0.198262 1.0 0.225458 2.0 0.249924 3.0 0.271994 4.0 0.291960 5.0 0.310080 6.0 0.326580 7.0 0.341655 8.0 0.355475 9.0 0.368184 10.0 0.379895 11.0 0.390743 12.0 0.400808 13.0 0.410167 14.0 0.418884 15.0 0.427014 16.0 0.434602 17.0 0.441683 18.0 0.448291 19.0 0.454449 20.0 0.460176 21.0 0.465491 22.0 0.470415 23.0 0.474952 24.0 0.479125 25.0 0.482944 26.0 0.486429 27.0 0.489602 28.0 0.492487 29.0 0.495115 30.0 0.497519
0.429587  0.0 0.199825 1.0 0.227230 2.0 0.251885 3.0 0.274123 4.0 0.294243 5.0 0.312503 6.0 0.329130 7.0 0.344321 8.0 0.358246 9.0 0.371052 10.0 0.382853 11.0 0.393785 12.0 0.403927 13.0 0.413360 14.0 0.422144 15.0 0.430337 16.0 0.437984 17.0 0.445120 18.0 0.451780 19.0 0.457985 20.0 0.463757 21.0 0.469115 22.0 0.474074 23.0 0.478648 24.0 0.482852 25.0 0.486700 26.0 0.490212 27.0 0.493409 28.0 0.496317 29.0 0.498966 30.0 0.501390
0.461250  0.0 0.201414 1.0 0.229032 2.0 0.253876 3.0 0.276288 4.0 0.296563 5.0 0.314965 6.0 0.331721 7.0 0.347030 8.0 0.361063 9.0 0.373969 10.0 0.385860 11.0 0.396880 12.0 0.407102 13.0 0.416606 14.0 0.425459 15.0 0.433716 16.0 0.441424 17.0 0.448617 18.0 0.455329 19.0 0.461582 20.0 0.467399 21.0 0.472800 22.0 0.477796 23.0 0.482408 24.0 0.486643 25.0 0.490523 26.0 0.494064 27.0 0.497287 28.0 0.500217 29.0 0.502883 30.0 0.505328
0.495246  0.0 0.203029 1.0 0.230863 2.0 0.255903 3.0 0.278489 4.0 0.298923 5.0 0.317467 6.0 0.334355 7.0 0.349784 8.0 0.363927 9.0 0.376936 10.0 0.388920 11.0 0.400026 12.0 0.410330 13.0 0.419907 14.0 0.428833 15.0 0.437156 16.0 0.444921 17.0 0.452174 18.0 0.458937 19.0 0.465240 20.0 0.471104 21.0 0.476549 22.0 0.481586 23.0 0.486232 24.0 0.490502 25.0 0.494414 26.0 0.497983 27.0 0.501232 28.0 0.504186 29.0 0.506874 30.0 0.509334
0.531749  0.0 0.204670 1.0 0.232725 2.0 0.257962 3.0 0.280726 4.0 0.301321 5.0 0.320011 6.0 0.337032 7.0 0.352583 8.0 0.366839 9.0 0.379953 10.0 0.392032 11.0 0.403226 12.0 0.413612 13.0 0.423269 14.0 0.432265 15.0 0.440654 16.0 0.448484 17.0 0.455793 18.0 0.462609 19.0 0.468964 20.0 0.474875 21.0 0.480362 22.0 0.485442 23.0 0.490123 24.0 0.494431 25.0 0.498374 26.0 0.501971 27.0 0.505246 28.0 0.508225 29.0 0.510936 30.0 0.513417
0.570941  0.0 0.206338 1.0 0.234616 2.0 0.260054 3.0 0.283000 4.0 0.303759 5.0 0.322599 6.0 0.339756 7.0 0.355432 8.0 0.369804 9.0 0.383021 10.0 0.395197 11.0 0.406480 12.0 0.416950 13.0 0.426688 14.0 0.435755 15.0 0.444214 16.0 0.452108 17.0 0.459474 18.0 0.466350 19.0 0.472756 20.0 0.478715 21.0 0.484246 22.0 0.489367 23.0 0.494089 24.0 0.498430 25.0 0.502404 26.0 0.506030 27.0 0.509332 28.0 0.512336 29.0 0.515071 30.0 0.517574
0.613023  0.0 0.208035 1.0 0.236539 2.0 0.262182 3.0 0.285313 4.0 0.306238 5.0 0.325232 6.0 0.342528 7.0 0.358331 8.0 0.372819 9.0 0.386142 10.0 0.398416 11.0 0.409795 12.0 0.420350 13.0 0.430166 14.0 0.439308 15.0 0.447835 16.0 0.455796 17.0 0.463225 18.0 0.470157 19.0 0.476615 20.0 0.482623 21.0 0.488202 22.0 0.493361 23.0 0.498126 24.0 0.502501 25.0 0.506508 26.0 0.510167 27.0 0.513497 28.0 0.516524 29.0 0.519280 30.0 0.521806
0.658206  0.0 0.209761 1.0 0.238497 2.0 0.264348 3.0 0.287666 4.0 0.308762 5.0 0.327909 6.0 0.345346 7.0 0.361279 8.0 0.375885 9.0 0.389322 10.0 0.401694 11.0 0.413168 12.0 0.423811 13.0 0.433706 14.0 0.442928 15.0 0.451527 16.0 0.459550 17.0 0.467044 18.0 0.474032 19.0 0.480543 20.0 0.486602 21.0 0.492229 22.0 0.497435 23.0 0.502236 24.0 0.506649 25.0 0.510692 26.0 0.514382 27.0 0.517740 28.0 0.520793 29.0 0.523573 30.0 0.526115
0.706719  0.0 0.211515 1.0 0.240487 2.0 0.266550 3.0 0.290060 4.0 0.311329 5.0 0.330632 6.0 0.348214 7.0 0.364278 8.0 0.379008 9.0 0.392557 10.0 0.405032 11.0 0.416600 12.0 0.427333 13.0 0.437315 14.0 0.446612 15.0 0.455284 16.0 0.463377 17.0 0.470931 18.0 0.477979 19.0 0.484548 20.0 0.490657 21.0 0.496330 22.0 0.501583 23.0 0.506423 24.0 0.510877 25.0 0.514954 26.0 0.518674 27.0 0.522061 28.0 0.525142 29.0 0.527947 30.0 0.530513
0.758808  0.0 0.213299 1.0 0.242511 2.0 0.268789 3.0 0.292494 4.0 0.313940 5.0 0.333406 6.0 0.351135 7.0 0.367335 8.0 0.382187 9.0 0.395848 10.0 0.408429 11.0 0.420095 12.0 0.430919 13.0 0.440988 14.0 0.450363 15.0 0.459110 16.0 0.467274 17.0 0.474892 18.0 0.482003 19.0 0.488628 20.0 0.494791 21.0 0.500512 22.0 0.505807 23.0 0.510694 24.0 0.515184 25.0 0.519294 26.0 0.523048 27.0 0.526465 28.0 0.529572 29.0 0.532403 30.0 0.534994
0.814736  0.0 0.215116 1.0 0.244571 2.0 0.271069 3.0 0.294974 4.0 0.316599 5.0 0.336229 6.0 0.354108 7.0 0.370445 8.0 0.385424 9.0 0.399203 10.0 0.411888 11.0 0.423657 12.0 0.434576 13.0 0.444727 14.0 0.454187 15.0 0.463009 16.0 0.471243 17.0 0.478931 18.0 0.486102 19.0 0.492784 20.0 0.499001 21.0 0.504775 22.0 0.510116 23.0 0.515046 24.0 0.519573 25.0 0.523725 26.0 0.527512 27.0 0.530960 28.0 0.534095 29.0 0.536949 30.0 0.539561
0.874786  0.0 0.216964 1.0 0.246668 2.0 0.273390 3.0 0.297497 4.0 0.319306 5.0 0.339102 6.0 0.357133 7.0 0.373611 8.0 0.388719 9.0 0.402620 10.0 0.415414 11.0 0.427285 12.0 0.438299 13.0 0.448542 14.0 0.458084 15.0 0.466985 16.0 0.475291 17.0 0.483046 18.0 0.490279 19.0 0.497022 20.0 0.503293 21.0 0.509118 22.0 0.514511 23.0 0.519481 24.0 0.524055 25.0 0.528241 26.0 0.532062 27.0 0.535541 28.0 0.538706 29.0 0.541587 30.0 0.544223
0.939262  0.0 0.218844 1.0 0.248801 2.0 0.275752 3.0 0.300064 4.0 0.322061 5.0 0.342029 6.0 0.360217 7.0 0.376838 8.0 0.392080 9.0 0.406100 10.0 0.419006 11.0 0.430980 12.0 0.442092 13.0 0.452429 14.0 0.462055 15.0 0.471035 16.0 0.479418 17.0 0.487240 18.0 0.494542 19.0 0.501345 20.0 0.507674 21.0 0.513551 22.0 0.518990 23.0 0.524010 24.0 0.528623 25.0 0.532846 26.0 0.536703 27.0 0.540215 28.0 0.543407 29.0 0.546317 30.0 0.548980
1.008491  0.0 0.220759 1.0 0.250974 2.0 0.278157 3.0 0.302681 4.0 0.324869 5.0 0.345011 6.0 0.363359 7.0 0.380126 8.0 0.395502 9.0 0.409647 10.0 0.422665 11.0 0.434750 12.0 0.445963 13.0 0.456389 14.0 0.466105 15.0 0.475167 16.0 0.483624 17.0 0.491522 18.0 0.498888 19.0 0.505753 20.0 0.512140 21.0 0.518074 22.0 0.523563 23.0 0.528629 24.0 0.533283 25.0 0.537550 26.0 0.541444 27.0 0.544989 28.0 0.548212 29.0 0.551147 30.0 0.553832
1.082822  0.0 0.222709 1.0 0.253186 2.0 0.280607 3.0 0.305346 4.0 0.327728 5.0 0.348047 6.0 0.366557 7.0 0.383475 8.0 0.398989 9.0 0.413265 10.0 0.426399 11.0 0.438592 12.0 0.449908 13.0 0.460432 14.0 0.470237 15.0 0.479383 16.0 0.487919 17.0 0.495888 18.0 0.503322 19.0 0.510253 20.0 0.516699 21.0 0.522686 22.0 0.528231 23.0 0.533342 24.0 0.538045 25.0 0.542350 26.0 0.546280 27.0 0.549859 28.0 0.553115 29.0 0.556080 30.0 0.558793
1.162632  0.0 0.224693 1.0 0.255438 2.0 0.283101 3.0 0.308059 4.0 0.330640 5.0 0.351143 6.0 0.369821 7.0 0.386892 8.0 0.402548 9.0 0.416950 10.0 0.430205 11.0 0.442511 12.0 0.453931 13.0 0.464555 14.0 0.474449 15.0 0.483681 16.0 0.492300 17.0 0.500344 18.0 0.507851 19.0 0.514846 20.0 0.521355 21.0 0.527400 22.0 0.532993 23.0 0.538159 24.0 0.542903 25.0 0.547250 26.0 0.551221 27.0 0.554836 28.0 0.558122 29.0 0.561115 30.0 0.563857
1.248324  0.0 0.226716 1.0 0.257734 2.0 0.285644 3.0 0.310826 4.0 0.333612 5.0 0.354299 6.0 0.373147 7.0 0.390375 8.0 0.406174 9.0 0.420713 10.0 0.434087 11.0 0.446511 12.0 0.458039 13.0 0.468760 14.0 0.478753 15.0 0.488073 16.0 0.496771 17.0 0.504895 18.0 0.512471 19.0 0.519534 20.0 0.526105 21.0 0.532212 22.0 0.537864 23.0 0.543075 24.0 0.547870 25.0 0.552261 26.0 0.556270 27.0 0.559921 28.0 0.563242 29.0 0.566267 30.0 0.569033
1.340332  0.0 0.228775 1.0 0.260073 2.0 0.288235 3.0 0.313645 4.0 0.336639 5.0 0.357515 6.0 0.376538 7.0 0.393926 8.0 0.409875 9.0 0.424551 10.0 0.438050 11.0 0.450589 12.0 0.462229 13.0 0.473057 14.0 0.483144 15.0 0.492555 16.0 0.501341 17.0 0.509539 18.0 0.517195 19.0 0.524328 20.0 0.530964 21.0 0.537129 22.0 0.542836 23.0 0.548103 24.0 0.552944 25.0 0.557378 26.0 0.561428 27.0 0.565116 28.0 0.568471 29.0 0.571529 30.0 0.574327
1.439121  0.0 0.230875 1.0 0.262456 2.0 0.290875 3.0 0.316520 4.0 0.339725 5.0 0.360798 6.0 0.379999 7.0 0.397552 8.0 0.413651 9.0 0.428467 10.0 0.442092 11.0 0.454757 12.0 0.466510 13.0 0.477441 14.0 0.487629 15.0 0.497133 16.0 0.506004 17.0 0.514290 18.0 0.522019 19.0 0.529221 20.0 0.535926 21.0 0.542155 22.0 0.547921 23.0 0.553240 24.0 0.558131 25.0 0.562615 26.0 0.566708 27.0 0.570435 28.0 0.573826 29.0 0.576914 30.0 0.579738
1.545192  0.0 0.233014 1.0 0.264886 2.0 0.293568 3.0 0.319451 4.0 0.342875 5.0 0.364143 6.0 0.383527 7.0 0.401248 8.0 0.417505 9.0 0.432467 10.0 0.446224 11.0 0.459010 12.0 0.470881 13.0 0.481923 14.0 0.492213 15.0 0.501812 16.0 0.510775 17.0 0.519140 18.0 0.526950 19.0 0.534229 20.0 0.541001 21.0 0.547293 22.0 0.553120 23.0 0.558496 24.0 0.563440 25.0 0.567968 26.0 0.572103 27.0 0.575870 28.0 0.579299 29.0 0.582424 30.0 0.585283
1.659081  0.0 0.235195 1.0 0.267361 2.0 0.296312 3.0 0.322440 4.0 0.346086 5.0 0.367561 6.0 0.387133 7.0 0.405027 8.0 0.421442 9.0 0.436549 10.0 0.450440 11.0 0.463358 12.0 0.475347 13.0 0.486501 14.0 0.496895 15.0 0.506593 16.0 0.515648 17.0 0.524105 18.0 0.531994 19.0 0.539347 20.0 0.546191 21.0 0.552553 22.0 0.558440 23.0 0.563874 24.0 0.568869 25.0 0.573450 26.0 0.577633 27.0 0.581442 28.0 0.584908 29.0 0.588065 30.0 0.590952
1.781363  0.0 0.237419 1.0 0.269889 2.0 0.299115 3.0 0.325492 4.0 0.349366 5.0 0.371047 6.0 0.390811 7.0 0.408882 8.0 0.425461 9.0 0.440724 10.0 0.454751 11.0 0.467799 12.0 0.479913 13.0 0.491183 14.0 0.501686 15.0 0.511486 16.0 0.520637 17.0 0.529179 18.0 0.537153 19.0 0.544587 20.0 0.551504 21.0 0.557931 22.0 0.563886 23.0 0.569379 24.0 0.574433 25.0 0.579061 26.0 0.583288 27.0 0.587141 28.0 0.590648 29.0 0.593844 30.0 0.596769
1.912659  0.0 0.239686 1.0 0.272464 2.0 0.301971 3.0 0.328604 4.0 0.352711 5.0 0.374609 6.0 0.394570 7.0 0.412823 8.0 0.429571 9.0 0.444986 10.0 0.459155 11.0 0.472340 12.0 0.484581 13.0 0.495969 14.0 0.506583 15.0 0.516489 16.0 0.525737 17.0 0.534376 18.0 0.542436 19.0 0.549948 20.0 0.556942 21.0 0.563444 22.0 0.569463 23.0 0.575018 24.0 0.580127 25.0 0.584813 26.0 0.589091 27.0 0.592989 28.0 0.596537 29.0 0.599768 30.0 0.602725
2.053632  0.0 0.242001 1.0 0.275095 2.0 0.304890 3.0 0.331785 4.0 0.356131 5.0 0.378245 6.0 0.398408 7.0 0.416847 8.0 0.433768 9.0 0.449348 10.0 0.463661 11.0 0.476985 12.0 0.489356 13.0 0.500869 14.0 0.511599 15.0 0.521612 16.0 0.530963 17.0 0.539692 18.0 0.547844 19.0 0.555443 20.0 0.562515 21.0 0.569089 22.0 0.575177 23.0 0.580799 24.0 0.585968 25.0 0.590704 26.0 0.595033 27.0 0.598979 28.0 0.602568 29.0 0.605842 30.0 0.608840
2.204996  0.0 0.244361 1.0 0.277778 2.0 0.307866 3.0 0.335029 4.0 0.359620 5.0 0.381962 6.0 0.402333 7.0 0.420965 8.0 0.438063 9.0 0.453806 10.0 0.468267 11.0 0.481738 12.0 0.494244 13.0 0.505881 14.0 0.516731 15.0 0.526856 16.0 0.536310 17.0 0.545144 18.0 0.553386 19.0 0.561069 20.0 0.568223 21.0 0.574878 22.0 0.581039 23.0 0.586723 24.0 0.591957 25.0 0.596754 26.0 0.601136 27.0 0.605130 28.0 0.608767 29.0 0.612081 30.0 0.615113
2.367515  0.0 0.246771 1.0 0.280519 2.0 0.310908 3.0 0.338347 4.0 0.363190 5.0 0.385759 6.0 0.406343 7.0 0.425171 8.0 0.442454 9.0 0.458371 10.0 0.472985 11.0 0.486601 12.0 0.499247 13.0 0.511019 14.0 0.521990 15.0 0.532231 16.0 0.541796 17.0 0.550727 18.0 0.559069 19.0 0.566844 20.0 0.574083 21.0 0.580815 22.0 0.587046 23.0 0.592807 24.0 0.598101 25.0 0.602957 26.0 0.607397 27.0 0.611443 28.0 0.615126 29.0 0.618481 30.0 0.621557
2.542014  0.0 0.249230 1.0 0.283315 2.0 0.314013 3.0 0.341735 4.0 0.366834 5.0 0.389645 6.0 0.410448 7.0 0.429480 8.0 0.446950 9.0 0.463040 10.0 0.477811 11.0 0.491585 12.0 0.504376 13.0 0.516277 14.0 0.527380 15.0 0.537740 16.0 0.547416 17.0 0.556457 18.0 0.564893 19.0 0.572764 20.0 0.580091 21.0 0.586905 22.0 0.593222 23.0 0.599048 24.0 0.604416 25.0 0.609334 26.0 0.613828 27.0 0.617927 28.0 0.621661 29.0 0.625067 30.0 0.628185
2.729373  0.0 0.251743 1.0 0.286175 2.0 0.317189 3.0 0.345199 4.0 0.370565 5.0 0.393615 6.0 0.414645 7.0 0.433886 8.0 0.451553 9.0 0.467824 10.0 0.482760 11.0 0.496687 12.0 0.509627 13.0 0.521674 14.0 0.532902 15.0 0.543387 16.0 0.553184 17.0 0.562335 18.0 0.570878 19.0 0.578844 20.0 0.586263 21.0 0.593167 22.0 0.599560 23.0 0.605466 24.0 0.610900 25.0 0.615887 26.0 0.620445 27.0 0.624601 28.0 0.628387 29.0 0.631838 30.0 0.634998
2.930542  0.0 0.254309 1.0 0.289094 2.0 0.320433 3.0 0.348741 4.0 0.374378 5.0 0.397682 6.0 0.418944 7.0 0.438401 8.0 0.456265 9.0 0.472726 10.0 0.487828 11.0 0.501923 12.0 0.515017 13.0 0.527207 14.0 0.538576 15.0 0.549190 16.0 0.559106 17.0 0.568367 18.0 0.577021 19.0 0.585091 20.0 0.592606 21.0 0.599598 22.0 0.606076 23.0 0.612064 24.0 0.617572 25.0 0.622625 26.0 0.627249 27.0 0.631465 28.0 0.635305 29.0 0.638806 30.0 0.642017
3.146539  0.0 0.256930 1.0 0.292080 2.0 0.323751 3.0 0.352363 4.0 0.378281 5.0 0.401843 6.0 0.423345 7.0 0.443024 8.0 0.461098 9.0 0.477748 10.0 0.493024 11.0 0.507291 12.0 0.520545 13.0 0.532883 14.0 0.544396 15.0 0.555144 16.0 0.565185 17.0 0.574572 18.0 0.583332 19.0 0.591510 20.0 0.599124 21.0 0.606211 22.0 0.612785 23.0 0.618851 24.0 0.624442 25.0 0.629567 26.0 0.634254 27.0 0.638532 28.0 0.642432 29.0 0.645992 30.0 0.649254
3.378455  0.0 0.259611 1.0 0.295132 2.0 0.327145 3.0 0.356072 4.0 0.382277 5.0 0.406104 6.0 0.427852 7.0 0.447760 8.0 0.466049 9.0 0.482904 10.0 0.498358 11.0 0.512796 12.0 0.526216 13.0 0.538718 14.0 0.550373 15.0 0.561260 16.0 0.571438 17.0 0.580949 18.0 0.589831 19.0 0.598116 20.0 0.605836 21.0 0.613026 22.0 0.619690 23.0 0.625844 24.0 0.631517 25.0 0.636722 26.0 0.641482 27.0 0.645827 28.0 0.649789 29.0 0.653405 30.0 0.656719
3.627465  0.0 0.262350 1.0 0.298252 2.0 0.330616 3.0 0.359866 4.0 0.386368 5.0 0.410471 6.0 0.432475 7.0 0.452622 8.0 0.471130 9.0 0.488193 10.0 0.503831 11.0 0.518456 12.0 0.532049 13.0 0.544711 14.0 0.556523 15.0 0.567557 16.0 0.577871 17.0 0.587508 18.0 0.596517 19.0 0.604921 20.0 0.612751 21.0 0.620045 22.0 0.626805 23.0 0.633057 24.0 0.638811 25.0 0.644101 26.0 0.648939 27.0 0.653355 28.0 0.657383 29.0 0.661059 30.0 0.664429
3.894828  0.0 0.265153 1.0 0.301447 2.0 0.334172 3.0 0.363753 4.0 0.390561 5.0 0.414945 6.0 0.437214 7.0 0.457607 8.0 0.476346 9.0 0.493621 10.0 0.509450 11.0 0.524270 12.0 0.538043 13.0 0.550871 14.0 0.562848 15.0 0.574035 16.0 0.584492 17.0 0.594267 18.0 0.603404 19.0 0.611932 20.0 0.619879 21.0 0.627282 22.0 0.634146 23.0 0.640499 24.0 0.646346 25.0 0.651720 26.0 0.656640 27.0 0.661133 28.0 0.665231 29.0 0.668972 30.0 0.672402
4.181897  0.0 0.268020 1.0 0.304715 2.0 0.337811 3.0 0.367736 4.0 0.394859 5.0 0.419535 6.0 0.442074 7.0 0.462722 8.0 0.481701 9.0 0.499201 10.0 0.515231 11.0 0.530245 12.0 0.544206 13.0 0.557214 14.0 0.569357 15.0 0.580705 16.0 0.591312 17.0 0.601236 18.0 0.610504 19.0 0.619163 20.0 0.627233 21.0 0.634753 22.0 0.641733 23.0 0.648188 24.0 0.654135 25.0 0.659597 26.0 0.664605 27.0 0.669179 28.0 0.673353 29.0 0.677164 30.0 0.680664
4.490125  0.0 0.270953 1.0 0.308061 2.0 0.341538 3.0 0.371816 4.0 0.399265 5.0 0.424245 6.0 0.447068 7.0 0.467979 8.0 0.487203 9.0 0.504939 10.0 0.521175 11.0 0.536393 12.0 0.550550 13.0 0.563748 14.0 0.576064 15.0 0.587580 16.0 0.598348 17.0 0.608425 18.0 0.617838 19.0 0.626631 20.0 0.634830 21.0 0.642476 22.0 0.649577 23.0 0.656140 24.0 0.662196 25.0 0.667755 26.0 0.672854 27.0 0.677516 28.0 0.681771 29.0 0.685659 30.0 0.689234
4.821070  0.0 0.273956 1.0 0.311490 2.0 0.345361 3.0 0.376000 4.0 0.403785 5.0 0.429080 6.0 0.452197 7.0 0.473382 8.0 0.492862 9.0 0.510841 10.0 0.527292 11.0 0.542729 12.0 0.557091 13.0 0.570483 14.0 0.582985 15.0 0.594675 16.0 0.605615 17.0 0.615850 18.0 0.625417 19.0 0.634352 20.0 0.642689 21.0 0.650472 22.0 0.657697 23.0 0.664379 24.0 0.670548 25.0 0.676214 26.0 0.681411 27.0 0.686167 28.0 0.690511 29.0 0.694482 30.0 0.698136
5.176408  0.0 0.277033 1.0 0.315003 2.0 0.349279 3.0 0.380296 4.0 0.408428 5.0 0.434044 6.0 0.457466 7.0 0.478937 8.0 0.498687 9.0 0.516916 10.0 0.533591 11.0 0.549258 12.0 0.563835 13.0 0.577432 14.0 0.590130 15.0 0.602007 16.0 0.613124 17.0 0.623528 18.0 0.633258 19.0 0.642348 20.0 0.650832 21.0 0.658756 22.0 0.666116 23.0 0.672925 24.0 0.679216 25.0 0.684996 26.0 0.690302 27.0 0.695160 28.0 0.699599 29.0 0.703661 30.0 0.707399
5.557937  0.0 0.280184 1.0 0.318603 2.0 0.353297 3.0 0.384703 4.0 0.413196 5.0 0.439146 6.0 0.462884 7.0 0.484653 8.0 0.504684 9.0 0.523176 10.0 0.540084 11.0 0.555992 12.0 0.570796 13.0 0.584608 14.0 0.597514 15.0 0.609588 16.0 0.620894 17.0 0.631477 18.0 0.641381 19.0 0.650635 20.0 0.659276 21.0 0.667353 22.0 0.674858 23.0 0.681805 24.0 0.688226 25.0 0.694129 26.0 0.699555 27.0 0.704523 28.0 0.709068 29.0 0.713229 30.0 0.717055
5.967586  0.0 0.283413 1.0 0.322294 2.0 0.357420 3.0 0.389229 4.0 0.418095 5.0 0.444396 6.0 0.468460 7.0 0.490539 8.0 0.510864 9.0 0.529632 10.0 0.546786 11.0 0.562944 12.0 0.577988 13.0 0.592028 14.0 0.605153 15.0 0.617437 16.0 0.628943 17.0 0.639719 18.0 0.649806 19.0 0.659236 20.0 0.668047 21.0 0.676287 22.0 0.683949 23.0 0.691048 24.0 0.697608 25.0 0.703647 26.0 0.709202 27.0 0.714291 28.0 0.718950 29.0 0.723221 30.0 0.727151
6.407428  0.0 0.286725 1.0 0.326084 2.0 0.361655 3.0 0.393878 4.0 0.423133 5.0 0.449798 6.0 0.474206 7.0 0.496605 8.0 0.517238 9.0 0.536298 10.0 0.553709 11.0 0.570131 12.0 0.585428 13.0 0.599709 14.0 0.613067 15.0 0.625573 16.0 0.637294 17.0 0.648276 18.0 0.658560 19.0 0.668180 20.0 0.677176 21.0 0.685589 22.0 0.693421 23.0 0.700685 24.0 0.707395 25.0 0.713588 26.0 0.719281 27.0 0.724501 28.0 0.729286 29.0 0.733677 30.0 0.737724
6.879689  0.0 0.290123 1.0 0.329974 2.0 0.366006 3.0 0.398659 4.0 0.428315 5.0 0.455360 6.0 0.480127 7.0 0.502864 8.0 0.523818 9.0 0.543185 10.0 0.560865 11.0 0.577567 12.0 0.593132 13.0 0.607671 14.0 0.621275 15.0 0.634019 16.0 0.645969 17.0 0.657175 18.0 0.667669 19.0 0.677499 20.0 0.686692 21.0 0.695299 22.0 0.703307 23.0 0.710752 24.0 0.717631 25.0 0.723988 26.0 0.729830 27.0 0.735194 28.0 0.740117 29.0 0.744642 30.0 0.748818
7.386758  0.0 0.293610 1.0 0.333968 2.0 0.370478 3.0 0.403579 4.0 0.433652 5.0 0.461093 6.0 0.486234 7.0 0.509326 8.0 0.530618 9.0 0.550308 10.0 0.568272 11.0 0.585271 12.0 0.601120 13.0 0.615935 14.0 0.629802 15.0 0.642801 16.0 0.654997 17.0 0.666444 18.0 0.677169 19.0 0.687223 20.0 0.696629 21.0 0.705447 22.0 0.713660 23.0 0.721289 24.0 0.728363 25.0 0.734890 26.0 0.740900 27.0 0.746432 28.0 0.751512 29.0 0.756182 30.0 0.760493
7.931200  0.0 0.297189 1.0 0.338071 2.0 0.375077 3.0 0.408643 4.0 0.439152 5.0 0.467004 6.0 0.492538 7.0 0.516003 8.0 0.537653 9.0 0.557684 10.0 0.575947 11.0 0.593262 12.0 0.609415 13.0 0.624524 14.0 0.638673 15.0 0.651954 16.0 0.664415 17.0 0.676114 18.0 0.687097 19.0 0.697389 20.0 0.707026 21.0 0.716075 22.0 0.724514 23.0 0.732357 24.0 0.739631 25.0 0.746357 26.0 0.752563 27.0 0.758271 28.0 0.763520 29.0 0.768356 30.0 0.772830
8.515771  0.0 0.300866 1.0 0.342290 2.0 0.379809 3.0 0.413860 4.0 0.444823 5.0 0.473107 6.0 0.499052 7.0 0.522912 8.0 0.544939 9.0 0.565334 10.0 0.583915 11.0 0.601563 12.0 0.618039 13.0 0.633466 14.0 0.647927 15.0 0.661503 16.0 0.674255 17.0 0.686233 18.0 0.697486 19.0 0.708037 20.0 0.717937 21.0 0.727238 22.0 0.735915 23.0 0.744004 24.0 0.751506 25.0 0.758452 26.0 0.764856 27.0 0.770772 28.0 0.776218 29.0 0.781239 30.0 0.785887
9.143428  0.0 0.304644 1.0 0.346629 2.0 0.384681 3.0 0.419237 4.0 0.450675 5.0 0.479411 6.0 0.505790 7.0 0.530068 8.0 0.552493 9.0 0.573276 10.0 0.592194 11.0 0.610197 12.0 0.627030 13.0 0.642791 14.0 0.657589 15.0 0.671484 16.0 0.684551 17.0 0.696841 18.0 0.708387 19.0 0.719240 20.0 0.729419 21.0 0.739000 22.0 0.747955 23.0 0.756297 24.0 0.764052 25.0 0.771243 26.0 0.777893 27.0 0.784026 28.0 0.789683 29.0 0.794912 30.0 0.799766
9.817346  0.0 0.308528 1.0 0.351095 2.0 0.389702 3.0 0.424783 4.0 0.456721 5.0 0.485931 6.0 0.512766 7.0 0.537487 8.0 0.560335 9.0 0.581532 10.0 0.600810 11.0 0.619204 12.0 0.636413 13.0 0.652546 14.0 0.667694 15.0 0.681947 16.0 0.695359 17.0 0.707979 18.0 0.719866 19.0 0.731028 20.0 0.741526 21.0 0.751420 22.0 0.760674 23.0 0.769312 24.0 0.777359 25.0 0.784814 26.0 0.791736 27.0 0.798129 28.0 0.804035 29.0 0.809501 30.0 0.814583
10.540936  0.0 0.312525 1.0 0.355695 2.0 0.394878 3.0 0.430510 4.0 0.462971 5.0 0.492679 6.0 0.520003 7.0 0.545190 8.0 0.568486 9.0 0.590127 10.0 0.609789 11.0 0.628606 12.0 0.646220 13.0 0.662756 14.0 0.678305 15.0 0.692941 16.0 0.706732 17.0 0.719731 18.0 0.731972 19.0 0.743502 20.0 0.754341 21.0 0.764580 22.0 0.774178 23.0 0.783152 24.0 0.791514 25.0 0.799287 26.0 0.806501 27.0 0.813188 28.0 0.819375 29.0 0.825112 30.0 0.830455
11.317858  0.0 0.316639 1.0 0.360435 2.0 0.400220 3.0 0.436427 4.0 0.469439 5.0 0.499672 6.0 0.527514 7.0 0.553196 8.0 0.576984 9.0 0.599093 10.0 0.619172 11.0 0.638436 12.0 0.656505 13.0 0.673478 14.0 0.689454 15.0 0.704521 16.0 0.718733 17.0 0.732141 18.0 0.744790 19.0 0.756720 20.0 0.767956 21.0 0.778588 22.0 0.788568 23.0 0.797913 24.0 0.806636 25.0 0.814764 26.0 0.822321 27.0 0.829339 28.0 0.835846 29.0 0.841891 30.0 0.847534
12.152043  0.0 0.320876 1.0 0.365323 2.0 0.405736 3.0 0.442549 4.0 0.476139 5.0 0.506933 6.0 0.535319 7.0 0.561533 8.0 0.585845 9.0 0.608470 10.0 0.628992 11.0 0.648756 12.0 0.667306 13.0 0.684762 14.0 0.701223 15.0 0.716752 16.0 0.731430 17.0 0.745300 18.0 0.758414 19.0 0.770785 20.0 0.782466 21.0 0.793542 22.0 0.803956 23.0 0.813726 24.0 0.822866 25.0 0.831392 26.0 0.839350 27.0 0.846742 28.0 0.853612 29.0 0.860026 30.0 0.866020
13.047712  0.0 0.325243 1.0 0.370367 2.0 0.411436 3.0 0.448887 4.0 0.483085 5.0 0.514476 6.0 0.543440 7.0 0.570234 8.0 0.595102 9.0 0.618281 10.0 0.639292 11.0 0.659594 12.0 0.678690 13.0 0.696681 14.0 0.713666 15.0 0.729729 16.0 0.744925 17.0 0.759315 18.0 0.772940 19.0 0.785817 20.0 0.798000 21.0 0.809578 22.0 0.820486 23.0 0.830744 24.0 0.840365 25.0 0.849360 26.0 0.857762 27.0 0.865596 28.0 0.872907 29.0 0.879729 30.0 0.886123
14.009397  0.0 0.329746 1.0 0.375575 2.0 0.417333 3.0 0.455455 4.0 0.490298 5.0 0.522320 6.0 0.551917 7.0 0.579319 8.0 0.604806 9.0 0.628593 10.0 0.650125 11.0 0.671029 12.0 0.690713 13.0 0.709299 14.0 0.726873 15.0 0.743531 16.0 0.759315 17.0 0.774290 18.0 0.788496 19.0 0.801954 20.0 0.814703 21.0 0.826858 22.0 0.838343 23.0 0.849159 24.0 0.859321 25.0 0.868864 26.0 0.877794 27.0 0.886139 28.0 0.893943 29.0 0.901259 30.0 0.908130
15.041963  0.0 0.334392 1.0 0.380957 2.0 0.423442 3.0 0.462266 4.0 0.497802 5.0 0.530499 6.0 0.560765 7.0 0.588841 8.0 0.614986 9.0 0.639439 10.0 0.661553 11.0 0.683117 12.0 0.703457 13.0 0.722709 14.0 0.740950 15.0 0.758275 16.0 0.774722 17.0 0.790366 18.0 0.805230 19.0 0.819357 20.0 0.832762 21.0 0.845594 22.0 0.857732 23.0 0.869197 24.0 0.880007 25.0 0.890174 26.0 0.899710 27.0 0.908663 28.0 0.917050 29.0 0.924940 30.0 0.932371
16.150634  0.0 0.339189 1.0 0.386527 2.0 0.429772 3.0 0.469347 4.0 0.505611 5.0 0.539034 6.0 0.570031 7.0 0.598825 8.0 0.625702 9.0 0.650884 10.0 0.673638 11.0 0.695939 12.0 0.717021 13.0 0.737022 14.0 0.756018 15.0 0.774093 16.0 0.791313 17.0 0.807720 18.0 0.823350 19.0 0.838228 20.0 0.852399 21.0 0.866002 22.0 0.878915 23.0 0.891141 24.0 0.902699 25.0 0.913603 26.0 0.923868 27.0 0.933522 28.0 0.942618 29.0 0.951178 30.0 0.959274
17.341020  0.0 0.344149 1.0 0.392293 2.0 0.436338 3.0 0.476711 4.0 0.513758 5.0 0.547961 6.0 0.579741 7.0 0.609338 8.0 0.637016 9.0 0.663010 10.0 0.686465 11.0 0.709593 12.0 0.731513 13.0 0.752363 14.0 0.772218 15.0 0.791159 16.0 0.809252 17.0 0.826530 18.0 0.843048 19.0 0.858816 20.0 0.873885 21.0 0.888392 22.0 0.902210 23.0 0.915330 24.0 0.927772 25.0 0.939552 26.0 0.950688 27.0 0.961198 28.0 0.971106 29.0 0.980504 30.0 0.989401
18.619144  0.0 0.349279 1.0 0.398267 2.0 0.443164 3.0 0.484380 4.0 0.522267 5.0 0.557312 6.0 0.589960 7.0 0.620427 8.0 0.648992 9.0 0.675892 10.0 0.700133 11.0 0.724194 12.0 0.747070 13.0 0.768878 14.0 0.789714 15.0 0.809662 16.0 0.828773 17.0 0.847082 18.0 0.864626 19.0 0.881437 20.0 0.897551 21.0 0.913140 22.0 0.928016 23.0 0.942219 24.0 0.955728 25.0 0.968557 26.0 0.980727 27.0 0.992260 28.0 1.003182 29.0 1.013574 30.0 1.023459
19.991472  0.0 0.354587 1.0 0.404466 2.0 0.450261 3.0 0.492384 4.0 0.531177 5.0 0.567140 6.0 0.600730 7.0 0.632160 8.0 0.661714 9.0 0.689628 10.0 0.714758 11.0 0.739875 12.0 0.763841 13.0 0.786769 14.0 0.808750 15.0 0.829859 16.0 0.850152 17.0 0.869664 18.0 0.888439 19.0 0.906486 20.0 0.923838 21.0 0.940699 22.0 0.956882 23.0 0.972360 24.0 0.987156 25.0 1.001260 26.0 1.014696 27.0 1.027489 28.0 1.039672 29.0 1.051287 30.0 1.062395
21.464947  0.0 0.360088 1.0 0.410905 2.0 0.457656 3.0 0.500749 4.0 0.540518 5.0 0.577485 6.0 0.612116 7.0 0.644619 8.0 0.675282 9.0 0.704351 10.0 0.730474 11.0 0.756816 12.0 0.782037 13.0 0.806253 14.0 0.829571 15.0 0.852046 16.0 0.873741 17.0 0.894689 18.0 0.914916 19.0 0.934429 20.0 0.953287 21.0 0.971706 22.0 0.989446 23.0 1.006509 24.0 1.022865 25.0 1.038562 26.0 1.053574 27.0 1.067935 28.0 1.081681 29.0 1.094862 30.0 1.107539
23.047026  0.0 0.365793 1.0 0.417598 2.0 0.465366 3.0 0.509504 4.0 0.550338 5.0 0.588407 6.0 0.624193 7.0 0.657897 8.0 0.689809 9.0 0.720199 10.0 0.747468 11.0 0.775206 12.0 0.801896 13.0 0.827633 14.0 0.852517 15.0 0.876614 16.0 0.899983 17.0 0.922643 18.0 0.944636 19.0 0.965948 20.0 0.986637 21.0 1.006964 22.0 1.026636 23.0 1.045647 24.0 1.063981 25.0 1.081658 26.0 1.098664 27.0 1.115044 28.0 1.130809 29.0 1.146016 30.0 1.160737
24.745712  0.0 0.371714 1.0 0.424568 2.0 0.473429 3.0 0.518697 4.0 0.560692 5.0 0.599975 6.0 0.637050 7.0 0.672105 8.0 0.705461 9.0 0.737352 10.0 0.765935 11.0 0.795318 12.0 0.823732 13.0 0.851270 14.0 0.878029 15.0 0.904071 16.0 0.929461 17.0 0.954217 18.0 0.978350 19.0 1.001876 20.0 1.024835 21.0 1.047544 22.0 1.069643 23.0 1.091139 24.0 1.112004 25.0 1.132256 26.0 1.151884 27.0 1.170888 28.0 1.189358 29.0 1.207294 30.0 1.224784
26.569601  0.0 0.377870 1.0 0.431835 2.0 0.481866 3.0 0.528363 4.0 0.571635 5.0 0.612269 6.0 0.650789 7.0 0.687399 8.0 0.722387 9.0 0.756032 10.0 0.786152 11.0 0.817480 12.0 0.847924 13.0 0.877627 14.0 0.906654 15.0 0.935070 16.0 0.962940 17.0 0.990264 18.0 1.017088 19.0 1.043388 20.0 1.069218 21.0 1.094989 22.0 1.120240 23.0 1.144987 24.0 1.169192 25.0 1.192865 26.0 1.216021 27.0 1.238681 28.0 1.260877 29.0 1.282661 30.0 1.304146
28.527919  0.0 0.384273 1.0 0.439419 2.0 0.490714 3.0 0.538554 4.0 0.583235 5.0 0.625382 6.0 0.665556 7.0 0.703926 8.0 0.740822 9.0 0.776527 10.0 0.808451 11.0 0.842085 12.0 0.875006 13.0 0.907328 14.0 0.939126 15.0 0.970480 16.0 1.001444 17.0 1.032036 18.0 1.062256 19.0 1.092136 20.0 1.121719 21.0 1.151503 22.0 1.180967 23.0 1.210096 24.0 1.238908 25.0 1.267392 26.0 1.295572 27.0 1.323469 28.0 1.351184 29.0 1.378769 30.0 1.406342
30.630576  0.0 0.390942 1.0 0.447355 2.0 0.500015 3.0 0.549329 4.0 0.595585 5.0 0.639434 6.0 0.681485 7.0 0.721908 8.0 0.761048 9.0 0.799182 10.0 0.833257 11.0 0.869692 12.0 0.905628 13.0 0.941178 14.0 0.976447 15.0 1.011514 16.0 1.046423 17.0 1.081213 18.0 1.115912 19.0 1.150528 20.0 1.185153 21.0 1.220461 22.0 1.255792 23.0 1.291191 24.0 1.326685 25.0 1.362305 26.0 1.398119 27.0 1.433637 28.0 1.460477 29.0 1.484636 30.0 1.507959
32.888209  0.0 0.397903 1.0 0.455670 2.0 0.509816 3.0 0.560755 4.0 0.608776 5.0 0.654563 6.0 0.698786 7.0 0.741618 8.0 0.783407 9.0 0.824468 10.0 0.861141 11.0 0.901019 12.0 0.940689 13.0 0.980324 14.0 1.020011 15.0 1.059861 16.0 1.099948 17.0 1.140337 18.0 1.181109 19.0 1.222293 20.0 1.264055 21.0 1.307324 22.0 1.351378 23.0 1.393854 24.0 1.425963 25.0 1.456919 26.0 1.486721 27.0 1.515379 28.0 1.542932 29.0 1.569442 30.0 1.595013
35.312242  0.0 0.405173 1.0 0.464399 2.0 0.520173 3.0 0.572920 4.0 0.622928 5.0 0.670948 6.0 0.717708 7.0 0.763381 8.0 0.808357 9.0 0.852976 10.0 0.892839 11.0 0.937026 12.0 0.981457 13.0 1.026330 14.0 1.071806 15.0 1.118037 16.0 1.165181 17.0 1.213380 18.0 1.262783 19.0 1.313570 20.0 1.357063 21.0 1.395679 22.0 1.433162 23.0 1.469449 24.0 1.504489 25.0 1.538248 26.0 1.570706 27.0 1.601871 28.0 1.631778 29.0 1.660499 30.0 1.688144
37.914938  0.0 0.412780 1.0 0.473582 2.0 0.531148 3.0 0.585921 4.0 0.638193 5.0 0.688798 6.0 0.738556 7.0 0.787637 8.0 0.836492 9.0 0.885545 10.0 0.929408 11.0 0.979078 12.0 1.029688 13.0 1.081535 14.0 1.134863 15.0 1.189986 16.0 1.247196 17.0 1.298693 18.0 1.343220 19.0 1.386684 20.0 1.429097 21.0 1.471059 22.0 1.511728 23.0 1.551029 24.0 1.588900 25.0 1.625297 26.0 1.660321 27.0 1.697049 28.0 1.733357 29.0 1.768404 30.0 1.802273
40.709467  0.0 0.420754 1.0 0.483266 2.0 0.542812 3.0 0.599874 4.0 0.654756 5.0 0.708387 6.0 0.761725 7.0 0.814958 8.0 0.868646 9.0 0.923284 10.0 0.972277 11.0 1.029147 12.0 1.088092 13.0 1.149537 14.0 1.213556 15.0 1.265864 16.0 1.316249 17.0 1.365610 18.0 1.413849 19.0 1.460859 20.0 1.506638 21.0 1.551811 22.0 1.595466 23.0 1.640609 24.0 1.686023 25.0 1.729909 26.0 1.772185 27.0 1.812802 28.0 1.851760 29.0 1.889095 30.0 1.924920
43.709968  0.0 0.429128 1.0 0.493506 2.0 0.555263 3.0 0.614927 4.0 0.672844 5.0 0.730075 6.0 0.787752 7.0 0.846138 8.0 0.905929 9.0 0.967825 10.0 1.023580 11.0 1.090255 12.0 1.159957 13.0 1.217994 14.0 1.274490 15.0 1.330010 16.0 1.384428 17.0 1.437620 18.0 1.489457 19.0 1.539813 20.0 1.592792 21.0 1.646582 22.0 1.698840 23.0 1.749382 24.0 1.798044 25.0 1.844705 26.0 1.889284 27.0 1.924608 28.0 1.951917 29.0 1.977597 30.0 nan
46.931621  0.0 0.437940 1.0 0.504371 2.0 0.568601 3.0 0.631265 4.0 0.692754 5.0 0.754311 6.0 0.817343 7.0 0.882239 8.0 0.949972 9.0 1.021546 10.0 1.086591 11.0 1.153454 12.0 1.216297 13.0 1.278254 14.0 1.339152 15.0 1.398830 16.0 1.457127 17.0 1.516498 18.0 1.577669 19.0 1.637445 20.0 1.695703 21.0 1.753163 22.0 1.808500 23.0 1.857373 24.0 1.893322 25.0 1.926513 26.0 1.957603 27.0 1.986732 28.0 nan 29.0 nan 30.0 nan
50.390726  0.0 0.447235 1.0 0.515927 2.0 0.582971 3.0 0.649116 4.0 0.714856 5.0 0.781719 6.0 0.851489 7.0 0.924833 8.0 1.003171 9.0 1.078974 10.0 1.140010 11.0 1.208629 12.0 1.276318 13.0 1.342837 14.0 1.407969 15.0 1.476013 16.0 1.544630 17.0 1.611818 18.0 1.677246 19.0 1.740599 20.0 1.797124 21.0 1.839599 22.0 1.879629 23.0 1.917308 24.0 1.952679 25.0 1.985813 26.0 nan 27.0 nan 28.0 nan 29.0 nan 30.0 nan
54.104786  0.0 0.457065 1.0 0.528278 2.0 0.598527 3.0 0.668762 4.0 0.739649 5.0 0.813129 6.0 0.891585 7.0 0.976208 8.0 1.053205 9.0 1.128582 10.0 1.194140 11.0 1.267833 12.0 1.340226 13.0 1.415375 14.0 1.491732 15.0 1.566684 16.0 1.639779 17.0 1.710609 18.0 1.762104 19.0 1.809116 20.0 1.853632 21.0 1.896172 22.0 1.936217 23.0 1.973782 24.0 nan 25.0 nan 26.0 nan 27.0 nan 28.0 nan 29.0 nan 30.0 nan
58.092591  0.0 0.467492 1.0 0.541525 2.0 0.615485 3.0 0.690592 4.0 0.767818 5.0 0.849727 6.0 0.938544 7.0 1.019704 8.0 1.100927 9.0 1.181875 10.0 1.251955 11.0 1.332687 12.0 1.417054 13.0 1.500190 14.0 1.581472 15.0 1.657255 16.0 1.713314 17.0 1.766012 18.0 1.815895 19.0 1.863000 20.0 1.907449 21.0 1.949850 22.0 1.989609 23.0 nan 24.0 nan 25.0 nan 26.0 nan 27.0 nan 28.0 nan 29.0 nan 30.0 nan
62.374318  0.0 0.478585 1.0 0.555803 2.0 0.634090 3.0 0.715107 4.0 0.800278 5.0 0.891514 6.0 0.977894 7.0 1.064964 8.0 1.152044 9.0 1.238738 10.0 1.318616 11.0 1.410263 12.0 1.500321 13.0 1.586881 14.0 1.649385 15.0 1.708500 16.0 1.764393 17.0 1.817200 18.0 1.866998 19.0 1.913937 20.0 1.958133 21.0 nan 22.0 nan 23.0 nan 24.0 nan 25.0 nan 26.0 nan 27.0 nan 28.0 nan 29.0 nan 30.0 nan
66.971631  0.0 0.490427 1.0 0.571280 2.0 0.654691 3.0 0.742978 4.0 0.837013 5.0 0.927374 6.0 1.020112 7.0 1.113346 8.0 1.208199 9.0 1.308093 10.0 1.393984 11.0 1.491165 12.0 1.568487 13.0 1.635067 14.0 1.697872 15.0 1.757126 16.0 1.812954 17.0 1.865555 18.0 1.915052 19.0 1.961611 20.0 nan 21.0 nan 22.0 nan 23.0 nan 24.0 nan 25.0 nan 26.0 nan 27.0 nan 28.0 nan 29.0 nan 30.0 nan
71.907790  0.0 0.503125 1.0 0.588165 2.0 0.677731 3.0 0.774822 4.0 0.869147 5.0 0.965968 6.0 1.065197 7.0 1.167548 8.0 1.274673 9.0 1.381247 10.0 1.467958 11.0 1.543427 12.0 1.614428 13.0 1.681215 14.0 1.744004 15.0 1.803072 16.0 1.858559 17.0 1.910744 18.0 1.959352 19.0 nan 20.0 nan 21.0 nan 22.0 nan 23.0 nan 24.0 nan 25.0 nan 26.0 nan 27.0 nan 28.0 nan 29.0 nan 30.0 nan
77.207770  0.0 0.516807 1.0 0.606721 2.0 0.703799 3.0 0.802834 4.0 0.903684 5.0 1.007185 6.0 1.115956 7.0 1.230218 8.0 1.344266 9.0 1.438324 10.0 1.511262 11.0 1.587137 12.0 1.658257 13.0 1.724913 14.0 1.787380 15.0 1.845973 16.0 1.900103 17.0 1.948567 18.0 1.993969 19.0 nan 20.0 nan 21.0 nan 22.0 nan 23.0 nan 24.0 nan 25.0 nan 26.0 nan 27.0 nan 28.0 nan 29.0 nan 30.0 nan
82.898386  0.0 0.531621 1.0 0.627303 2.0 0.728285 3.0 0.832903 4.0 0.940580 5.0 1.053084 6.0 1.174112 7.0 1.295717 8.0 1.393130 9.0 1.479246 10.0 1.552803 11.0 1.628704 12.0 1.699585 13.0 1.765811 14.0 1.826988 15.0 1.881558 16.0 1.932707 17.0 1.980613 18.0 nan 19.0 nan 20.0 nan 21.0 nan 22.0 nan 23.0 nan 24.0 nan 25.0 nan 26.0 nan 27.0 nan 28.0 nan 29.0 nan 30.0 nan
89.008430  0.0 0.547759 1.0 0.648015 2.0 0.753556 3.0 0.865034 4.0 0.980730 5.0 1.105982 6.0 1.234975 7.0 1.339461 8.0 1.431941 9.0 1.518354 10.0 1.592209 11.0 1.667807 12.0 1.737881 13.0 1.800368 14.0 1.858132 15.0 1.912198 16.0 1.962719 17.0 nan 18.0 nan 19.0 nan 20.0 nan 21.0 nan 22.0 nan 23.0 nan 24.0 nan 25.0 nan 26.0 nan 27.0 nan 28.0 nan 29.0 nan 30.0 nan
95.568816  0.0 0.564402 1.0 0.668576 2.0 0.780537 3.0 0.899147 4.0 1.027741 5.0 1.161587 6.0 1.276647 7.0 1.376213 8.0 1.469014 9.0 1.555357 10.0 1.629208 11.0 1.702620 12.0 1.768422 13.0 1.829672 14.0 1.886843 15.0 1.940143 16.0 1.990022 17.0 nan 18.0 nan 19.0 nan 20.0 nan 21.0 nan 22.0 nan 23.0 nan 24.0 nan 25.0 nan 26.0 nan 27.0 nan 28.0 nan 29.0 nan 30.0 nan
102.612737  0.0 0.580800 1.0 0.690463 2.0 0.809211 3.0 0.939231 4.0 1.077462 5.0 1.203964 6.0 1.311343 7.0 1.411326 8.0 1.504048 9.0 1.589612 10.0 1.660592 11.0 1.730793 12.0 1.795946 13.0 1.856540 14.0 1.912998 15.0 1.965663 16.0 nan 17.0 nan 18.0 nan 19.0 nan 20.0 nan 21.0 nan 22.0 nan 23.0 nan 24.0 nan 25.0 nan 26.0 nan 27.0 nan 28.0 nan 29.0 nan 30.0 nan
110.175832  0.0 0.598160 1.0 0.713698 2.0 0.840912 3.0 0.982332 4.0 1.121874 5.0 1.236598 6.0 1.344555 7.0 1.444506 8.0 1.536414 9.0 1.617200 10.0 1.687253 11.0 1.756791 12.0 1.821146 13.0 1.881041 14.0 1.937221 15.0 1.989519 16.0 nan 17.0 nan 18.0 nan 19.0 nan 20.0 nan 21.0 nan 22.0 nan 23.0 nan 24.0 nan 25.0 nan 26.0 nan 27.0 nan 28.0 nan 29.0 nan 30.0 nan
118.296366  0.0 0.616517 1.0 0.738260 2.0 0.876646 3.0 1.027450 4.0 1.152342 5.0 1.267946 6.0 1.376050 7.0 1.474850 8.0 1.561965 9.0 1.642063 10.0 1.711790 11.0 1.780545 12.0 1.844339 13.0 1.903920 14.0 1.959154 15.0 nan 16.0 nan 17.0 nan 18.0 nan 19.0 nan 20.0 nan 21.0 nan 22.0 nan 23.0 nan 24.0 nan 25.0 nan 26.0 nan 27.0 nan 28.0 nan 29.0 nan 30.0 nan
127.015426  0.0 0.635877 1.0 0.766167 2.0 0.914477 3.0 1.057480 4.0 1.181751 5.0 1.297776 6.0 1.405144 7.0 1.499316 8.0 1.585640 9.0 1.664911 10.0 1.734139 11.0 1.802625 12.0 1.865796 13.0 1.924220 14.0 1.976953 15.0 nan 16.0 nan 17.0 nan 18.0 nan 19.0 nan 20.0 nan 21.0 nan 22.0 nan 23.0 nan 24.0 nan 25.0 nan 26.0 nan 27.0 nan 28.0 nan 29.0 nan 30.0 nan
136.377126  0.0 0.656668 1.0 0.796299 2.0 0.950899 3.0 1.084811 4.0 1.209881 5.0 1.325725 6.0 1.428512 7.0 1.521803 8.0 1.607333 9.0 1.685904 10.0 1.755189 11.0 1.822477 12.0 1.883806 13.0 1.938546 14.0 1.988660 15.0 nan 16.0 nan 17.0 nan 18.0 nan 19.0 nan 20.0 nan 21.0 nan 22.0 nan 23.0 nan 24.0 nan 25.0 nan 26.0 nan 27.0 nan 28.0 nan 29.0 nan 30.0 nan
146.428832  0.0 0.679804 1.0 0.828087 2.0 0.975881 3.0 1.111130 4.0 1.236478 5.0 1.348656 6.0 1.449999 7.0 1.542465 8.0 1.627371 9.0 1.705448 10.0 1.773762 11.0 1.838420 12.0 1.895854 13.0 1.949275 14.0 1.998634 15.0 nan 16.0 nan 17.0 nan 18.0 nan 19.0 nan 20.0 nan 21.0 nan 22.0 nan 23.0 nan 24.0 nan 25.0 nan 26.0 nan 27.0 nan 28.0 nan 29.0 nan 30.0 nan
157.221402  0.0 0.704288 1.0 0.857409 2.0 1.000169 3.0 1.136219 4.0 1.259542 5.0 1.369240 6.0 1.469782 7.0 1.561573 8.0 1.645819 9.0 1.722515 10.0 1.787297 11.0 1.848976 12.0 1.905520 13.0 1.958095 14.0 nan 15.0 nan 16.0 nan 17.0 nan 18.0 nan 19.0 nan 20.0 nan 21.0 nan 22.0 nan 23.0 nan 24.0 nan 25.0 nan 26.0 nan 27.0 nan 28.0 nan 29.0 nan 30.0 nan
168.809440  0.0 0.730010 1.0 0.879204 2.0 1.023584 3.0 1.159615 4.0 1.279322 5.0 1.388233 6.0 1.488013 7.0 1.579194 8.0 1.661171 9.0 1.733427 10.0 1.797261 11.0 1.857875 12.0 1.913861 13.0 1.965364 14.0 nan 15.0 nan 16.0 nan 17.0 nan 18.0 nan 19.0 nan 20.0 nan 21.0 nan 22.0 nan 23.0 nan 24.0 nan 25.0 nan 26.0 nan 27.0 nan 28.0 nan 29.0 nan 30.0 nan
181.251578  0.0 0.752993 1.0 0.900468 2.0 1.045924 3.0 1.178915 4.0 1.297643 5.0 1.405705 6.0 1.505016 7.0 1.594259 8.0 1.671789 9.0 1.742350 10.0 1.805788 11.0 1.865473 12.0 1.920615 13.0 1.971578 14.0 nan 15.0 nan 16.0 nan 17.0 nan 18.0 nan 19.0 nan 20.0 nan 21.0 nan 22.0 nan 23.0 nan 24.0 nan 25.0 nan 26.0 nan 27.0 nan 28.0 nan 29.0 nan 30.0 nan
194.610765  0.0 0.771474 1.0 0.921038 2.0 1.066326 3.0 1.196563 4.0 1.314468 5.0 1.422160 6.0 1.519120 7.0 1.604027 8.0 1.680519 9.0 1.749961 10.0 1.812854 11.0 1.871643 12.0 1.925775 13.0 1.976705 14.0 nan 15.0 nan 16.0 nan 17.0 nan 18.0 nan 19.0 nan 20.0 nan 21.0 nan 22.0 nan 23.0 nan 24.0 nan 25.0 nan 26.0 nan 27.0 nan 28.0 nan 29.0 nan 30.0 nan
208.954595  0.0 0.789585 1.0 0.940758 2.0 1.083459 3.0 1.212891 4.0 1.330276 5.0 1.436632 6.0 1.529250 7.0 1.612122 8.0 1.687546 9.0 1.756595 10.0 1.817844 11.0 1.876742 12.0 1.929261 13.0 1.980950 14.0 nan 15.0 nan 16.0 nan 17.0 nan 18.0 nan 19.0 nan 20.0 nan 21.0 nan 22.0 nan 23.0 nan 24.0 nan 25.0 nan 26.0 nan 27.0 nan 28.0 nan 29.0 nan 30.0 nan
224.355640  0.0 0.807174 1.0 0.958745 2.0 1.099350 3.0 1.227974 4.0 1.344530 5.0 1.446768 6.0 1.537238 7.0 1.619071 8.0 1.693339 9.0 1.760247 10.0 1.821554 11.0 1.880503 12.0 1.932753 13.0 1.985203 14.0 nan 15.0 nan 16.0 nan 17.0 nan 18.0 nan 19.0 nan 20.0 nan 21.0 nan 22.0 nan 23.0 nan 24.0 nan 25.0 nan 26.0 nan 27.0 nan 28.0 nan 29.0 nan 30.0 nan
240.891823  0.0 0.824125 1.0 0.974120 2.0 1.114075 3.0 1.242189 4.0 1.355624 5.0 1.454622 6.0 1.544181 7.0 1.624952 8.0 1.697799 9.0 1.763154 10.0 1.825272 11.0 1.884273 12.0 1.936251 13.0 nan 14.0 nan 15.0 nan 16.0 nan 17.0 nan 18.0 nan 19.0 nan 20.0 nan 21.0 nan 22.0 nan 23.0 nan 24.0 nan 25.0 nan 26.0 nan 27.0 nan 28.0 nan 29.0 nan 30.0 nan
258.646808  0.0 0.839607 1.0 0.988474 2.0 1.127797 3.0 1.254675 4.0 1.363672 5.0 1.461284 6.0 1.549374 7.0 1.628905 8.0 1.702298 9.0 1.766065 10.0 1.832595 11.0 1.927445 12.0 nan 13.0 nan 14.0 nan 15.0 nan 16.0 nan 17.0 nan 18.0 nan 19.0 nan 20.0 nan 21.0 nan 22.0 nan 23.0 nan 24.0 nan 25.0 nan 26.0 nan 27.0 nan 28.0 nan 29.0 nan 30.0 nan
277.710428  0.0 0.853235 1.0 1.001776 2.0 1.140549 3.0 1.263166 4.0 1.370364 5.0 1.467263 6.0 1.554295 7.0 1.631844 8.0 1.707633 9.0 1.768981 10.0 1.898530 11.0 nan 12.0 nan 13.0 nan 14.0 nan 15.0 nan 16.0 nan 17.0 nan 18.0 nan 19.0 nan 20.0 nan 21.0 nan 22.0 nan 23.0 nan 24.0 nan 25.0 nan 26.0 nan 27.0 nan 28.0 nan 29.0 nan 30.0 nan
298.179137  0.0 0.865922 1.0 1.014210 2.0 1.151039 3.0 1.269980 4.0 1.376256 5.0 1.470835 6.0 1.558103 7.0 1.634788 8.0 1.712985 9.0 nan 10.0 nan 11.0 nan 12.0 nan 13.0 nan 14.0 nan 15.0 nan 16.0 nan 17.0 nan 18.0 nan 19.0 nan 20.0 nan 21.0 nan 22.0 nan 23.0 nan 24.0 nan 25.0 nan 26.0 nan 27.0 nan 28.0 nan 29.0 nan 30.0 nan
320.156497  0.0 0.877714 1.0 1.025702 2.0 1.158620 3.0 1.275818 4.0 1.380454 5.0 1.474344 6.0 1.561684 7.0 1.646380 8.0 nan 9.0 nan 10.0 nan 11.0 nan 12.0 nan 13.0 nan 14.0 nan 15.0 nan 16.0 nan 17.0 nan 18.0 nan 19.0 nan 20.0 nan 21.0 nan 22.0 nan 23.0 nan 24.0 nan 25.0 nan 26.0 nan 27.0 nan 28.0 nan 29.0 nan 30.0 nan
343.753703  0.0 0.888787 1.0 1.035563 2.0 1.164836 3.0 1.280954 4.0 1.384663 5.0 1.478695 6.0 1.566814 7.0 nan 8.0 nan 9.0 nan 10.0 nan 11.0 nan 12.0 nan 13.0 nan 14.0 nan 15.0 nan 16.0 nan 17.0 nan 18.0 nan 19.0 nan 20.0 nan 21.0 nan 22.0 nan 23.0 nan 24.0 nan 25.0 nan 26.0 nan 27.0 nan 28.0 nan 29.0 nan 30.0 nan
369.090146  0.0 0.899046 1.0 1.042131 2.0 1.170234 3.0 1.283643 4.0 1.388470 5.0 1.485390 6.0 nan 7.0 nan 8.0 nan 9.0 nan 10.0 nan 11.0 nan 12.0 nan 13.0 nan 14.0 nan 15.0 nan 16.0 nan 17.0 nan 18.0 nan 19.0 nan 20.0 nan 21.0 nan 22.0 nan 23.0 nan 24.0 nan 25.0 nan 26.0 nan 27.0 nan 28.0 nan 29.0 nan 30.0 nan
396.294017  0.0 0.907304 1.0 1.047769 2.0 1.174125 3.0 1.286029 4.0 1.392288 5.0 nan 6.0 nan 7.0 nan 8.0 nan 9.0 nan 10.0 nan 11.0 nan 12.0 nan 13.0 nan 14.0 nan 15.0 nan 16.0 nan 17.0 nan 18.0 nan 19.0 nan 20.0 nan 21.0 nan 22.0 nan 23.0 nan 24.0 nan 25.0 nan 26.0 nan 27.0 nan 28.0 nan 29.0 nan 30.0 nan
425.502956  0.0 0.913408 1.0 1.052456 2.0 1.177826 3.0 1.288419 4.0 1.432870 5.0 nan 6.0 nan 7.0 nan 8.0 nan 9.0 nan 10.0 nan 11.0 nan 12.0 nan 13.0 nan 14.0 nan 15.0 nan 16.0 nan 17.0 nan 18.0 nan 19.0 nan 20.0 nan 21.0 nan 22.0 nan 23.0 nan 24.0 nan 25.0 nan 26.0 nan 27.0 nan 28.0 nan 29.0 nan 30.0 nan
456.864746  0.0 0.918530 1.0 1.056493 2.0 1.181663 3.0 1.311890 4.0 nan 5.0 nan 6.0 nan 7.0 nan 8.0 nan 9.0 nan 10.0 nan 11.0 nan 12.0 nan 13.0 nan 14.0 nan 15.0 nan 16.0 nan 17.0 nan 18.0 nan 19.0 nan 20.0 nan 21.0 nan 22.0 nan 23.0 nan 24.0 nan 25.0 nan 26.0 nan 27.0 nan 28.0 nan 29.0 nan 30.0 nan
490.538064  0.0 0.922864 1.0 1.058997 2.0 1.185536 3.0 nan 4.0 nan 5.0 nan 6.0 nan 7.0 nan 8.0 nan 9.0 nan 10.0 nan 11.0 nan 12.0 nan 13.0 nan 14.0 nan 15.0 nan 16.0 nan 17.0 nan 18.0 nan 19.0 nan 20.0 nan 21.0 nan 22.0 nan 23.0 nan 24.0 nan 25.0 nan 26.0 nan 27.0 nan 28.0 nan 29.0 nan 30.0 nan
526.693281  0.0 0.925948 1.0 1.061507 2.0 1.218336 3.0 nan 4.0 nan 5.0 nan 6.0 nan 7.0 nan 8.0 nan 9.0 nan 10.0 nan 11.0 nan 12.0 nan 13.0 nan 14.0 nan 15.0 nan 16.0 nan 17.0 nan 18.0 nan 19.0 nan 20.0 nan 21.0 nan 22.0 nan 23.0 nan 24.0 nan 25.0 nan 26.0 nan 27.0 nan 28.0 nan 29.0 nan 30.0 nan
565.513326  0.0 0.929432 1.0 1.077140 2.0 nan 3.0 nan 4.0 nan 5.0 nan 6.0 nan 7.0 nan 8.0 nan 9.0 nan 10.0 nan 11.0 nan 12.0 nan 13.0 nan 14.0 nan 15.0 nan 16.0 nan 17.0 nan 18.0 nan 19.0 nan 20.0 nan 21.0 nan 22.0 nan 23.0 nan 24.0 nan 25.0 nan 26.0 nan 27.0 nan 28.0 nan 29.0 nan 30.0 nan
607.194612  0.0 0.934019 1.0 nan 2.0 nan 3.0 nan 4.0 nan 5.0 nan 6.0 nan 7.0 nan 8.0 nan 9.0 nan 10.0 nan 11.0 nan 12.0 nan 13.0 nan 14.0 nan 15.0 nan 16.0 nan 17.0 nan 18.0 nan 19.0 nan 20.0 nan 21.0 nan 22.0 nan 23.0 nan 24.0 nan 25.0 nan 26.0 nan 27.0 nan 28.0 nan 29.0 nan 30.0 nan
651.948026  0.0 0.954745 1.0 nan 2.0 nan 3.0 nan 4.0 nan 5.0 nan 6.0 nan 7.0 nan 8.0 nan 9.0 nan 10.0 nan 11.0 nan 12.0 nan 13.0 nan 14.0 nan 15.0 nan 16.0 nan 17.0 nan 18.0 nan 19.0 nan 20.0 nan 21.0 nan 22.0 nan 23.0 nan 24.0 nan 25.0 nan 26.0 nan 27.0 nan 28.0 nan 29.0 nan 30.0 nan
700.000000  0.0 nan 1.0 nan 2.0 nan 3.0 nan 4.0 nan 5.0 nan 6.0 nan 7.0 nan 8.0 nan 9.0 nan 10.0 nan 11.0 nan 12.0 nan 13.0 nan 14.0 nan 15.0 nan 16.0 nan 17.0 nan 18.0 nan 19.0 nan 20.0 nan 21.0 nan 22.0 nan 23.0 nan 24.0 nan 25.0 nan 26.0 nan 27.0 nan 28.0 nan 29.0 nan 30.0 nan
