0.000500  0.0 0.094950 1.0 0.108205 2.0 0.120169 3.0 0.130993 4.0 0.140808 5.0 0.149733 6.0 0.157872 7.0 0.165318 8.0 0.172151 9.0 0.178442 10.0 0.184253 11.0 0.189635 12.0 0.194634 13.0 0.199289 14.0 0.203630 15.0 0.207686 16.0 0.211478 17.0 0.215024 18.0 0.218339 19.0 0.221432 20.0 0.224316 21.0 0.226998 22.0 0.229484 23.0 0.231780 24.0 0.233895 25.0 0.235835 26.0 0.237608 27.0 0.239225 28.0 0.240699 29.0 0.242046 30.0 0.243284
0.000537  0.0 0.095306 1.0 0.108610 2.0 0.120618 3.0 0.131481 4.0 0.141332 5.0 0.150289 6.0 0.158458 7.0 0.165931 8.0 0.172789 9.0 0.179103 10.0 0.184934 11.0 0.190336 12.0 0.195353 13.0 0.200024 14.0 0.204382 15.0 0.208452 16.0 0.212258 17.0 0.215816 18.0 0.219142 19.0 0.222248 20.0 0.225142 21.0 0.227832 22.0 0.230326 23.0 0.232632 24.0 0.234753 25.0 0.236700 26.0 0.238479 27.0 0.240102 28.0 0.241581 29.0 0.242932 30.0 0.244174
0.000576  0.0 0.095665 1.0 0.109017 2.0 0.121070 3.0 0.131973 4.0 0.141860 5.0 0.150850 6.0 0.159049 7.0 0.166549 8.0 0.173431 9.0 0.179769 10.0 0.185621 11.0 0.191042 12.0 0.196077 13.0 0.200766 14.0 0.205138 15.0 0.209223 16.0 0.213042 17.0 0.216614 18.0 0.219952 19.0 0.223067 20.0 0.225972 21.0 0.228673 22.0 0.231177 23.0 0.233489 24.0 0.235619 25.0 0.237572 26.0 0.239357 27.0 0.240985 28.0 0.242469 29.0 0.243826 30.0 0.245073
0.000619  0.0 0.096026 1.0 0.109429 2.0 0.121526 3.0 0.132469 4.0 0.142393 5.0 0.151415 6.0 0.159644 7.0 0.167171 8.0 0.174080 9.0 0.180439 10.0 0.186312 11.0 0.191754 12.0 0.196808 13.0 0.201512 14.0 0.205901 15.0 0.210001 16.0 0.213834 17.0 0.217417 18.0 0.220767 19.0 0.223895 20.0 0.226810 21.0 0.229520 22.0 0.232031 23.0 0.234353 24.0 0.236489 25.0 0.238450 26.0 0.240242 27.0 0.241876 28.0 0.243365 29.0 0.244726 30.0 0.245976
0.000665  0.0 0.096390 1.0 0.109843 2.0 0.121985 3.0 0.132969 4.0 0.142928 5.0 0.151985 6.0 0.160244 7.0 0.167798 8.0 0.174731 9.0 0.181115 10.0 0.187010 11.0 0.192470 12.0 0.197542 13.0 0.202265 14.0 0.206669 15.0 0.210784 16.0 0.214630 17.0 0.218227 18.0 0.221588 19.0 0.224727 20.0 0.227652 21.0 0.230372 22.0 0.232894 23.0 0.235223 24.0 0.237368 25.0 0.239334 26.0 0.241131 27.0 0.242771 28.0 0.244266 29.0 0.245631 30.0 0.246888
0.000714  0.0 0.096757 1.0 0.110260 2.0 0.122447 3.0 0.133472 4.0 0.143469 5.0 0.152558 6.0 0.160848 7.0 0.168431 8.0 0.175389 9.0 0.181796 10.0 0.187712 11.0 0.193193 12.0 0.198283 13.0 0.203023 14.0 0.207443 15.0 0.211573 16.0 0.215433 17.0 0.219043 18.0 0.222417 19.0 0.225567 20.0 0.228502 21.0 0.231232 22.0 0.233762 23.0 0.236099 24.0 0.238251 25.0 0.240226 26.0 0.242030 27.0 0.243675 28.0 0.245175 29.0 0.246545 30.0 0.247805
0.000766  0.0 0.097127 1.0 0.110681 2.0 0.122914 3.0 0.133979 4.0 0.144013 5.0 0.153137 6.0 0.161456 7.0 0.169066 8.0 0.176051 9.0 0.182481 10.0 0.188420 11.0 0.193921 12.0 0.199030 13.0 0.203786 14.0 0.208223 15.0 0.212368 16.0 0.216242 17.0 0.219865 18.0 0.223250 19.0 0.226412 20.0 0.229358 21.0 0.232097 22.0 0.234636 23.0 0.236983 24.0 0.239142 25.0 0.241122 26.0 0.242934 27.0 0.244585 28.0 0.246090 29.0 0.247464 30.0 0.248729
0.000823  0.0 0.097500 1.0 0.111104 2.0 0.123383 3.0 0.134490 4.0 0.144561 5.0 0.153719 6.0 0.162070 7.0 0.169709 8.0 0.176718 9.0 0.183173 10.0 0.189133 11.0 0.194653 12.0 0.199781 13.0 0.204556 14.0 0.209008 15.0 0.213168 16.0 0.217057 17.0 0.220693 18.0 0.224091 19.0 0.227263 20.0 0.230220 21.0 0.232970 22.0 0.235518 23.0 0.237872 24.0 0.240040 25.0 0.242028 26.0 0.243845 27.0 0.245502 28.0 0.247012 29.0 0.248392 30.0 0.249661
0.000883  0.0 0.097875 1.0 0.111531 2.0 0.123856 3.0 0.135005 4.0 0.145114 5.0 0.154305 6.0 0.162687 7.0 0.170355 8.0 0.177391 9.0 0.183868 10.0 0.189851 11.0 0.195393 12.0 0.200539 13.0 0.205330 14.0 0.209800 15.0 0.213975 16.0 0.217878 17.0 0.221527 18.0 0.224938 19.0 0.228122 20.0 0.231090 21.0 0.233848 22.0 0.236405 23.0 0.238769 24.0 0.240943 25.0 0.242939 26.0 0.244763 27.0 0.246426 28.0 0.247942 29.0 0.249326 30.0 0.250598
0.000948  0.0 0.098253 1.0 0.111961 2.0 0.124333 3.0 0.135524 4.0 0.145671 5.0 0.154897 6.0 0.163310 7.0 0.171006 8.0 0.178068 9.0 0.184571 10.0 0.190575 11.0 0.196136 12.0 0.201302 13.0 0.206112 14.0 0.210597 15.0 0.214787 16.0 0.218705 17.0 0.222368 18.0 0.225791 19.0 0.228986 20.0 0.231964 21.0 0.234733 22.0 0.237301 23.0 0.239672 24.0 0.241855 25.0 0.243857 26.0 0.245686 27.0 0.247355 28.0 0.248877 29.0 0.250267 30.0 0.251545
0.001018  0.0 0.098635 1.0 0.112395 2.0 0.124813 3.0 0.136047 4.0 0.146232 5.0 0.155492 6.0 0.163938 7.0 0.171663 8.0 0.178751 9.0 0.185277 10.0 0.191304 11.0 0.196887 12.0 0.202072 13.0 0.206899 14.0 0.211402 15.0 0.215607 16.0 0.219539 17.0 0.223214 18.0 0.226651 19.0 0.229858 20.0 0.232847 21.0 0.235626 22.0 0.238202 23.0 0.240582 24.0 0.242772 25.0 0.244782 26.0 0.246619 27.0 0.248294 28.0 0.249821 29.0 0.251215 30.0 0.252497
0.001093  0.0 0.099019 1.0 0.112832 2.0 0.125298 3.0 0.136573 4.0 0.146797 5.0 0.156093 6.0 0.164570 7.0 0.172323 8.0 0.179439 9.0 0.185990 10.0 0.192039 11.0 0.197643 12.0 0.202847 13.0 0.207692 14.0 0.212211 15.0 0.216433 16.0 0.220378 17.0 0.224068 18.0 0.227516 19.0 0.230736 20.0 0.233736 21.0 0.236524 22.0 0.239111 23.0 0.241499 24.0 0.243698 25.0 0.245714 26.0 0.247557 27.0 0.249238 28.0 0.250770 29.0 0.252169 30.0 0.253457
0.001174  0.0 0.099406 1.0 0.113272 2.0 0.125786 3.0 0.137105 4.0 0.147367 5.0 0.156698 6.0 0.165207 7.0 0.172990 8.0 0.180132 9.0 0.186708 10.0 0.192780 11.0 0.198404 12.0 0.203628 13.0 0.208491 14.0 0.213027 15.0 0.217264 16.0 0.221225 17.0 0.224928 18.0 0.228390 19.0 0.231620 20.0 0.234631 21.0 0.237431 22.0 0.240026 23.0 0.242423 24.0 0.244630 25.0 0.246654 26.0 0.248504 27.0 0.250191 28.0 0.251728 29.0 0.253133 30.0 0.254424
0.001260  0.0 0.099797 1.0 0.113716 2.0 0.126278 3.0 0.137640 4.0 0.147942 5.0 0.157308 6.0 0.165849 7.0 0.173662 8.0 0.180831 9.0 0.187430 10.0 0.193526 11.0 0.199172 12.0 0.204415 13.0 0.209296 14.0 0.213850 15.0 0.218103 16.0 0.222078 17.0 0.225795 18.0 0.229269 19.0 0.232512 20.0 0.235534 21.0 0.238344 22.0 0.240948 23.0 0.243355 24.0 0.245569 25.0 0.247600 26.0 0.249457 27.0 0.251150 28.0 0.252693 29.0 0.254102 30.0 0.255398
0.001353  0.0 0.100190 1.0 0.114163 2.0 0.126774 3.0 0.138179 4.0 0.148520 5.0 0.157923 6.0 0.166497 7.0 0.174339 8.0 0.181535 9.0 0.188160 10.0 0.194279 11.0 0.199945 12.0 0.205208 13.0 0.210108 14.0 0.214678 15.0 0.218946 16.0 0.222937 17.0 0.226669 18.0 0.230155 19.0 0.233409 20.0 0.236443 21.0 0.239263 22.0 0.241878 23.0 0.244292 24.0 0.246516 25.0 0.248554 26.0 0.250417 27.0 0.252116 28.0 0.253665 29.0 0.255080 30.0 0.256381
0.001453  0.0 0.100587 1.0 0.114614 2.0 0.127273 3.0 0.138723 4.0 0.149104 5.0 0.158542 6.0 0.167149 7.0 0.175021 8.0 0.182245 9.0 0.188895 10.0 0.195036 11.0 0.200725 12.0 0.206008 13.0 0.210926 14.0 0.215514 15.0 0.219798 16.0 0.223804 17.0 0.227548 18.0 0.231049 19.0 0.234316 20.0 0.237360 21.0 0.240191 22.0 0.242814 23.0 0.245238 24.0 0.247468 25.0 0.249515 26.0 0.251386 27.0 0.253091 28.0 0.254646 29.0 0.256065 30.0 0.257370
0.001560  0.0 0.100986 1.0 0.115069 2.0 0.127777 3.0 0.139270 4.0 0.149692 5.0 0.159167 6.0 0.167806 7.0 0.175708 8.0 0.182960 9.0 0.189635 10.0 0.195800 11.0 0.201510 12.0 0.206814 13.0 0.211750 14.0 0.216355 15.0 0.220656 16.0 0.224676 17.0 0.228436 18.0 0.231948 19.0 0.235228 20.0 0.238284 21.0 0.241124 22.0 0.243758 23.0 0.246191 24.0 0.248430 25.0 0.250483 26.0 0.252361 27.0 0.254073 28.0 0.255632 29.0 0.257057 30.0 0.258368
0.001675  0.0 0.101389 1.0 0.115526 2.0 0.128284 3.0 0.139823 4.0 0.150284 5.0 0.159796 6.0 0.168469 7.0 0.176402 8.0 0.183680 9.0 0.190382 10.0 0.196571 11.0 0.202302 12.0 0.207625 13.0 0.212582 14.0 0.217203 15.0 0.221520 16.0 0.225556 17.0 0.229329 18.0 0.232856 19.0 0.236147 20.0 0.239215 21.0 0.242067 22.0 0.244710 23.0 0.247151 24.0 0.249399 25.0 0.251460 26.0 0.253344 27.0 0.255062 28.0 0.256628 29.0 0.258058 30.0 0.259373
0.001798  0.0 0.101795 1.0 0.115988 2.0 0.128796 3.0 0.140379 4.0 0.150882 5.0 0.160430 6.0 0.169136 7.0 0.177100 8.0 0.184407 9.0 0.191134 10.0 0.197346 11.0 0.203101 12.0 0.208444 13.0 0.213418 14.0 0.218059 15.0 0.222392 16.0 0.226443 17.0 0.230230 18.0 0.233770 19.0 0.237074 20.0 0.240153 21.0 0.243015 22.0 0.245668 23.0 0.248120 24.0 0.250375 25.0 0.252444 26.0 0.254335 27.0 0.256060 28.0 0.257631 29.0 0.259066 30.0 0.260385
0.001931  0.0 0.102204 1.0 0.116454 2.0 0.129312 3.0 0.140941 4.0 0.151483 5.0 0.161069 6.0 0.169809 7.0 0.177804 8.0 0.185139 9.0 0.191893 10.0 0.198129 11.0 0.203904 12.0 0.209268 13.0 0.214263 14.0 0.218920 15.0 0.223270 16.0 0.227336 17.0 0.231139 18.0 0.234691 19.0 0.238007 20.0 0.241098 21.0 0.243971 22.0 0.246635 23.0 0.249094 24.0 0.251359 25.0 0.253436 26.0 0.255333 27.0 0.257064 28.0 0.258641 29.0 0.260082 30.0 0.261407
0.002073  0.0 0.102617 1.0 0.116923 2.0 0.129831 3.0 0.141506 4.0 0.152091 5.0 0.161713 6.0 0.170488 7.0 0.178514 8.0 0.185878 9.0 0.192657 10.0 0.198917 11.0 0.204716 12.0 0.210100 13.0 0.215113 14.0 0.219789 15.0 0.224156 16.0 0.228238 17.0 0.232053 18.0 0.235620 19.0 0.238950 20.0 0.242052 21.0 0.244936 22.0 0.247608 23.0 0.250078 24.0 0.252350 25.0 0.254435 26.0 0.256340 27.0 0.258078 28.0 0.259661 29.0 0.261106 30.0 0.262435
0.002226  0.0 0.103033 1.0 0.117396 2.0 0.130356 3.0 0.142076 4.0 0.152702 5.0 0.162363 6.0 0.171171 7.0 0.179228 8.0 0.186622 9.0 0.193427 10.0 0.199712 11.0 0.205533 12.0 0.210938 13.0 0.215970 14.0 0.220664 15.0 0.225048 16.0 0.229145 17.0 0.232976 18.0 0.236556 19.0 0.239898 20.0 0.243012 21.0 0.245906 22.0 0.248590 23.0 0.251069 24.0 0.253350 25.0 0.255441 26.0 0.257354 27.0 0.259098 28.0 0.260687 29.0 0.262137 30.0 0.263472
0.002390  0.0 0.103453 1.0 0.117872 2.0 0.130884 3.0 0.142651 4.0 0.153319 5.0 0.163018 6.0 0.171861 7.0 0.179950 8.0 0.187371 9.0 0.194204 10.0 0.200513 11.0 0.206356 12.0 0.211783 13.0 0.216835 14.0 0.221546 15.0 0.225946 16.0 0.230061 17.0 0.233906 18.0 0.237500 19.0 0.240854 20.0 0.243980 21.0 0.246886 22.0 0.249580 23.0 0.252067 24.0 0.254358 25.0 0.256458 26.0 0.258377 27.0 0.260127 28.0 0.261722 29.0 0.263179 30.0 0.264518
0.002566  0.0 0.103876 1.0 0.118353 2.0 0.131416 3.0 0.143231 4.0 0.153941 5.0 0.163677 6.0 0.172556 7.0 0.180676 8.0 0.188128 9.0 0.194986 10.0 0.201320 11.0 0.207187 12.0 0.212635 13.0 0.217706 14.0 0.222436 15.0 0.226854 16.0 0.230983 17.0 0.234843 18.0 0.238451 19.0 0.241819 20.0 0.244957 21.0 0.247874 22.0 0.250576 23.0 0.253075 24.0 0.255372 25.0 0.257481 26.0 0.259408 27.0 0.261165 28.0 0.262765 29.0 0.264227 30.0 0.265570
0.002756  0.0 0.104302 1.0 0.118838 2.0 0.131954 3.0 0.143814 4.0 0.154567 5.0 0.164344 6.0 0.173257 7.0 0.181409 8.0 0.188889 9.0 0.195776 10.0 0.202135 11.0 0.208024 12.0 0.213493 13.0 0.218584 14.0 0.223333 15.0 0.227768 16.0 0.231912 17.0 0.235789 18.0 0.239409 19.0 0.242790 20.0 0.245940 21.0 0.248868 22.0 0.251583 23.0 0.254089 24.0 0.256397 25.0 0.258512 26.0 0.260446 27.0 0.262209 28.0 0.263816 29.0 0.265284 30.0 0.266633
0.002959  0.0 0.104732 1.0 0.119326 2.0 0.132495 3.0 0.144404 4.0 0.155200 5.0 0.165014 6.0 0.173963 7.0 0.182148 8.0 0.189658 9.0 0.196571 10.0 0.202955 11.0 0.208868 12.0 0.214358 13.0 0.219470 14.0 0.224237 15.0 0.228689 16.0 0.232851 17.0 0.236741 18.0 0.240377 19.0 0.243770 20.0 0.246932 21.0 0.249872 22.0 0.252596 23.0 0.255112 24.0 0.257428 25.0 0.259553 26.0 0.261494 27.0 0.263264 28.0 0.264877 29.0 0.266350 30.0 0.267703
0.003177  0.0 0.105165 1.0 0.119819 2.0 0.133041 3.0 0.144997 4.0 0.155837 5.0 0.165690 6.0 0.174675 7.0 0.182892 8.0 0.190433 9.0 0.197373 10.0 0.203782 11.0 0.209719 12.0 0.215231 13.0 0.220362 14.0 0.225148 15.0 0.229618 16.0 0.233796 17.0 0.237701 18.0 0.241351 19.0 0.244758 20.0 0.247932 21.0 0.250882 22.0 0.253617 23.0 0.256144 24.0 0.258469 25.0 0.260600 26.0 0.262549 27.0 0.264326 28.0 0.265945 29.0 0.267423 30.0 0.268782
0.003411  0.0 0.105602 1.0 0.120315 2.0 0.133591 3.0 0.145596 4.0 0.156479 5.0 0.166373 6.0 0.175393 7.0 0.183643 8.0 0.191213 9.0 0.198182 10.0 0.204617 11.0 0.210575 12.0 0.216110 13.0 0.221262 14.0 0.226066 15.0 0.230554 16.0 0.234748 17.0 0.238670 18.0 0.242333 19.0 0.245752 20.0 0.248939 21.0 0.251902 22.0 0.254648 23.0 0.257183 24.0 0.259518 25.0 0.261658 26.0 0.263613 27.0 0.265397 28.0 0.267022 29.0 0.268506 30.0 0.269871
0.003662  0.0 0.106043 1.0 0.120816 2.0 0.134146 3.0 0.146200 4.0 0.157127 5.0 0.167060 6.0 0.176117 7.0 0.184401 8.0 0.192001 9.0 0.198997 10.0 0.205458 11.0 0.211441 12.0 0.216997 13.0 0.222170 14.0 0.226993 15.0 0.231498 16.0 0.235709 17.0 0.239645 18.0 0.243324 19.0 0.246757 20.0 0.249956 21.0 0.252930 22.0 0.255685 23.0 0.258232 24.0 0.260574 25.0 0.262723 26.0 0.264687 27.0 0.266477 28.0 0.268109 29.0 0.269598 30.0 0.270967
0.003932  0.0 0.106487 1.0 0.121321 2.0 0.134705 3.0 0.146808 4.0 0.157780 5.0 0.167753 6.0 0.176846 7.0 0.185163 8.0 0.192795 9.0 0.199819 10.0 0.206305 11.0 0.212313 12.0 0.217892 13.0 0.223083 14.0 0.227927 15.0 0.232450 16.0 0.236677 17.0 0.240629 18.0 0.244322 19.0 0.247769 20.0 0.250981 21.0 0.253965 22.0 0.256733 23.0 0.259288 24.0 0.261640 25.0 0.263796 26.0 0.265768 27.0 0.267565 28.0 0.269202 29.0 0.270697 30.0 0.272073
0.004222  0.0 0.106935 1.0 0.121830 2.0 0.135270 3.0 0.147422 4.0 0.158438 5.0 0.168453 6.0 0.177583 7.0 0.185933 8.0 0.193595 9.0 0.200648 10.0 0.207161 11.0 0.213191 12.0 0.218792 13.0 0.224007 14.0 0.228868 15.0 0.233409 16.0 0.237654 17.0 0.241622 18.0 0.245329 19.0 0.248789 20.0 0.252013 21.0 0.255011 22.0 0.257788 23.0 0.260353 24.0 0.262715 25.0 0.264880 26.0 0.266859 27.0 0.268663 28.0 0.270307 29.0 0.271808 30.0 0.273188
0.004533  0.0 0.107387 1.0 0.122344 2.0 0.135838 3.0 0.148041 4.0 0.159102 5.0 0.169157 6.0 0.178325 7.0 0.186710 8.0 0.194403 9.0 0.201484 10.0 0.208022 11.0 0.214079 12.0 0.219702 13.0 0.224936 14.0 0.229818 15.0 0.234377 16.0 0.238639 17.0 0.242621 18.0 0.246344 19.0 0.249818 20.0 0.253055 21.0 0.256064 22.0 0.258851 23.0 0.261428 24.0 0.263797 25.0 0.265972 26.0 0.267959 27.0 0.269770 28.0 0.271420 29.0 0.272926 30.0 0.274310
0.004867  0.0 0.107842 1.0 0.122862 2.0 0.136412 3.0 0.148665 4.0 0.159772 5.0 0.169868 6.0 0.179073 7.0 0.187491 8.0 0.195216 9.0 0.202326 10.0 0.208892 11.0 0.214972 12.0 0.220618 13.0 0.225874 14.0 0.230775 15.0 0.235353 16.0 0.239630 17.0 0.243631 18.0 0.247366 19.0 0.250855 20.0 0.254105 21.0 0.257125 22.0 0.259925 23.0 0.262511 24.0 0.264891 25.0 0.267072 26.0 0.269066 27.0 0.270884 28.0 0.272541 29.0 0.274054 30.0 0.275444
0.005226  0.0 0.108302 1.0 0.123384 2.0 0.136991 3.0 0.149294 4.0 0.160447 5.0 0.170585 6.0 0.179828 7.0 0.188281 8.0 0.196037 9.0 0.203177 10.0 0.209769 11.0 0.215873 12.0 0.221542 13.0 0.226820 14.0 0.231740 15.0 0.236336 16.0 0.240632 17.0 0.244647 18.0 0.248400 19.0 0.251901 20.0 0.255164 21.0 0.258197 22.0 0.261007 23.0 0.263603 24.0 0.265992 25.0 0.268183 26.0 0.270185 27.0 0.272010 28.0 0.273673 29.0 0.275192 30.0 0.276587
0.005611  0.0 0.108766 1.0 0.123911 2.0 0.137574 3.0 0.149929 4.0 0.161128 5.0 0.171307 6.0 0.180589 7.0 0.189077 8.0 0.196865 9.0 0.204033 10.0 0.210652 11.0 0.216783 12.0 0.222475 13.0 0.227773 14.0 0.232715 15.0 0.237329 16.0 0.241642 17.0 0.245672 18.0 0.249440 19.0 0.252956 20.0 0.256232 21.0 0.259276 22.0 0.262097 23.0 0.264705 24.0 0.267102 25.0 0.269302 26.0 0.271312 27.0 0.273145 28.0 0.274814 29.0 0.276338 30.0 0.277738
0.006025  0.0 0.109233 1.0 0.124442 2.0 0.138163 3.0 0.150569 4.0 0.161815 5.0 0.172037 6.0 0.181356 7.0 0.189879 8.0 0.197700 9.0 0.204897 10.0 0.211544 11.0 0.217699 12.0 0.223414 13.0 0.228734 14.0 0.233696 15.0 0.238329 16.0 0.242658 17.0 0.246707 18.0 0.250489 19.0 0.254019 20.0 0.257308 21.0 0.260364 22.0 0.263198 23.0 0.265814 24.0 0.268223 25.0 0.270431 26.0 0.272448 27.0 0.274287 28.0 0.275963 29.0 0.277494 30.0 0.278901
0.006469  0.0 0.109704 1.0 0.124978 2.0 0.138757 3.0 0.151215 4.0 0.162507 5.0 0.172772 6.0 0.182131 7.0 0.190689 8.0 0.198541 9.0 0.205769 10.0 0.212443 11.0 0.218623 12.0 0.224362 13.0 0.229705 14.0 0.234686 15.0 0.239338 16.0 0.243686 17.0 0.247750 18.0 0.251548 19.0 0.255092 20.0 0.258394 21.0 0.261464 22.0 0.264308 23.0 0.266934 24.0 0.269352 25.0 0.271569 26.0 0.273595 27.0 0.275442 28.0 0.277124 29.0 0.278661 30.0 0.280072
0.006946  0.0 0.110180 1.0 0.125518 2.0 0.139355 3.0 0.151866 4.0 0.163206 5.0 0.173513 6.0 0.182911 7.0 0.191505 8.0 0.199391 9.0 0.206648 10.0 0.213349 11.0 0.219556 12.0 0.225319 13.0 0.230682 14.0 0.235685 15.0 0.240356 16.0 0.244721 17.0 0.248801 18.0 0.252615 19.0 0.256174 20.0 0.259489 21.0 0.262571 22.0 0.265426 23.0 0.268064 24.0 0.270491 25.0 0.272716 26.0 0.274751 27.0 0.276605 28.0 0.278294 29.0 0.279836 30.0 0.281253
0.007458  0.0 0.110660 1.0 0.126064 2.0 0.139959 3.0 0.152522 4.0 0.163911 5.0 0.174262 6.0 0.183698 7.0 0.192328 8.0 0.200247 9.0 0.207535 10.0 0.214264 11.0 0.220495 12.0 0.226282 13.0 0.231668 14.0 0.236691 15.0 0.241381 16.0 0.245764 17.0 0.249863 18.0 0.253691 19.0 0.257264 20.0 0.260593 21.0 0.263687 22.0 0.266555 23.0 0.269202 24.0 0.271640 25.0 0.273874 26.0 0.275915 27.0 0.277777 28.0 0.279473 29.0 0.281022 30.0 0.282445
0.008007  0.0 0.111143 1.0 0.126613 2.0 0.140569 3.0 0.153185 4.0 0.164621 5.0 0.175016 6.0 0.184493 7.0 0.193159 8.0 0.201110 9.0 0.208429 10.0 0.215186 11.0 0.221444 12.0 0.227254 13.0 0.232663 14.0 0.237707 15.0 0.242416 16.0 0.246818 17.0 0.250932 18.0 0.254777 19.0 0.258365 20.0 0.261707 21.0 0.264814 22.0 0.267692 23.0 0.270351 24.0 0.272798 25.0 0.275042 26.0 0.277092 27.0 0.278961 28.0 0.280664 29.0 0.282218 30.0 0.283646
0.008598  0.0 0.111632 1.0 0.127168 2.0 0.141182 3.0 0.153854 4.0 0.165339 5.0 0.175777 6.0 0.185294 7.0 0.193997 8.0 0.201982 9.0 0.209330 10.0 0.216116 11.0 0.222401 12.0 0.228236 13.0 0.233666 14.0 0.238731 15.0 0.243461 16.0 0.247880 17.0 0.252011 18.0 0.255872 19.0 0.259474 20.0 0.262831 21.0 0.265949 22.0 0.268840 23.0 0.271510 24.0 0.273966 25.0 0.276218 26.0 0.278277 27.0 0.280154 28.0 0.281863 29.0 0.283423 30.0 0.284857
0.009231  0.0 0.112124 1.0 0.127728 2.0 0.141803 3.0 0.154527 4.0 0.166062 5.0 0.176545 6.0 0.186102 7.0 0.194841 8.0 0.202860 9.0 0.210240 10.0 0.217055 11.0 0.223365 12.0 0.229225 13.0 0.234678 14.0 0.239764 15.0 0.244513 16.0 0.248951 17.0 0.253100 18.0 0.256975 19.0 0.260593 20.0 0.263962 21.0 0.267095 22.0 0.269998 23.0 0.272678 24.0 0.275145 25.0 0.277406 26.0 0.279473 27.0 0.281356 28.0 0.283073 29.0 0.284640 30.0 0.286080
0.009912  0.0 0.112621 1.0 0.128292 2.0 0.142428 3.0 0.155208 4.0 0.166791 5.0 0.177320 6.0 0.186917 7.0 0.195694 8.0 0.203746 9.0 0.211158 10.0 0.218002 11.0 0.224338 12.0 0.230222 13.0 0.235700 14.0 0.240806 15.0 0.245575 16.0 0.250032 17.0 0.254198 18.0 0.258090 19.0 0.261722 20.0 0.265106 21.0 0.268251 22.0 0.271165 23.0 0.273857 24.0 0.276333 25.0 0.278605 26.0 0.280680 27.0 0.282571 28.0 0.284294 29.0 0.285867 30.0 0.287312
0.010642  0.0 0.113122 1.0 0.128861 2.0 0.143059 3.0 0.155894 4.0 0.167527 5.0 0.178100 6.0 0.187739 7.0 0.196554 8.0 0.204641 9.0 0.212084 10.0 0.218956 11.0 0.225320 12.0 0.231229 13.0 0.236729 14.0 0.241858 15.0 0.246647 16.0 0.251122 17.0 0.255305 18.0 0.259213 19.0 0.262861 20.0 0.266259 21.0 0.269416 22.0 0.272342 23.0 0.275046 24.0 0.277532 25.0 0.279812 26.0 0.281896 27.0 0.283795 28.0 0.285525 29.0 0.287104 30.0 0.288555
0.011426  0.0 0.113628 1.0 0.129437 2.0 0.143695 3.0 0.156586 4.0 0.168270 5.0 0.178889 6.0 0.188569 7.0 0.197421 8.0 0.205543 9.0 0.213018 10.0 0.219919 11.0 0.226310 12.0 0.232245 13.0 0.237767 14.0 0.242918 15.0 0.247727 16.0 0.252220 17.0 0.256422 18.0 0.260346 19.0 0.264009 20.0 0.267421 21.0 0.270592 22.0 0.273531 23.0 0.276244 24.0 0.278742 25.0 0.281031 26.0 0.283122 27.0 0.285029 28.0 0.286766 29.0 0.288353 30.0 0.289810
0.012269  0.0 0.114138 1.0 0.130016 2.0 0.144338 3.0 0.157284 4.0 0.169018 5.0 0.179684 6.0 0.189406 7.0 0.198297 8.0 0.206452 9.0 0.213960 10.0 0.220891 11.0 0.227309 12.0 0.233269 13.0 0.238816 14.0 0.243987 15.0 0.248817 16.0 0.253331 17.0 0.257549 18.0 0.261490 19.0 0.265168 20.0 0.268594 21.0 0.271779 22.0 0.274729 23.0 0.277454 24.0 0.279961 25.0 0.282261 26.0 0.284361 27.0 0.286276 28.0 0.288020 29.0 0.289612 30.0 0.291075
0.013173  0.0 0.114653 1.0 0.130601 2.0 0.144985 3.0 0.157989 4.0 0.169775 5.0 0.180486 6.0 0.190250 7.0 0.199180 8.0 0.207371 9.0 0.214910 10.0 0.221871 11.0 0.228318 12.0 0.234303 13.0 0.239873 14.0 0.245067 15.0 0.249917 16.0 0.254450 17.0 0.258685 18.0 0.262644 19.0 0.266337 20.0 0.269778 21.0 0.272975 22.0 0.275937 23.0 0.278675 24.0 0.281192 25.0 0.283500 26.0 0.285610 27.0 0.287532 28.0 0.289284 29.0 0.290882 30.0 0.292350
0.014144  0.0 0.115173 1.0 0.131191 2.0 0.145639 3.0 0.158700 4.0 0.170537 5.0 0.181295 6.0 0.191102 7.0 0.200070 8.0 0.208298 9.0 0.215869 10.0 0.222860 11.0 0.229334 12.0 0.235345 13.0 0.240939 14.0 0.246156 15.0 0.251027 16.0 0.255578 17.0 0.259833 18.0 0.263806 19.0 0.267516 20.0 0.270971 21.0 0.274182 22.0 0.277158 23.0 0.279905 24.0 0.282434 25.0 0.284751 26.0 0.286869 27.0 0.288799 28.0 0.290558 29.0 0.292163 30.0 0.293639
0.015186  0.0 0.115697 1.0 0.131787 2.0 0.146299 3.0 0.159417 4.0 0.171306 5.0 0.182112 6.0 0.191962 7.0 0.200969 8.0 0.209231 9.0 0.216837 10.0 0.223859 11.0 0.230359 12.0 0.236396 13.0 0.242016 14.0 0.247254 15.0 0.252145 16.0 0.256717 17.0 0.260990 18.0 0.264981 19.0 0.268706 20.0 0.272176 21.0 0.275400 22.0 0.278388 23.0 0.281147 24.0 0.283686 25.0 0.286014 26.0 0.288141 27.0 0.290079 28.0 0.291845 29.0 0.293457 30.0 0.294937
0.016306  0.0 0.116225 1.0 0.132388 2.0 0.146965 3.0 0.160142 4.0 0.172083 5.0 0.182936 6.0 0.192830 7.0 0.201876 8.0 0.210175 9.0 0.217813 10.0 0.224865 11.0 0.231396 12.0 0.237459 13.0 0.243101 14.0 0.248363 15.0 0.253276 16.0 0.257867 17.0 0.262156 18.0 0.266166 19.0 0.269907 20.0 0.273391 21.0 0.276629 22.0 0.279628 23.0 0.282401 24.0 0.284949 25.0 0.287287 26.0 0.289423 27.0 0.291370 28.0 0.293142 29.0 0.294760 30.0 0.296246
0.017507  0.0 0.116760 1.0 0.132995 2.0 0.147636 3.0 0.160872 4.0 0.172867 5.0 0.183767 6.0 0.193704 7.0 0.202791 8.0 0.211127 9.0 0.218798 10.0 0.225881 11.0 0.232440 12.0 0.238530 13.0 0.244196 14.0 0.249481 15.0 0.254415 16.0 0.259025 17.0 0.263335 18.0 0.267360 19.0 0.271117 20.0 0.274617 21.0 0.277868 22.0 0.280882 23.0 0.283664 24.0 0.286225 25.0 0.288571 26.0 0.290715 27.0 0.292670 28.0 0.294450 29.0 0.296076 30.0 0.297570
0.018798  0.0 0.117299 1.0 0.133607 2.0 0.148314 3.0 0.161608 4.0 0.173657 5.0 0.184607 6.0 0.194588 7.0 0.203714 8.0 0.212087 9.0 0.219793 10.0 0.226907 11.0 0.233493 12.0 0.239609 13.0 0.245302 14.0 0.250609 15.0 0.255564 16.0 0.260196 17.0 0.264524 18.0 0.268567 19.0 0.272339 20.0 0.275853 21.0 0.279120 22.0 0.282146 23.0 0.284939 24.0 0.287511 25.0 0.289868 26.0 0.292022 27.0 0.293985 28.0 0.295773 29.0 0.297405 30.0 0.298903
0.020183  0.0 0.117842 1.0 0.134224 2.0 0.148999 3.0 0.162353 4.0 0.174455 5.0 0.185454 6.0 0.195479 7.0 0.204647 8.0 0.213056 9.0 0.220796 10.0 0.227941 11.0 0.234557 12.0 0.240701 13.0 0.246418 14.0 0.251748 15.0 0.256725 16.0 0.261377 17.0 0.265722 18.0 0.269784 19.0 0.273573 20.0 0.277102 21.0 0.280382 22.0 0.283420 23.0 0.286227 24.0 0.288808 25.0 0.291176 26.0 0.293339 27.0 0.295310 28.0 0.297106 29.0 0.298744 30.0 0.300248
0.021671  0.0 0.118391 1.0 0.134848 2.0 0.149689 3.0 0.163104 4.0 0.175261 5.0 0.186308 6.0 0.196379 7.0 0.205587 8.0 0.214034 9.0 0.221807 10.0 0.228984 11.0 0.235631 12.0 0.241801 13.0 0.247543 14.0 0.252898 15.0 0.257897 16.0 0.262568 17.0 0.266933 18.0 0.271011 19.0 0.274817 20.0 0.278362 21.0 0.281655 22.0 0.284707 23.0 0.287526 24.0 0.290119 25.0 0.292495 26.0 0.294667 27.0 0.296647 28.0 0.298450 29.0 0.300095 30.0 0.301607
0.023268  0.0 0.118945 1.0 0.135477 2.0 0.150386 3.0 0.163862 4.0 0.176074 5.0 0.187171 6.0 0.197286 7.0 0.206535 8.0 0.215021 9.0 0.222830 10.0 0.230039 11.0 0.236714 12.0 0.242912 13.0 0.248679 14.0 0.254057 15.0 0.259078 16.0 0.263769 17.0 0.268155 18.0 0.272250 19.0 0.276072 20.0 0.279632 21.0 0.282941 22.0 0.286006 23.0 0.288835 24.0 0.291441 25.0 0.293828 26.0 0.296009 27.0 0.297996 28.0 0.299807 29.0 0.301460 30.0 0.302978
0.024983  0.0 0.119504 1.0 0.136113 2.0 0.151090 3.0 0.164626 4.0 0.176893 5.0 0.188042 6.0 0.198203 7.0 0.207494 8.0 0.216016 9.0 0.223861 10.0 0.231102 11.0 0.237807 12.0 0.244032 13.0 0.249826 14.0 0.255227 15.0 0.260270 16.0 0.264983 17.0 0.269387 18.0 0.273501 19.0 0.277340 20.0 0.280916 21.0 0.284238 22.0 0.287316 23.0 0.290159 24.0 0.292774 25.0 0.295172 26.0 0.297363 27.0 0.299359 28.0 0.301177 29.0 0.302836 30.0 0.304360
0.026825  0.0 0.120068 1.0 0.136754 2.0 0.151800 3.0 0.165399 4.0 0.177722 5.0 0.188920 6.0 0.199128 7.0 0.208461 8.0 0.217022 9.0 0.224901 10.0 0.232175 11.0 0.238911 12.0 0.245164 13.0 0.250983 14.0 0.256409 15.0 0.261475 16.0 0.266208 17.0 0.270630 18.0 0.274763 19.0 0.278619 20.0 0.282210 21.0 0.285547 22.0 0.288638 23.0 0.291494 24.0 0.294120 25.0 0.296528 26.0 0.298728 27.0 0.300733 28.0 0.302559 29.0 0.304224 30.0 0.305755
0.028802  0.0 0.120639 1.0 0.137401 2.0 0.152516 3.0 0.166178 4.0 0.178558 5.0 0.189807 6.0 0.200061 7.0 0.209437 8.0 0.218037 9.0 0.225951 10.0 0.233258 11.0 0.240024 12.0 0.246306 13.0 0.252150 14.0 0.257601 15.0 0.262689 16.0 0.267443 17.0 0.271887 18.0 0.276036 19.0 0.279909 20.0 0.283516 21.0 0.286867 22.0 0.289974 23.0 0.292841 24.0 0.295479 25.0 0.297897 26.0 0.300106 27.0 0.302119 28.0 0.303953 29.0 0.305627 30.0 0.307164
0.030925  0.0 0.121214 1.0 0.138055 2.0 0.153240 3.0 0.166964 4.0 0.179401 5.0 0.190703 6.0 0.201003 7.0 0.210421 8.0 0.219061 9.0 0.227012 10.0 0.234352 11.0 0.241148 12.0 0.247457 13.0 0.253330 14.0 0.258803 15.0 0.263914 16.0 0.268690 17.0 0.273154 18.0 0.277323 19.0 0.281212 20.0 0.284835 21.0 0.288202 22.0 0.291321 23.0 0.294200 24.0 0.296850 25.0 0.299279 26.0 0.301498 27.0 0.303520 28.0 0.305362 29.0 0.307042 30.0 0.308585
0.033204  0.0 0.121795 1.0 0.138714 2.0 0.153971 3.0 0.167759 4.0 0.180253 5.0 0.191607 6.0 0.201955 7.0 0.211416 8.0 0.220095 9.0 0.228083 10.0 0.235456 11.0 0.242283 12.0 0.248621 13.0 0.254520 14.0 0.260019 15.0 0.265153 16.0 0.269950 17.0 0.274432 18.0 0.278620 19.0 0.282527 20.0 0.286167 21.0 0.289548 22.0 0.292679 23.0 0.295573 24.0 0.298233 25.0 0.300673 26.0 0.302902 27.0 0.304933 28.0 0.306783 29.0 0.308470 30.0 0.310019
0.035651  0.0 0.122381 1.0 0.139380 2.0 0.154708 3.0 0.168561 4.0 0.181113 5.0 0.192519 6.0 0.202915 7.0 0.212420 8.0 0.221139 9.0 0.229162 10.0 0.236569 11.0 0.243429 12.0 0.249796 13.0 0.255720 14.0 0.261245 15.0 0.266402 16.0 0.271221 17.0 0.275723 18.0 0.279930 19.0 0.283855 20.0 0.287510 21.0 0.290906 22.0 0.294052 23.0 0.296958 24.0 0.299631 25.0 0.302080 26.0 0.304319 27.0 0.306358 28.0 0.308216 29.0 0.309911 30.0 0.311468
0.038279  0.0 0.122973 1.0 0.140053 2.0 0.155452 3.0 0.169370 4.0 0.181981 5.0 0.193440 6.0 0.203883 7.0 0.213433 8.0 0.222193 9.0 0.230253 10.0 0.237694 11.0 0.244584 12.0 0.250981 13.0 0.256933 14.0 0.262482 15.0 0.267663 16.0 0.272502 17.0 0.277027 18.0 0.281252 19.0 0.285193 20.0 0.288865 21.0 0.292277 22.0 0.295438 23.0 0.298355 24.0 0.301041 25.0 0.303502 26.0 0.305749 27.0 0.307798 28.0 0.309664 29.0 0.311367 30.0 0.312930
0.041100  0.0 0.123571 1.0 0.140732 2.0 0.156204 3.0 0.170187 4.0 0.182857 5.0 0.194370 6.0 0.204863 7.0 0.214456 8.0 0.223256 9.0 0.231355 10.0 0.238830 11.0 0.245751 12.0 0.252177 13.0 0.258157 14.0 0.263731 15.0 0.268935 16.0 0.273799 17.0 0.278343 18.0 0.282587 19.0 0.286547 20.0 0.290235 21.0 0.293662 22.0 0.296836 23.0 0.299767 24.0 0.302464 25.0 0.304936 26.0 0.307194 27.0 0.309252 28.0 0.311126 29.0 0.312835 30.0 0.314405
0.044130  0.0 0.124174 1.0 0.141417 2.0 0.156964 3.0 0.171013 4.0 0.183742 5.0 0.195309 6.0 0.205851 7.0 0.215490 8.0 0.224330 9.0 0.232466 10.0 0.239977 11.0 0.246930 12.0 0.253386 13.0 0.259393 14.0 0.264993 15.0 0.270221 16.0 0.275106 17.0 0.279670 18.0 0.283935 19.0 0.287913 20.0 0.291617 21.0 0.295059 22.0 0.298247 23.0 0.301193 24.0 0.303900 25.0 0.306383 26.0 0.308652 27.0 0.310719 28.0 0.312600 29.0 0.314317 30.0 0.315894
0.047382  0.0 0.124784 1.0 0.142109 2.0 0.157730 3.0 0.171846 4.0 0.184636 5.0 0.196257 6.0 0.206849 7.0 0.216533 8.0 0.225415 9.0 0.233588 10.0 0.241133 11.0 0.248120 12.0 0.254606 13.0 0.260640 14.0 0.266267 15.0 0.271519 16.0 0.276426 17.0 0.281012 18.0 0.285294 19.0 0.289291 20.0 0.293012 21.0 0.296469 22.0 0.299673 23.0 0.302631 24.0 0.305352 25.0 0.307845 26.0 0.310122 27.0 0.312198 28.0 0.314088 29.0 0.315814 30.0 0.317398
0.050874  0.0 0.125400 1.0 0.142808 2.0 0.158503 3.0 0.172687 4.0 0.185538 5.0 0.197214 6.0 0.207855 7.0 0.217585 8.0 0.226510 9.0 0.234721 10.0 0.242302 11.0 0.249321 12.0 0.255837 13.0 0.261900 14.0 0.267552 15.0 0.272829 16.0 0.277758 17.0 0.282366 18.0 0.286668 19.0 0.290681 20.0 0.294420 21.0 0.297894 22.0 0.301112 23.0 0.304082 24.0 0.306816 25.0 0.309321 26.0 0.311609 27.0 0.313694 28.0 0.315593 29.0 0.317326 30.0 0.318916
0.054624  0.0 0.126022 1.0 0.143515 2.0 0.159285 3.0 0.173536 4.0 0.186449 5.0 0.198181 6.0 0.208873 7.0 0.218649 8.0 0.227615 9.0 0.235866 10.0 0.243483 11.0 0.250533 12.0 0.257080 13.0 0.263172 14.0 0.268850 15.0 0.274151 16.0 0.279104 17.0 0.283732 18.0 0.288055 19.0 0.292088 20.0 0.295843 21.0 0.299333 22.0 0.302565 23.0 0.305549 24.0 0.308294 25.0 0.310811 26.0 0.313110 27.0 0.315204 28.0 0.317111 29.0 0.318851 30.0 0.320448
0.058650  0.0 0.126649 1.0 0.144228 2.0 0.160075 3.0 0.174395 4.0 0.187369 5.0 0.199158 6.0 0.209901 7.0 0.219723 8.0 0.228731 9.0 0.237022 10.0 0.244674 11.0 0.251759 12.0 0.258336 13.0 0.264456 14.0 0.270162 15.0 0.275487 16.0 0.280463 17.0 0.285112 18.0 0.289455 19.0 0.293507 20.0 0.297280 21.0 0.300785 22.0 0.304031 23.0 0.307030 24.0 0.309787 25.0 0.312315 26.0 0.314624 27.0 0.316728 28.0 0.318643 29.0 0.320390 30.0 0.321995
0.062973  0.0 0.127283 1.0 0.144947 2.0 0.160872 3.0 0.175262 4.0 0.188298 5.0 0.200143 6.0 0.210938 7.0 0.220807 8.0 0.229859 9.0 0.238188 10.0 0.245877 11.0 0.252996 12.0 0.259604 13.0 0.265752 14.0 0.271485 15.0 0.276836 16.0 0.281835 17.0 0.286506 18.0 0.290868 19.0 0.294939 20.0 0.298729 21.0 0.302250 22.0 0.305513 23.0 0.308524 24.0 0.311295 25.0 0.313833 26.0 0.316152 27.0 0.318266 28.0 0.320189 29.0 0.321946 30.0 0.323558
0.067614  0.0 0.127924 1.0 0.145675 2.0 0.161677 3.0 0.176137 4.0 0.189237 5.0 0.201138 6.0 0.211985 7.0 0.221902 8.0 0.230998 9.0 0.239367 10.0 0.247092 11.0 0.254245 12.0 0.260885 13.0 0.267062 14.0 0.272822 15.0 0.278198 16.0 0.283220 17.0 0.287914 18.0 0.292296 19.0 0.296385 20.0 0.300193 21.0 0.303731 22.0 0.307009 23.0 0.310033 24.0 0.312817 25.0 0.315368 26.0 0.317697 27.0 0.319820 28.0 0.321753 29.0 0.323517 30.0 0.325136
0.072598  0.0 0.128571 1.0 0.146410 2.0 0.162490 3.0 0.177020 4.0 0.190185 5.0 0.202145 6.0 0.213044 7.0 0.223008 8.0 0.232147 9.0 0.240557 10.0 0.248320 11.0 0.255506 12.0 0.262177 13.0 0.268385 14.0 0.274171 15.0 0.279573 16.0 0.284620 17.0 0.289335 18.0 0.293739 19.0 0.297847 20.0 0.301672 21.0 0.305227 22.0 0.308519 23.0 0.311558 24.0 0.314354 25.0 0.316917 26.0 0.319257 27.0 0.321390 28.0 0.323332 29.0 0.325103 30.0 0.326728
0.077949  0.0 0.129225 1.0 0.147152 2.0 0.163312 3.0 0.177913 4.0 0.191141 5.0 0.203161 6.0 0.214113 7.0 0.224126 8.0 0.233308 9.0 0.241760 10.0 0.249560 11.0 0.256780 12.0 0.263484 13.0 0.269721 14.0 0.275535 15.0 0.280963 16.0 0.286033 17.0 0.290770 18.0 0.295195 19.0 0.299323 20.0 0.303166 21.0 0.306737 22.0 0.310043 23.0 0.313098 24.0 0.315906 25.0 0.318480 26.0 0.320832 27.0 0.322974 28.0 0.324925 29.0 0.326703 30.0 0.328337
0.083694  0.0 0.129884 1.0 0.147901 2.0 0.164142 3.0 0.178816 4.0 0.192109 5.0 0.204186 6.0 0.215193 7.0 0.225254 8.0 0.234482 9.0 0.242973 10.0 0.250811 11.0 0.258068 12.0 0.264803 13.0 0.271070 14.0 0.276913 15.0 0.282366 16.0 0.287460 17.0 0.292220 18.0 0.296665 19.0 0.300813 20.0 0.304674 21.0 0.308261 22.0 0.311584 23.0 0.314652 24.0 0.317474 25.0 0.320059 26.0 0.322421 27.0 0.324574 28.0 0.326533 29.0 0.328320 30.0 0.329962
0.089863  0.0 0.130551 1.0 0.148658 2.0 0.164980 3.0 0.179727 4.0 0.193086 5.0 0.205222 6.0 0.216283 7.0 0.226394 8.0 0.235667 9.0 0.244199 10.0 0.252075 11.0 0.259367 12.0 0.266136 13.0 0.272432 14.0 0.278303 15.0 0.283783 16.0 0.288901 17.0 0.293685 18.0 0.298150 19.0 0.302317 20.0 0.306197 21.0 0.309801 22.0 0.313141 23.0 0.316222 24.0 0.319058 25.0 0.321656 26.0 0.324028 27.0 0.326190 28.0 0.328159 29.0 0.329955 30.0 0.331603
0.096486  0.0 0.131226 1.0 0.149424 2.0 0.165826 3.0 0.180647 4.0 0.194073 5.0 0.206270 6.0 0.217384 7.0 0.227544 8.0 0.236864 9.0 0.245438 10.0 0.253353 11.0 0.260680 12.0 0.267481 13.0 0.273809 14.0 0.279707 15.0 0.285213 16.0 0.290357 17.0 0.295164 18.0 0.299651 19.0 0.303837 20.0 0.307736 21.0 0.311358 22.0 0.314712 23.0 0.317808 24.0 0.320657 25.0 0.323267 26.0 0.325651 27.0 0.327823 28.0 0.329801 29.0 0.331605 30.0 0.333260
0.103598  0.0 0.131907 1.0 0.150197 2.0 0.166683 3.0 0.181577 4.0 0.195070 5.0 0.207328 6.0 0.218497 7.0 0.228708 8.0 0.238073 9.0 0.246690 10.0 0.254644 11.0 0.262006 12.0 0.268840 13.0 0.275200 14.0 0.281127 15.0 0.286660 16.0 0.291829 17.0 0.296657 18.0 0.301167 19.0 0.305373 20.0 0.309290 21.0 0.312929 22.0 0.316298 23.0 0.319411 24.0 0.322271 25.0 0.324894 26.0 0.327290 27.0 0.329472 28.0 0.331459 29.0 0.333270 30.0 0.334932
0.111233  0.0 0.132595 1.0 0.150978 2.0 0.167547 3.0 0.182517 4.0 0.196077 5.0 0.208396 6.0 0.219622 7.0 0.229884 8.0 0.239294 9.0 0.247954 10.0 0.255947 11.0 0.263346 12.0 0.270214 13.0 0.276605 14.0 0.282561 15.0 0.288121 16.0 0.293314 17.0 0.298165 18.0 0.302698 19.0 0.306925 20.0 0.310860 21.0 0.314516 22.0 0.317902 23.0 0.321029 24.0 0.323904 25.0 0.326537 26.0 0.328945 27.0 0.331137 28.0 0.333133 29.0 0.334952 30.0 0.336624
0.119432  0.0 0.133289 1.0 0.151767 2.0 0.168421 3.0 0.183466 4.0 0.197095 5.0 0.209476 6.0 0.220758 7.0 0.231071 8.0 0.240529 9.0 0.249231 10.0 0.257263 11.0 0.264700 12.0 0.271602 13.0 0.278023 14.0 0.284009 15.0 0.289596 16.0 0.294815 17.0 0.299691 18.0 0.304243 19.0 0.308491 20.0 0.312446 21.0 0.316119 22.0 0.319522 23.0 0.322663 24.0 0.325552 25.0 0.328199 26.0 0.330616 27.0 0.332818 28.0 0.334824 29.0 0.336654 30.0 0.338333
0.128235  0.0 0.133992 1.0 0.152564 2.0 0.169303 3.0 0.184426 4.0 0.198124 5.0 0.210566 6.0 0.221905 7.0 0.232270 8.0 0.241776 9.0 0.250521 10.0 0.258594 11.0 0.266067 12.0 0.273004 13.0 0.279457 14.0 0.285472 15.0 0.291087 16.0 0.296330 17.0 0.301232 18.0 0.305806 19.0 0.310073 20.0 0.314047 21.0 0.317739 22.0 0.321159 23.0 0.324313 24.0 0.327217 25.0 0.329877 26.0 0.332306 27.0 0.334519 28.0 0.336534 29.0 0.338372 30.0 0.340058
0.137686  0.0 0.134702 1.0 0.153370 2.0 0.170195 3.0 0.185395 4.0 0.199163 5.0 0.211669 6.0 0.223064 7.0 0.233482 8.0 0.243036 9.0 0.251826 10.0 0.259939 11.0 0.267449 12.0 0.274420 13.0 0.280906 14.0 0.286950 15.0 0.292592 16.0 0.297863 17.0 0.302788 18.0 0.307385 19.0 0.311674 20.0 0.315667 21.0 0.319377 22.0 0.322812 23.0 0.325983 24.0 0.328899 25.0 0.331572 26.0 0.334013 27.0 0.336237 28.0 0.338261 29.0 0.340107 30.0 0.341800
0.147834  0.0 0.135420 1.0 0.154185 2.0 0.171097 3.0 0.186374 4.0 0.200212 5.0 0.212783 6.0 0.224237 7.0 0.234707 8.0 0.244308 9.0 0.253144 10.0 0.261298 11.0 0.268845 12.0 0.275851 13.0 0.282370 14.0 0.288444 15.0 0.294115 16.0 0.299412 17.0 0.304359 18.0 0.308981 19.0 0.313290 20.0 0.317303 21.0 0.321030 22.0 0.324481 23.0 0.327669 24.0 0.330598 25.0 0.333284 26.0 0.335737 27.0 0.337972 28.0 0.340005 29.0 0.341859 30.0 0.343561
0.158730  0.0 0.136145 1.0 0.155009 2.0 0.172008 3.0 0.187364 4.0 0.201273 5.0 0.213909 6.0 0.225422 7.0 0.235945 8.0 0.245595 9.0 0.254475 10.0 0.262670 11.0 0.270256 12.0 0.277298 13.0 0.283848 14.0 0.289954 15.0 0.295653 16.0 0.300976 17.0 0.305947 18.0 0.310592 19.0 0.314923 20.0 0.318955 21.0 0.322701 22.0 0.326169 23.0 0.329372 24.0 0.332316 25.0 0.335014 26.0 0.337479 27.0 0.339724 28.0 0.341767 29.0 0.343630 30.0 0.345341
0.170430  0.0 0.136878 1.0 0.155841 2.0 0.172929 3.0 0.188365 4.0 0.202346 5.0 0.215046 6.0 0.226618 7.0 0.237196 8.0 0.246896 9.0 0.255820 10.0 0.264057 11.0 0.271682 12.0 0.278759 13.0 0.285342 14.0 0.291480 15.0 0.297207 16.0 0.302556 17.0 0.307554 18.0 0.312220 19.0 0.316573 20.0 0.320625 21.0 0.324388 22.0 0.327875 23.0 0.331092 24.0 0.334052 25.0 0.336763 26.0 0.339238 27.0 0.341494 28.0 0.343547 29.0 0.345421 30.0 0.347139
0.182991  0.0 0.137618 1.0 0.156681 2.0 0.173859 3.0 0.189376 4.0 0.203430 5.0 0.216196 6.0 0.227828 7.0 0.238460 8.0 0.248210 9.0 0.257179 10.0 0.265459 11.0 0.273123 12.0 0.280236 13.0 0.286852 14.0 0.293021 15.0 0.298777 16.0 0.304152 17.0 0.309176 18.0 0.313865 19.0 0.318239 20.0 0.322311 21.0 0.326095 22.0 0.329599 23.0 0.332830 24.0 0.335806 25.0 0.338530 26.0 0.341018 27.0 0.343285 28.0 0.345348 29.0 0.347229 30.0 0.348955
0.196479  0.0 0.138367 1.0 0.157531 2.0 0.174800 3.0 0.190399 4.0 0.204526 5.0 0.217358 6.0 0.229050 7.0 0.239737 8.0 0.249538 9.0 0.258554 10.0 0.266876 11.0 0.274579 12.0 0.281728 13.0 0.288380 14.0 0.294578 15.0 0.300363 16.0 0.305767 17.0 0.310816 18.0 0.315529 19.0 0.319925 20.0 0.324017 21.0 0.327819 22.0 0.331340 23.0 0.334589 24.0 0.337577 25.0 0.340316 26.0 0.342816 27.0 0.345094 28.0 0.347167 29.0 0.349057 30.0 0.350790
0.210960  0.0 0.139125 1.0 0.158391 2.0 0.175750 3.0 0.191432 4.0 0.205634 5.0 0.218533 6.0 0.230286 7.0 0.241028 8.0 0.250880 9.0 0.259944 10.0 0.268309 11.0 0.276050 12.0 0.283236 13.0 0.289923 14.0 0.296152 15.0 0.301967 16.0 0.307399 17.0 0.312473 18.0 0.317210 19.0 0.321628 20.0 0.325741 21.0 0.329562 22.0 0.333099 23.0 0.336365 24.0 0.339367 25.0 0.342120 26.0 0.344633 27.0 0.346921 28.0 0.349004 29.0 0.350903 30.0 0.352645
0.226509  0.0 0.139891 1.0 0.159260 2.0 0.176712 3.0 0.192476 4.0 0.206753 5.0 0.219721 6.0 0.231535 7.0 0.242334 8.0 0.252236 9.0 0.261348 10.0 0.269756 11.0 0.277538 12.0 0.284762 13.0 0.291482 14.0 0.297745 15.0 0.303589 16.0 0.309049 17.0 0.314147 18.0 0.318909 19.0 0.323350 20.0 0.327484 21.0 0.331323 22.0 0.334877 23.0 0.338161 24.0 0.341178 25.0 0.343942 26.0 0.346468 27.0 0.348768 28.0 0.350861 29.0 0.352769 30.0 0.354521
0.243204  0.0 0.140665 1.0 0.160138 2.0 0.177684 3.0 0.193532 4.0 0.207884 5.0 0.220921 6.0 0.232798 7.0 0.243654 8.0 0.253608 9.0 0.262767 10.0 0.271219 11.0 0.279043 12.0 0.286304 13.0 0.293058 14.0 0.299353 15.0 0.305228 16.0 0.310715 17.0 0.315840 18.0 0.320626 19.0 0.325089 20.0 0.329244 21.0 0.333102 22.0 0.336676 23.0 0.339975 24.0 0.343008 25.0 0.345786 26.0 0.348323 27.0 0.350634 28.0 0.352737 29.0 0.354656 30.0 0.356416
0.261129  0.0 0.141447 1.0 0.161026 2.0 0.178667 3.0 0.194600 4.0 0.209029 5.0 0.222135 6.0 0.234075 7.0 0.244988 8.0 0.254996 9.0 0.264202 10.0 0.272698 11.0 0.280563 12.0 0.287862 13.0 0.294651 14.0 0.300979 15.0 0.306885 16.0 0.312399 17.0 0.317552 18.0 0.322361 19.0 0.326847 20.0 0.331023 21.0 0.334901 22.0 0.338494 23.0 0.341808 24.0 0.344857 25.0 0.347649 26.0 0.350199 27.0 0.352521 28.0 0.354636 29.0 0.356564 30.0 0.358332
0.280376  0.0 0.142238 1.0 0.161924 2.0 0.179661 3.0 0.195680 4.0 0.210186 5.0 0.223362 6.0 0.235366 7.0 0.246337 8.0 0.256398 9.0 0.265652 10.0 0.274193 11.0 0.282100 12.0 0.289437 13.0 0.296261 14.0 0.302623 15.0 0.308559 16.0 0.314102 17.0 0.319282 18.0 0.324116 19.0 0.328624 20.0 0.332821 21.0 0.336721 22.0 0.340331 23.0 0.343661 24.0 0.346726 25.0 0.349533 26.0 0.352096 27.0 0.354430 28.0 0.356554 29.0 0.358491 30.0 0.360268
0.301041  0.0 0.143038 1.0 0.162832 2.0 0.180665 3.0 0.196771 4.0 0.211356 5.0 0.224602 6.0 0.236670 7.0 0.247700 8.0 0.257815 9.0 0.267119 10.0 0.275706 11.0 0.283653 12.0 0.291029 13.0 0.297890 14.0 0.304284 15.0 0.310251 16.0 0.315824 17.0 0.321031 18.0 0.325890 19.0 0.330422 20.0 0.334641 21.0 0.338560 22.0 0.342188 23.0 0.345536 24.0 0.348615 25.0 0.351437 26.0 0.354013 27.0 0.356358 28.0 0.358493 29.0 0.360440 30.0 0.362224
0.323229  0.0 0.143847 1.0 0.163750 2.0 0.181681 3.0 0.197875 4.0 0.212539 5.0 0.225857 6.0 0.237989 7.0 0.249079 8.0 0.259248 9.0 0.268602 10.0 0.277235 11.0 0.285224 12.0 0.292639 13.0 0.299537 14.0 0.305964 15.0 0.311963 16.0 0.317566 17.0 0.322798 18.0 0.327684 19.0 0.332239 20.0 0.336480 21.0 0.340419 22.0 0.344065 23.0 0.347431 24.0 0.350525 25.0 0.353361 26.0 0.355950 27.0 0.358308 28.0 0.360453 29.0 0.362409 30.0 0.364202
0.347053  0.0 0.144666 1.0 0.164679 2.0 0.182708 3.0 0.198991 4.0 0.213735 5.0 0.227126 6.0 0.239324 7.0 0.250473 8.0 0.260697 9.0 0.270102 10.0 0.278781 11.0 0.286812 12.0 0.294267 13.0 0.301202 14.0 0.307664 15.0 0.313694 16.0 0.319326 17.0 0.324585 18.0 0.329497 19.0 0.334077 20.0 0.338339 21.0 0.342298 22.0 0.345962 23.0 0.349347 24.0 0.352457 25.0 0.355306 26.0 0.357909 27.0 0.360279 28.0 0.362435 29.0 0.364400 30.0 0.366203
0.372633  0.0 0.145494 1.0 0.165618 2.0 0.183747 3.0 0.200120 4.0 0.214945 5.0 0.228409 6.0 0.240674 7.0 0.251884 8.0 0.262161 9.0 0.271618 10.0 0.280344 11.0 0.288419 12.0 0.295914 13.0 0.302886 14.0 0.309382 15.0 0.315445 16.0 0.321106 17.0 0.326393 18.0 0.331330 19.0 0.335934 20.0 0.340219 21.0 0.344198 22.0 0.347882 23.0 0.351284 24.0 0.354410 25.0 0.357273 26.0 0.359889 27.0 0.362271 28.0 0.364437 29.0 0.366413 30.0 0.368226
0.400098  0.0 0.146331 1.0 0.166569 2.0 0.184799 3.0 0.201261 4.0 0.216168 5.0 0.229707 6.0 0.242039 7.0 0.253310 8.0 0.263644 9.0 0.273151 10.0 0.281924 11.0 0.290044 12.0 0.297579 13.0 0.304588 14.0 0.311120 15.0 0.317214 16.0 0.322906 17.0 0.328221 18.0 0.333184 19.0 0.337812 20.0 0.342120 21.0 0.346119 22.0 0.349824 23.0 0.353242 24.0 0.356385 25.0 0.359263 26.0 0.361891 27.0 0.364285 28.0 0.366463 29.0 0.368450 30.0 0.370272
0.429587  0.0 0.147179 1.0 0.167530 2.0 0.185862 3.0 0.202416 4.0 0.217405 5.0 0.231019 6.0 0.243419 7.0 0.254752 8.0 0.265143 9.0 0.274702 10.0 0.283522 11.0 0.291687 12.0 0.299263 13.0 0.306309 14.0 0.312876 15.0 0.319004 16.0 0.324725 17.0 0.330070 18.0 0.335058 19.0 0.339711 20.0 0.344041 21.0 0.348062 22.0 0.351787 23.0 0.355221 24.0 0.358382 25.0 0.361275 26.0 0.363917 27.0 0.366323 28.0 0.368513 29.0 0.370509 30.0 0.372339
0.461250  0.0 0.148035 1.0 0.168502 2.0 0.186938 3.0 0.203584 4.0 0.218657 5.0 0.232346 6.0 0.244816 7.0 0.256211 8.0 0.266659 9.0 0.276270 10.0 0.285139 11.0 0.293348 12.0 0.300966 13.0 0.308049 14.0 0.314653 15.0 0.320814 16.0 0.326566 17.0 0.331940 18.0 0.336955 19.0 0.341631 20.0 0.345984 21.0 0.350028 22.0 0.353772 23.0 0.357224 24.0 0.360401 25.0 0.363310 26.0 0.365966 27.0 0.368384 28.0 0.370585 29.0 0.372591 30.0 0.374430
0.495246  0.0 0.148902 1.0 0.169485 2.0 0.188025 3.0 0.204766 4.0 0.219924 5.0 0.233689 6.0 0.246228 7.0 0.257687 8.0 0.268193 9.0 0.277856 10.0 0.286774 11.0 0.295029 12.0 0.302688 13.0 0.309811 14.0 0.316450 15.0 0.322644 16.0 0.328427 17.0 0.333831 18.0 0.338873 19.0 0.343574 20.0 0.347951 21.0 0.352016 22.0 0.355779 23.0 0.359250 24.0 0.362443 25.0 0.365368 26.0 0.368037 27.0 0.370469 28.0 0.372681 29.0 0.374697 30.0 0.376544
0.531749  0.0 0.149779 1.0 0.170480 2.0 0.189126 3.0 0.205962 4.0 0.221205 5.0 0.235047 6.0 0.247656 7.0 0.259179 8.0 0.269744 9.0 0.279461 10.0 0.288429 11.0 0.296728 12.0 0.304430 13.0 0.311593 14.0 0.318267 15.0 0.324495 16.0 0.330311 17.0 0.335743 18.0 0.340813 19.0 0.345540 20.0 0.349940 21.0 0.354026 22.0 0.357809 23.0 0.361299 24.0 0.364508 25.0 0.367449 26.0 0.370132 27.0 0.372576 28.0 0.374800 29.0 0.376826 30.0 0.378683
0.570941  0.0 0.150667 1.0 0.171487 2.0 0.190240 3.0 0.207172 4.0 0.222501 5.0 0.236421 6.0 0.249101 7.0 0.260689 8.0 0.271313 9.0 0.281085 10.0 0.290103 11.0 0.298448 12.0 0.306192 13.0 0.313395 14.0 0.320106 15.0 0.326368 16.0 0.332216 17.0 0.337677 18.0 0.342775 19.0 0.347528 20.0 0.351952 21.0 0.356060 22.0 0.359862 23.0 0.363372 24.0 0.366597 25.0 0.369553 26.0 0.372251 27.0 0.374708 28.0 0.376943 29.0 0.378979 30.0 0.380847
0.613023  0.0 0.151564 1.0 0.172506 2.0 0.191366 3.0 0.208395 4.0 0.223813 5.0 0.237811 6.0 0.250563 7.0 0.262216 8.0 0.272901 9.0 0.282728 10.0 0.291796 11.0 0.300187 12.0 0.307974 13.0 0.315219 14.0 0.321966 15.0 0.328263 16.0 0.334144 17.0 0.339634 18.0 0.344760 19.0 0.349539 20.0 0.353987 21.0 0.358117 22.0 0.361938 23.0 0.365468 24.0 0.368711 25.0 0.371682 26.0 0.374394 27.0 0.376864 28.0 0.379111 29.0 0.381157 30.0 0.383036
0.658206  0.0 0.152473 1.0 0.173536 2.0 0.192506 3.0 0.209634 4.0 0.225139 5.0 0.239219 6.0 0.252043 7.0 0.263762 8.0 0.274507 9.0 0.284390 10.0 0.293509 11.0 0.301948 12.0 0.309779 13.0 0.317063 14.0 0.323849 15.0 0.330181 16.0 0.336093 17.0 0.341613 18.0 0.346768 19.0 0.351573 20.0 0.356045 21.0 0.360197 22.0 0.364041 23.0 0.367589 24.0 0.370849 25.0 0.373835 26.0 0.376562 27.0 0.379045 28.0 0.381303 29.0 0.383362 30.0 0.385250
0.706719  0.0 0.153393 1.0 0.174579 2.0 0.193660 3.0 0.210887 4.0 0.226482 5.0 0.240642 6.0 0.253540 7.0 0.265326 8.0 0.276131 9.0 0.286072 10.0 0.295242 11.0 0.303729 12.0 0.311604 13.0 0.318929 14.0 0.325753 15.0 0.332121 16.0 0.338066 17.0 0.343616 18.0 0.348800 19.0 0.353631 20.0 0.358128 21.0 0.362302 22.0 0.366167 23.0 0.369734 24.0 0.373013 25.0 0.376015 26.0 0.378755 27.0 0.381251 28.0 0.383522 29.0 0.385592 30.0 0.387490
0.758808  0.0 0.154324 1.0 0.175636 2.0 0.194827 3.0 0.212155 4.0 0.227841 5.0 0.242083 6.0 0.255055 7.0 0.266909 8.0 0.277776 9.0 0.287773 10.0 0.296996 11.0 0.305531 12.0 0.313451 13.0 0.320817 14.0 0.327680 15.0 0.334083 16.0 0.340062 17.0 0.345644 18.0 0.350855 19.0 0.355714 20.0 0.360235 21.0 0.364432 22.0 0.368319 23.0 0.371905 24.0 0.375201 25.0 0.378220 26.0 0.380975 27.0 0.383484 28.0 0.385767 29.0 0.387848 30.0 0.389756
0.814736  0.0 0.155267 1.0 0.176704 2.0 0.196010 3.0 0.213438 4.0 0.229216 5.0 0.243541 6.0 0.256589 7.0 0.268511 8.0 0.279441 9.0 0.289495 10.0 0.298771 11.0 0.307355 12.0 0.315320 13.0 0.322728 14.0 0.329630 15.0 0.336069 16.0 0.342081 17.0 0.347695 18.0 0.352934 19.0 0.357820 20.0 0.362367 21.0 0.366587 22.0 0.370496 23.0 0.374100 24.0 0.377416 25.0 0.380451 26.0 0.383221 27.0 0.385744 28.0 0.388039 29.0 0.390131 30.0 0.392048
0.874786  0.0 0.156220 1.0 0.177786 2.0 0.197206 3.0 0.214737 4.0 0.230607 5.0 0.245017 6.0 0.258141 7.0 0.270132 8.0 0.281126 9.0 0.291238 10.0 0.300567 11.0 0.309201 12.0 0.317212 13.0 0.324661 14.0 0.331603 15.0 0.338079 16.0 0.344124 17.0 0.349771 18.0 0.355039 19.0 0.359952 20.0 0.364524 21.0 0.368768 22.0 0.372699 23.0 0.376323 24.0 0.379657 25.0 0.382709 26.0 0.385494 27.0 0.388031 28.0 0.390338 29.0 0.392441 30.0 0.394368
0.939262  0.0 0.157186 1.0 0.178882 2.0 0.198417 3.0 0.216052 4.0 0.232016 5.0 0.246511 6.0 0.259711 7.0 0.271773 8.0 0.282831 9.0 0.293001 10.0 0.302384 11.0 0.311069 12.0 0.319126 13.0 0.326618 14.0 0.333600 15.0 0.340113 16.0 0.346192 17.0 0.351871 18.0 0.357169 19.0 0.362110 20.0 0.366707 21.0 0.370976 22.0 0.374928 23.0 0.378572 24.0 0.381924 25.0 0.384993 26.0 0.387794 27.0 0.390345 28.0 0.392665 29.0 0.394779 30.0 0.396715
1.008491  0.0 0.158164 1.0 0.179990 2.0 0.199643 3.0 0.217383 4.0 0.233442 5.0 0.248023 6.0 0.261301 7.0 0.273434 8.0 0.284557 9.0 0.294786 10.0 0.304224 11.0 0.312959 12.0 0.321063 13.0 0.328598 14.0 0.335621 15.0 0.342171 16.0 0.348285 17.0 0.353997 18.0 0.359326 19.0 0.364293 20.0 0.368917 21.0 0.373210 22.0 0.377184 23.0 0.380849 24.0 0.384219 25.0 0.387306 26.0 0.390122 27.0 0.392686 28.0 0.395019 29.0 0.397144 30.0 0.399091
1.082822  0.0 0.159154 1.0 0.181113 2.0 0.200885 3.0 0.218731 4.0 0.234886 5.0 0.249553 6.0 0.262911 7.0 0.275115 8.0 0.286304 9.0 0.296593 10.0 0.306086 11.0 0.314873 12.0 0.323024 13.0 0.330603 14.0 0.337666 15.0 0.344255 16.0 0.350404 17.0 0.356149 18.0 0.361508 19.0 0.366504 20.0 0.371154 21.0 0.375472 22.0 0.379468 23.0 0.383153 24.0 0.386542 25.0 0.389646 26.0 0.392478 27.0 0.395056 28.0 0.397402 29.0 0.399538 30.0 0.401495
1.162632  0.0 0.160156 1.0 0.182250 2.0 0.202141 3.0 0.220096 4.0 0.236348 5.0 0.251103 6.0 0.264540 7.0 0.276818 8.0 0.288072 9.0 0.298423 10.0 0.307972 11.0 0.316810 12.0 0.325009 13.0 0.332633 14.0 0.339737 15.0 0.346364 16.0 0.352550 17.0 0.358327 18.0 0.363718 19.0 0.368742 20.0 0.373419 21.0 0.377761 22.0 0.381779 23.0 0.385486 24.0 0.388893 25.0 0.392014 26.0 0.394862 27.0 0.397455 28.0 0.399813 29.0 0.401961 30.0 0.403929
1.248324  0.0 0.161171 1.0 0.183401 2.0 0.203414 3.0 0.221478 4.0 0.237828 5.0 0.252672 6.0 0.266190 7.0 0.278541 8.0 0.289863 9.0 0.300275 10.0 0.309881 11.0 0.318772 12.0 0.327019 13.0 0.334688 14.0 0.341833 15.0 0.348499 16.0 0.354721 17.0 0.360532 18.0 0.365954 19.0 0.371008 20.0 0.375711 21.0 0.380078 22.0 0.384119 23.0 0.387847 24.0 0.391273 25.0 0.394412 26.0 0.397276 27.0 0.399884 28.0 0.402255 29.0 0.404414 30.0 0.406393
1.340332  0.0 0.162199 1.0 0.184566 2.0 0.204703 3.0 0.222877 4.0 0.239327 5.0 0.254261 6.0 0.267860 7.0 0.280286 8.0 0.291676 9.0 0.302150 10.0 0.311814 11.0 0.320758 12.0 0.329054 13.0 0.336769 14.0 0.343956 15.0 0.350661 16.0 0.356920 17.0 0.362765 18.0 0.368218 19.0 0.373302 20.0 0.378032 21.0 0.382424 22.0 0.386487 23.0 0.390237 24.0 0.393682 25.0 0.396839 26.0 0.399720 27.0 0.402342 28.0 0.404726 29.0 0.406898 30.0 0.408888
1.439121  0.0 0.163240 1.0 0.185747 2.0 0.206008 3.0 0.224294 4.0 0.240845 5.0 0.255869 6.0 0.269552 7.0 0.282053 8.0 0.293512 9.0 0.304049 10.0 0.313772 11.0 0.322768 12.0 0.331115 13.0 0.338876 14.0 0.346105 15.0 0.352849 16.0 0.359146 17.0 0.365025 18.0 0.370511 19.0 0.375624 20.0 0.380382 21.0 0.384799 22.0 0.388886 23.0 0.392657 24.0 0.396122 25.0 0.399297 26.0 0.402194 27.0 0.404831 28.0 0.407228 29.0 0.409412 30.0 0.411414
1.545192  0.0 0.164295 1.0 0.186942 2.0 0.207330 3.0 0.225729 4.0 0.242382 5.0 0.257499 6.0 0.271265 7.0 0.283842 8.0 0.295371 9.0 0.305972 10.0 0.315754 11.0 0.324805 12.0 0.333201 13.0 0.341009 14.0 0.348281 15.0 0.355066 16.0 0.361401 17.0 0.367314 18.0 0.372832 19.0 0.377975 20.0 0.382761 21.0 0.387204 22.0 0.391314 23.0 0.395108 24.0 0.398592 25.0 0.401785 26.0 0.404699 27.0 0.407351 28.0 0.409762 29.0 0.411957 30.0 0.413971
1.659081  0.0 0.165363 1.0 0.188153 2.0 0.208669 3.0 0.227183 4.0 0.243939 5.0 0.259149 6.0 0.273000 7.0 0.285654 8.0 0.297254 9.0 0.307920 10.0 0.317761 11.0 0.326867 12.0 0.335314 13.0 0.343169 14.0 0.350485 15.0 0.357311 16.0 0.363683 17.0 0.369632 18.0 0.375183 19.0 0.380357 20.0 0.385170 21.0 0.389639 22.0 0.393773 23.0 0.397589 24.0 0.401094 25.0 0.404305 26.0 0.407236 27.0 0.409903 28.0 0.412327 29.0 0.414535 30.0 0.416560
1.781363  0.0 0.166445 1.0 0.189380 2.0 0.210025 3.0 0.228655 4.0 0.245516 5.0 0.260821 6.0 0.274758 7.0 0.287490 8.0 0.299161 9.0 0.309893 10.0 0.319794 11.0 0.328955 12.0 0.337454 13.0 0.345357 14.0 0.352717 15.0 0.359584 16.0 0.365995 17.0 0.371979 18.0 0.377564 19.0 0.382768 20.0 0.387610 21.0 0.392105 22.0 0.396264 23.0 0.400102 24.0 0.403628 25.0 0.406857 26.0 0.409804 27.0 0.412487 28.0 0.414925 29.0 0.417146 30.0 0.419183
1.912659  0.0 0.167542 1.0 0.190623 2.0 0.211399 3.0 0.230147 4.0 0.247113 5.0 0.262514 6.0 0.276538 7.0 0.289349 8.0 0.301093 9.0 0.311891 10.0 0.321853 11.0 0.331071 12.0 0.339622 13.0 0.347573 14.0 0.354979 15.0 0.361887 16.0 0.368337 17.0 0.374357 18.0 0.379975 19.0 0.385210 20.0 0.390082 21.0 0.394603 22.0 0.398786 23.0 0.402648 24.0 0.406194 25.0 0.409442 26.0 0.412406 27.0 0.415104 28.0 0.417557 29.0 0.419790 30.0 0.421838
2.053632  0.0 0.168653 1.0 0.191883 2.0 0.212791 3.0 0.231658 4.0 0.248732 5.0 0.264229 6.0 0.278341 7.0 0.291233 8.0 0.303050 9.0 0.313915 10.0 0.323939 11.0 0.333214 12.0 0.341818 13.0 0.349818 14.0 0.357269 15.0 0.364220 16.0 0.370709 17.0 0.376765 18.0 0.382417 19.0 0.387684 20.0 0.392585 21.0 0.397133 22.0 0.401341 23.0 0.405226 24.0 0.408793 25.0 0.412060 26.0 0.415042 27.0 0.417755 28.0 0.420222 29.0 0.422468 30.0 0.424528
2.204996  0.0 0.169778 1.0 0.193159 2.0 0.214202 3.0 0.233189 4.0 0.250372 5.0 0.265968 6.0 0.280169 7.0 0.293142 8.0 0.305032 9.0 0.315966 10.0 0.326053 11.0 0.335385 12.0 0.344042 13.0 0.352092 14.0 0.359589 15.0 0.366583 16.0 0.373112 17.0 0.379205 18.0 0.384892 19.0 0.390191 20.0 0.395121 21.0 0.399697 22.0 0.403929 23.0 0.407837 24.0 0.411425 25.0 0.414712 26.0 0.417711 27.0 0.420441 28.0 0.422922 29.0 0.425181 30.0 0.427253
2.367515  0.0 0.170919 1.0 0.194452 2.0 0.215631 3.0 0.234741 4.0 0.252033 5.0 0.267729 6.0 0.282020 7.0 0.295075 8.0 0.307041 9.0 0.318043 10.0 0.328194 11.0 0.337585 12.0 0.346296 13.0 0.354396 14.0 0.361940 15.0 0.368977 16.0 0.375546 17.0 0.381677 18.0 0.387398 19.0 0.392730 20.0 0.397690 21.0 0.402293 22.0 0.406552 23.0 0.410483 24.0 0.414093 25.0 0.417398 26.0 0.420416 27.0 0.423161 28.0 0.425657 29.0 0.427930 30.0 0.430014
2.542014  0.0 0.172076 1.0 0.195763 2.0 0.217079 3.0 0.236313 4.0 0.253717 5.0 0.269514 6.0 0.283896 7.0 0.297035 8.0 0.309077 9.0 0.320149 10.0 0.330363 11.0 0.339814 12.0 0.348580 13.0 0.356731 14.0 0.364322 15.0 0.371402 16.0 0.378012 17.0 0.384182 18.0 0.389938 19.0 0.395302 20.0 0.400293 21.0 0.404924 22.0 0.409208 23.0 0.413163 24.0 0.416795 25.0 0.420121 26.0 0.423156 27.0 0.425918 28.0 0.428429 29.0 0.430714 30.0 0.432810
2.729373  0.0 0.173248 1.0 0.197091 2.0 0.218548 3.0 0.237906 4.0 0.255423 5.0 0.271322 6.0 0.285797 7.0 0.299020 8.0 0.311140 9.0 0.322282 10.0 0.332562 11.0 0.342073 12.0 0.350894 13.0 0.359097 14.0 0.366735 15.0 0.373860 16.0 0.380512 17.0 0.386720 18.0 0.392512 19.0 0.397909 20.0 0.402930 21.0 0.407590 22.0 0.411901 23.0 0.415879 24.0 0.419533 25.0 0.422879 26.0 0.425933 27.0 0.428711 28.0 0.431237 29.0 0.433536 30.0 0.435644
2.930542  0.0 0.174436 1.0 0.198437 2.0 0.220036 3.0 0.239521 4.0 0.257153 5.0 0.273155 6.0 0.287724 7.0 0.301033 8.0 0.313230 9.0 0.324444 10.0 0.334789 11.0 0.344362 12.0 0.353240 13.0 0.361494 14.0 0.369181 15.0 0.376351 16.0 0.383044 17.0 0.389291 18.0 0.395120 19.0 0.400550 20.0 0.405603 21.0 0.410292 22.0 0.414629 23.0 0.418632 24.0 0.422307 25.0 0.425674 26.0 0.428746 27.0 0.431542 28.0 0.434082 29.0 0.436395 30.0 0.438515
3.146539  0.0 0.175640 1.0 0.199802 2.0 0.221544 3.0 0.241159 4.0 0.258906 5.0 0.275014 6.0 0.289678 7.0 0.303073 8.0 0.315349 9.0 0.326636 10.0 0.337048 11.0 0.346682 12.0 0.355617 13.0 0.363924 14.0 0.371661 15.0 0.378876 16.0 0.385611 17.0 0.391898 18.0 0.397763 19.0 0.403227 20.0 0.408311 21.0 0.413030 22.0 0.417394 23.0 0.421421 24.0 0.425119 25.0 0.428507 26.0 0.431598 27.0 0.434410 28.0 0.436966 29.0 0.439293 30.0 0.441426
3.378455  0.0 0.176861 1.0 0.201186 2.0 0.223073 3.0 0.242819 4.0 0.260684 5.0 0.276897 6.0 0.291658 7.0 0.305140 8.0 0.317497 9.0 0.328858 10.0 0.339336 11.0 0.349033 12.0 0.358027 13.0 0.366386 14.0 0.374174 15.0 0.381436 16.0 0.388213 17.0 0.394540 18.0 0.400442 19.0 0.405941 20.0 0.411057 21.0 0.415805 22.0 0.420196 23.0 0.424249 24.0 0.427969 25.0 0.431378 26.0 0.434488 27.0 0.437318 28.0 0.439889 29.0 0.442230 30.0 0.444375
3.627465  0.0 0.178100 1.0 0.202590 2.0 0.224624 3.0 0.244502 4.0 0.262486 5.0 0.278807 6.0 0.293665 7.0 0.307237 8.0 0.319674 9.0 0.331110 10.0 0.341657 11.0 0.351417 12.0 0.360469 13.0 0.368883 14.0 0.376721 15.0 0.384030 16.0 0.390851 17.0 0.397218 18.0 0.403158 19.0 0.408691 20.0 0.413840 21.0 0.418618 22.0 0.423037 23.0 0.427115 24.0 0.430859 25.0 0.434289 26.0 0.437418 27.0 0.440265 28.0 0.442852 29.0 0.445207 30.0 0.447365
3.894828  0.0 0.179356 1.0 0.204013 2.0 0.226197 3.0 0.246209 4.0 0.264314 5.0 0.280743 6.0 0.295700 7.0 0.309362 8.0 0.321882 9.0 0.333394 10.0 0.344011 11.0 0.353834 12.0 0.362946 13.0 0.371414 14.0 0.379304 15.0 0.386660 16.0 0.393524 17.0 0.399934 18.0 0.405911 19.0 0.411480 20.0 0.416661 21.0 0.421470 22.0 0.425918 23.0 0.430020 24.0 0.433788 25.0 0.437240 26.0 0.440388 27.0 0.443253 28.0 0.445856 29.0 0.448226 30.0 0.450396
4.181897  0.0 0.180630 1.0 0.205456 2.0 0.227792 3.0 0.247940 4.0 0.266167 5.0 0.282706 6.0 0.297763 7.0 0.311517 8.0 0.324120 9.0 0.335709 10.0 0.346396 11.0 0.356285 12.0 0.365456 13.0 0.373981 14.0 0.381922 15.0 0.389327 16.0 0.396236 17.0 0.402687 18.0 0.408702 19.0 0.414307 20.0 0.419521 21.0 0.424361 22.0 0.428838 23.0 0.432966 24.0 0.436758 25.0 0.440232 26.0 0.443400 27.0 0.446282 28.0 0.448902 29.0 0.451286 30.0 0.453469
4.490125  0.0 0.181922 1.0 0.206920 2.0 0.229409 3.0 0.249695 4.0 0.268046 5.0 0.284697 6.0 0.299856 7.0 0.313702 8.0 0.326389 9.0 0.338057 10.0 0.348816 11.0 0.358770 12.0 0.368002 13.0 0.376584 14.0 0.384578 15.0 0.392031 16.0 0.398985 17.0 0.405478 18.0 0.411532 19.0 0.417174 20.0 0.422422 21.0 0.427293 22.0 0.431799 23.0 0.435953 24.0 0.439770 25.0 0.443265 26.0 0.446453 27.0 0.449354 28.0 0.451990 29.0 0.454390 30.0 0.456585
4.821070  0.0 0.183232 1.0 0.208405 2.0 0.231050 3.0 0.251475 4.0 0.269952 5.0 0.286716 6.0 0.301978 7.0 0.315918 8.0 0.328692 9.0 0.340438 10.0 0.351269 11.0 0.361290 12.0 0.370584 13.0 0.379224 14.0 0.387271 15.0 0.394773 16.0 0.401774 17.0 0.408309 18.0 0.414402 19.0 0.420082 20.0 0.425364 21.0 0.430266 22.0 0.434802 23.0 0.438981 24.0 0.442824 25.0 0.446342 26.0 0.449550 27.0 0.452469 28.0 0.455122 29.0 0.457536 30.0 0.459746
5.176408  0.0 0.184562 1.0 0.209911 2.0 0.232714 3.0 0.253281 4.0 0.271885 5.0 0.288764 6.0 0.304131 7.0 0.318165 8.0 0.331028 9.0 0.342853 10.0 0.353758 11.0 0.363846 12.0 0.373203 13.0 0.381901 14.0 0.390002 15.0 0.397555 16.0 0.404602 17.0 0.411180 18.0 0.417314 19.0 0.423032 20.0 0.428348 21.0 0.433281 22.0 0.437847 23.0 0.442053 24.0 0.445922 25.0 0.449462 26.0 0.452690 27.0 0.455628 28.0 0.458298 29.0 0.460728 30.0 0.462951
5.557937  0.0 0.185911 1.0 0.211439 2.0 0.234402 3.0 0.255112 4.0 0.273845 5.0 0.290842 6.0 0.306315 7.0 0.320447 8.0 0.333397 9.0 0.345303 10.0 0.356282 11.0 0.366438 12.0 0.375859 13.0 0.384617 14.0 0.392772 15.0 0.400376 16.0 0.407471 17.0 0.414092 18.0 0.420268 19.0 0.426023 20.0 0.431375 21.0 0.436340 22.0 0.440936 23.0 0.445170 24.0 0.449064 25.0 0.452626 26.0 0.455875 27.0 0.458832 28.0 0.461519 29.0 0.463966 30.0 0.466203
5.967586  0.0 0.187279 1.0 0.212990 2.0 0.236115 3.0 0.256970 4.0 0.275835 5.0 0.292951 6.0 0.308531 7.0 0.322761 8.0 0.335800 9.0 0.347788 10.0 0.358843 11.0 0.369068 12.0 0.378553 13.0 0.387372 14.0 0.395582 15.0 0.403237 16.0 0.410381 17.0 0.417046 18.0 0.423265 19.0 0.429058 20.0 0.434446 21.0 0.439443 22.0 0.444069 23.0 0.448333 24.0 0.452251 25.0 0.455836 26.0 0.459107 27.0 0.462082 28.0 0.464787 29.0 0.467250 30.0 0.469502
6.407428  0.0 0.188668 1.0 0.214563 2.0 0.237853 3.0 0.258856 4.0 0.277853 5.0 0.295091 6.0 0.310780 7.0 0.325109 8.0 0.338239 9.0 0.350309 10.0 0.361440 11.0 0.371738 12.0 0.381288 13.0 0.390167 14.0 0.398432 15.0 0.406140 16.0 0.413334 17.0 0.420044 18.0 0.426305 19.0 0.432137 20.0 0.437561 21.0 0.442593 22.0 0.447248 23.0 0.451541 24.0 0.455485 25.0 0.459093 26.0 0.462385 27.0 0.465380 28.0 0.468103 29.0 0.470581 30.0 0.472849
6.879689  0.0 0.190078 1.0 0.216160 2.0 0.239616 3.0 0.260771 4.0 0.279903 5.0 0.297261 6.0 0.313061 7.0 0.327491 8.0 0.340713 9.0 0.352868 10.0 0.364076 11.0 0.374447 12.0 0.384063 13.0 0.393003 14.0 0.401325 15.0 0.409086 16.0 0.416329 17.0 0.423086 18.0 0.429390 19.0 0.435262 20.0 0.440722 21.0 0.445788 22.0 0.450474 23.0 0.454797 24.0 0.458766 25.0 0.462398 26.0 0.465712 27.0 0.468727 28.0 0.471467 29.0 0.473962 30.0 0.476245
7.386758  0.0 0.191509 1.0 0.217781 2.0 0.241407 3.0 0.262713 4.0 0.281982 5.0 0.299464 6.0 0.315377 7.0 0.329908 8.0 0.343224 9.0 0.355465 10.0 0.366751 11.0 0.377195 12.0 0.386880 13.0 0.395880 14.0 0.404262 15.0 0.412077 16.0 0.419369 17.0 0.426174 18.0 0.432520 19.0 0.438432 20.0 0.443930 21.0 0.449031 22.0 0.453747 23.0 0.458100 24.0 0.462095 25.0 0.465753 26.0 0.469090 27.0 0.472125 28.0 0.474883 29.0 0.477393 30.0 0.479691
7.931200  0.0 0.192962 1.0 0.219426 2.0 0.243225 3.0 0.264685 4.0 0.284093 5.0 0.301700 6.0 0.317726 7.0 0.332362 8.0 0.345772 9.0 0.358101 10.0 0.369468 11.0 0.379985 12.0 0.389738 13.0 0.398801 14.0 0.407243 15.0 0.415113 16.0 0.422454 17.0 0.429308 18.0 0.435697 19.0 0.441649 20.0 0.447185 21.0 0.452322 22.0 0.457072 23.0 0.461453 24.0 0.465474 25.0 0.469158 26.0 0.472518 27.0 0.475574 28.0 0.478350 29.0 0.480875 30.0 0.483189
8.515771  0.0 0.194437 1.0 0.221097 2.0 0.245070 3.0 0.266687 4.0 0.286236 5.0 0.303969 6.0 0.320111 7.0 0.334852 8.0 0.348359 9.0 0.360777 10.0 0.372225 11.0 0.382816 12.0 0.392639 13.0 0.401767 14.0 0.410269 15.0 0.418194 16.0 0.425587 17.0 0.432488 18.0 0.438921 19.0 0.444915 20.0 0.450489 21.0 0.455662 22.0 0.460446 23.0 0.464856 24.0 0.468906 25.0 0.472615 26.0 0.475997 27.0 0.479074 28.0 0.481869 29.0 0.484412 30.0 0.486739
9.143428  0.0 0.195934 1.0 0.222793 2.0 0.246943 3.0 0.268719 4.0 0.288411 5.0 0.306274 6.0 0.322533 7.0 0.337381 8.0 0.350986 9.0 0.363493 10.0 0.375024 11.0 0.385690 12.0 0.395583 13.0 0.404779 14.0 0.413340 15.0 0.421322 16.0 0.428768 17.0 0.435716 18.0 0.442195 19.0 0.448232 20.0 0.453845 21.0 0.459053 22.0 0.463871 23.0 0.468310 24.0 0.472391 25.0 0.476125 26.0 0.479530 27.0 0.482627 28.0 0.485442 29.0 0.488003 30.0 0.490344
9.817346  0.0 0.197455 1.0 0.224514 2.0 0.248845 3.0 0.270782 4.0 0.290619 5.0 0.308615 6.0 0.324993 7.0 0.339949 8.0 0.353653 9.0 0.366250 10.0 0.377865 11.0 0.388608 12.0 0.398573 13.0 0.407836 14.0 0.416458 15.0 0.424497 16.0 0.431998 17.0 0.438994 18.0 0.445521 19.0 0.451601 20.0 0.457253 21.0 0.462495 22.0 0.467348 23.0 0.471819 24.0 0.475928 25.0 0.479688 26.0 0.483116 27.0 0.486235 28.0 0.489069 29.0 0.491648 30.0 0.494006
10.540936  0.0 0.199000 1.0 0.226264 2.0 0.250777 3.0 0.272878 4.0 0.292862 5.0 0.310992 6.0 0.327491 7.0 0.342557 8.0 0.356362 9.0 0.369050 10.0 0.380750 11.0 0.391574 12.0 0.401610 13.0 0.410939 14.0 0.419624 15.0 0.427721 16.0 0.435277 17.0 0.442324 18.0 0.448898 19.0 0.455021 20.0 0.460714 21.0 0.465994 22.0 0.470879 23.0 0.475383 24.0 0.479521 25.0 0.483305 26.0 0.486757 27.0 0.489898 28.0 0.492753 29.0 0.495350 30.0 0.497726
11.317858  0.0 0.200569 1.0 0.228041 2.0 0.252740 3.0 0.275007 4.0 0.295141 5.0 0.313405 6.0 0.330027 7.0 0.345205 8.0 0.359111 9.0 0.371895 10.0 0.383680 11.0 0.394584 12.0 0.404695 13.0 0.414091 14.0 0.422840 15.0 0.430996 16.0 0.438606 17.0 0.445706 18.0 0.452327 19.0 0.458494 20.0 0.464228 21.0 0.469547 22.0 0.474465 23.0 0.479003 24.0 0.483168 25.0 0.486979 26.0 0.490458 27.0 0.493621 28.0 0.496494 29.0 0.499110 30.0 0.501503
12.152043  0.0 0.202163 1.0 0.229846 2.0 0.254733 3.0 0.277169 4.0 0.297455 5.0 0.315856 6.0 0.332602 7.0 0.347894 8.0 0.361904 9.0 0.374785 10.0 0.386657 11.0 0.397642 12.0 0.407828 13.0 0.417293 14.0 0.426108 15.0 0.434325 16.0 0.441988 17.0 0.449142 18.0 0.455810 19.0 0.462021 20.0 0.467797 21.0 0.473156 22.0 0.478110 23.0 0.482680 24.0 0.486874 25.0 0.490715 26.0 0.494218 27.0 0.497403 28.0 0.500297 29.0 0.502929 30.0 0.505339
13.047712  0.0 0.203782 1.0 0.231679 2.0 0.256758 3.0 0.279365 4.0 0.299806 5.0 0.318346 6.0 0.335219 7.0 0.350626 8.0 0.364743 9.0 0.377720 10.0 0.389682 11.0 0.400748 12.0 0.411010 13.0 0.420548 14.0 0.429428 15.0 0.437705 16.0 0.445426 17.0 0.452631 18.0 0.459348 19.0 0.465605 20.0 0.471422 21.0 0.476821 22.0 0.481813 23.0 0.486414 24.0 0.490641 25.0 0.494510 26.0 0.498037 27.0 0.501246 28.0 0.504161 29.0 0.506812 30.0 0.509236
14.009397  0.0 0.205428 1.0 0.233542 2.0 0.258815 3.0 0.281596 4.0 0.302194 5.0 0.320877 6.0 0.337879 7.0 0.353404 8.0 0.367628 9.0 0.380702 10.0 0.392754 11.0 0.403903 12.0 0.414243 13.0 0.423854 14.0 0.432800 15.0 0.441139 16.0 0.448919 17.0 0.456176 18.0 0.462944 19.0 0.469249 20.0 0.475109 21.0 0.480545 22.0 0.485576 23.0 0.490209 24.0 0.494469 25.0 0.498365 26.0 0.501918 27.0 0.505150 28.0 0.508087 29.0 0.510758 30.0 0.513199
15.041963  0.0 0.207101 1.0 0.235437 2.0 0.260906 3.0 0.283865 4.0 0.304622 5.0 0.323449 6.0 0.340582 7.0 0.356226 8.0 0.370558 9.0 0.383731 10.0 0.395875 11.0 0.407112 12.0 0.417530 13.0 0.427213 14.0 0.436225 15.0 0.444629 16.0 0.452469 17.0 0.459780 18.0 0.466600 19.0 0.472951 20.0 0.478856 21.0 0.484332 22.0 0.489398 23.0 0.494068 24.0 0.498358 25.0 0.502282 26.0 0.505861 27.0 0.509117 28.0 0.512076 29.0 0.514768 30.0 0.517228
16.150634  0.0 0.208801 1.0 0.237361 2.0 0.263032 3.0 0.286170 4.0 0.307089 5.0 0.326062 6.0 0.343327 7.0 0.359092 8.0 0.373535 9.0 0.386813 10.0 0.399049 11.0 0.410372 12.0 0.420871 13.0 0.430625 14.0 0.439710 15.0 0.448176 16.0 0.456075 17.0 0.463444 18.0 0.470315 19.0 0.476714 20.0 0.482663 21.0 0.488182 22.0 0.493283 23.0 0.497991 24.0 0.502311 25.0 0.506264 26.0 0.509872 27.0 0.513152 28.0 0.516130 29.0 0.518843 30.0 0.521323
17.341020  0.0 0.210528 1.0 0.239317 2.0 0.265192 3.0 0.288513 4.0 0.309596 5.0 0.328717 6.0 0.346118 7.0 0.362006 8.0 0.376563 9.0 0.389944 10.0 0.402276 11.0 0.413685 12.0 0.424266 13.0 0.434097 14.0 0.443252 15.0 0.451784 16.0 0.459741 17.0 0.467168 18.0 0.474090 19.0 0.480537 20.0 0.486533 21.0 0.492095 22.0 0.497237 23.0 0.501978 24.0 0.506330 25.0 0.510316 26.0 0.513950 27.0 0.517255 28.0 0.520257 29.0 0.522986 30.0 0.525485
18.619144  0.0 0.212286 1.0 0.241306 2.0 0.267387 3.0 0.290895 4.0 0.312145 5.0 0.331419 6.0 0.348957 7.0 0.364970 8.0 0.379641 9.0 0.393126 10.0 0.405555 11.0 0.417053 12.0 0.427716 13.0 0.437627 14.0 0.446852 15.0 0.455451 16.0 0.463472 17.0 0.470954 18.0 0.477930 19.0 0.484428 20.0 0.490468 21.0 0.496072 22.0 0.501256 23.0 0.506031 24.0 0.510420 25.0 0.514435 26.0 0.518097 27.0 0.521427 28.0 0.524452 29.0 0.527204 30.0 0.529717
19.991472  0.0 0.214073 1.0 0.243329 2.0 0.269621 3.0 0.293317 4.0 0.314738 5.0 0.334165 6.0 0.351843 7.0 0.367984 8.0 0.382771 9.0 0.396362 10.0 0.408888 11.0 0.420480 12.0 0.431227 13.0 0.441215 14.0 0.450511 15.0 0.459178 16.0 0.467264 17.0 0.474803 18.0 0.481836 19.0 0.488385 20.0 0.494473 21.0 0.500119 22.0 0.505342 23.0 0.510156 24.0 0.514578 25.0 0.518624 26.0 0.522313 27.0 0.525669 28.0 0.528718 29.0 0.531492 30.0 0.534027
21.464947  0.0 0.215889 1.0 0.245386 2.0 0.271892 3.0 0.295780 4.0 0.317374 5.0 0.336956 6.0 0.354776 7.0 0.371047 8.0 0.385952 9.0 0.399654 10.0 0.412280 11.0 0.423964 12.0 0.434797 13.0 0.444862 14.0 0.454236 15.0 0.462971 16.0 0.471119 17.0 0.478722 18.0 0.485809 19.0 0.492408 20.0 0.498545 21.0 0.504236 22.0 0.509497 23.0 0.514352 24.0 0.518807 25.0 0.522883 26.0 0.526603 27.0 0.529985 28.0 0.533057 29.0 0.535853 30.0 0.538409
23.047026  0.0 0.217738 1.0 0.247477 2.0 0.274201 3.0 0.298284 4.0 0.320054 5.0 0.339797 6.0 0.357761 7.0 0.374163 8.0 0.389190 9.0 0.403002 10.0 0.415730 11.0 0.427507 12.0 0.438428 13.0 0.448577 14.0 0.458025 15.0 0.466831 16.0 0.475043 17.0 0.482706 18.0 0.489848 19.0 0.496500 20.0 0.502685 21.0 0.508424 22.0 0.513730 23.0 0.518620 24.0 0.523110 25.0 0.527222 26.0 0.530971 27.0 0.534380 28.0 0.537476 29.0 0.540292 30.0 0.542867
24.745712  0.0 0.219618 1.0 0.249606 2.0 0.276551 3.0 0.300833 4.0 0.322782 5.0 0.342686 6.0 0.360798 7.0 0.377334 8.0 0.392483 9.0 0.406406 10.0 0.419239 11.0 0.431112 12.0 0.442121 13.0 0.452354 14.0 0.461878 15.0 0.470756 16.0 0.479037 17.0 0.486759 18.0 0.493961 19.0 0.500668 20.0 0.506902 21.0 0.512684 22.0 0.518035 23.0 0.522962 24.0 0.527493 25.0 0.531636 26.0 0.535414 27.0 0.538851 28.0 0.541973 29.0 0.544812 30.0 0.547406
26.569601  0.0 0.221531 1.0 0.251771 2.0 0.278942 3.0 0.303426 4.0 0.325557 5.0 0.345625 6.0 0.363886 7.0 0.380559 8.0 0.395833 9.0 0.409873 10.0 0.422809 11.0 0.434782 12.0 0.445882 13.0 0.456197 14.0 0.465799 15.0 0.474749 16.0 0.483099 17.0 0.490886 18.0 0.498148 19.0 0.504909 20.0 0.511194 21.0 0.517024 22.0 0.522415 23.0 0.527387 24.0 0.531951 25.0 0.536127 26.0 0.539935 27.0 0.543400 28.0 0.546548 29.0 0.549412 30.0 0.552029
28.527919  0.0 0.223478 1.0 0.253973 2.0 0.281373 3.0 0.306063 4.0 0.328379 5.0 0.348616 6.0 0.367030 7.0 0.383841 8.0 0.399243 9.0 0.413401 10.0 0.426444 11.0 0.438515 12.0 0.449709 13.0 0.460109 14.0 0.469793 15.0 0.478818 16.0 0.487234 17.0 0.495088 18.0 0.502407 19.0 0.509223 20.0 0.515561 21.0 0.521441 22.0 0.526877 23.0 0.531889 24.0 0.536489 25.0 0.540702 26.0 0.544544 27.0 0.548037 28.0 0.551210 29.0 0.554095 30.0 0.556735
30.630576  0.0 0.225459 1.0 0.256216 2.0 0.283850 3.0 0.308749 4.0 0.331253 5.0 0.351661 6.0 0.370230 7.0 0.387183 8.0 0.402715 9.0 0.416989 10.0 0.430142 11.0 0.442315 12.0 0.453601 13.0 0.464093 14.0 0.473856 15.0 0.482957 16.0 0.491446 17.0 0.499363 18.0 0.506745 19.0 0.513620 20.0 0.520010 21.0 0.525937 22.0 0.531421 23.0 0.536471 24.0 0.541115 25.0 0.545362 26.0 0.549235 27.0 0.552758 28.0 0.555959 29.0 0.558869 30.0 0.561527
32.888209  0.0 0.227475 1.0 0.258498 2.0 0.286370 3.0 0.311482 4.0 0.334179 5.0 0.354758 6.0 0.373486 7.0 0.390584 8.0 0.406246 9.0 0.420645 10.0 0.433908 11.0 0.446186 12.0 0.457570 13.0 0.468146 14.0 0.477994 15.0 0.487172 16.0 0.495734 17.0 0.503719 18.0 0.511164 19.0 0.518097 20.0 0.524541 21.0 0.530519 22.0 0.536047 23.0 0.541144 24.0 0.545825 25.0 0.550107 26.0 0.554012 27.0 0.557565 28.0 0.560794 29.0 0.563731 30.0 0.566414
35.312242  0.0 0.229529 1.0 0.260822 2.0 0.288934 3.0 0.314264 4.0 0.337155 5.0 0.357914 6.0 0.376802 7.0 0.394046 8.0 0.409845 9.0 0.424367 10.0 0.437744 11.0 0.450126 12.0 0.461608 13.0 0.472277 14.0 0.482210 15.0 0.491468 16.0 0.500101 17.0 0.508156 18.0 0.515663 19.0 0.522654 20.0 0.529155 21.0 0.535187 22.0 0.540762 23.0 0.545903 24.0 0.550622 25.0 0.554944 26.0 0.558885 27.0 0.562469 28.0 0.565724 29.0 0.568683 30.0 0.571391
37.914938  0.0 0.231620 1.0 0.263189 2.0 0.291548 3.0 0.317098 4.0 0.340189 5.0 0.361127 6.0 0.380180 7.0 0.397574 8.0 0.413510 9.0 0.428156 10.0 0.441649 11.0 0.454140 12.0 0.465721 13.0 0.476485 14.0 0.486503 15.0 0.495841 16.0 0.504552 17.0 0.512674 18.0 0.520250 19.0 0.527303 20.0 0.533859 21.0 0.539940 22.0 0.545568 23.0 0.550751 24.0 0.555515 25.0 0.559874 26.0 0.563848 27.0 0.567464 28.0 0.570749 29.0 0.573737 30.0 0.576465
40.709467  0.0 0.233749 1.0 0.265597 2.0 0.294207 3.0 0.319982 4.0 0.343277 5.0 0.364398 6.0 0.383617 7.0 0.401165 8.0 0.417240 9.0 0.432019 10.0 0.445629 11.0 0.458230 12.0 0.469914 13.0 0.480769 14.0 0.490879 15.0 0.500299 16.0 0.509085 17.0 0.517283 18.0 0.524924 19.0 0.532039 20.0 0.538654 21.0 0.544790 22.0 0.550462 23.0 0.555697 24.0 0.560501 25.0 0.564896 26.0 0.568908 27.0 0.572556 28.0 0.575869 29.0 0.578886 30.0 0.581642
43.709968  0.0 0.235919 1.0 0.268053 2.0 0.296918 3.0 0.322923 4.0 0.346423 5.0 0.367733 6.0 0.387123 7.0 0.404826 8.0 0.421045 9.0 0.435953 10.0 0.449684 11.0 0.462395 12.0 0.474185 13.0 0.485141 14.0 0.495339 15.0 0.504844 16.0 0.513709 17.0 0.521978 18.0 0.529686 19.0 0.536866 20.0 0.543539 21.0 0.549732 22.0 0.555460 23.0 0.560736 24.0 0.565586 25.0 0.570024 26.0 0.574071 27.0 0.577753 28.0 0.581098 29.0 0.584139 30.0 0.586918
46.931621  0.0 0.238128 1.0 0.270553 2.0 0.299679 3.0 0.325917 4.0 0.349629 5.0 0.371129 6.0 0.390693 7.0 0.408555 8.0 0.424919 9.0 0.439963 10.0 0.453815 11.0 0.466645 12.0 0.478540 13.0 0.489593 14.0 0.499883 15.0 0.509473 16.0 0.518422 17.0 0.526766 18.0 0.534547 19.0 0.541791 20.0 0.548526 21.0 0.554773 22.0 0.560552 23.0 0.565880 24.0 0.570773 25.0 0.575250 26.0 0.579334 27.0 0.583050 28.0 0.586428 29.0 0.589500 30.0 0.592306
50.390726  0.0 0.240381 1.0 0.273102 2.0 0.302492 3.0 0.328969 4.0 0.352895 5.0 0.374591 6.0 0.394333 7.0 0.412357 8.0 0.428871 9.0 0.444051 10.0 0.458030 11.0 0.470974 12.0 0.482979 13.0 0.494135 14.0 0.504521 15.0 0.514200 16.0 0.523227 17.0 0.531650 18.0 0.539500 19.0 0.546811 20.0 0.553609 21.0 0.559917 22.0 0.565749 23.0 0.571126 24.0 0.576063 25.0 0.580586 26.0 0.584710 27.0 0.588461 28.0 0.591869 29.0 0.594968 30.0 0.597803
54.104786  0.0 0.242674 1.0 0.275699 2.0 0.305360 3.0 0.332080 4.0 0.356226 5.0 0.378120 6.0 0.398043 7.0 0.416233 8.0 0.432898 9.0 0.448218 10.0 0.462323 11.0 0.475391 12.0 0.487506 13.0 0.498766 14.0 0.509247 15.0 0.519018 16.0 0.528132 17.0 0.536630 18.0 0.544558 19.0 0.551938 20.0 0.558799 21.0 0.565163 22.0 0.571053 23.0 0.576480 24.0 0.581468 25.0 0.586031 26.0 0.590194 27.0 0.593982 28.0 0.597425 29.0 0.600556 30.0 0.603416
58.092591  0.0 0.245015 1.0 0.278347 2.0 0.308282 3.0 0.335250 4.0 0.359619 5.0 0.381718 6.0 0.401825 7.0 0.420184 8.0 0.437006 9.0 0.452470 10.0 0.466707 11.0 0.479895 12.0 0.492126 13.0 0.503491 14.0 0.514073 15.0 0.523936 16.0 0.533133 17.0 0.541717 18.0 0.549717 19.0 0.557167 20.0 0.564094 21.0 0.570523 22.0 0.576466 23.0 0.581948 24.0 0.586980 25.0 0.591591 26.0 0.595796 27.0 0.599621 28.0 0.603097 29.0 0.606257 30.0 0.609150
62.374318  0.0 0.247399 1.0 0.281046 2.0 0.311264 3.0 0.338485 4.0 0.363083 5.0 0.385387 6.0 0.405684 7.0 0.424216 8.0 0.441196 9.0 0.456805 10.0 0.471175 11.0 0.484491 12.0 0.496837 13.0 0.508314 14.0 0.518995 15.0 0.528953 16.0 0.538243 17.0 0.546904 18.0 0.554985 19.0 0.562508 20.0 0.569502 21.0 0.575990 22.0 0.581997 23.0 0.587529 24.0 0.592617 25.0 0.597272 26.0 0.601518 27.0 0.605382 28.0 0.608895 29.0 0.612090 30.0 0.615008
66.971631  0.0 0.249833 1.0 0.283799 2.0 0.314303 3.0 0.341782 4.0 0.366612 5.0 0.389129 6.0 0.409619 7.0 0.428328 8.0 0.445471 9.0 0.461232 10.0 0.475739 11.0 0.489182 12.0 0.501649 13.0 0.513234 14.0 0.524023 15.0 0.534078 16.0 0.543455 17.0 0.552208 18.0 0.560365 19.0 0.567961 20.0 0.575025 21.0 0.581582 22.0 0.587643 23.0 0.593236 24.0 0.598370 25.0 0.603074 26.0 0.607365 27.0 0.611269 28.0 0.614817 29.0 0.618044 30.0 0.620998
71.907790  0.0 0.252313 1.0 0.286606 2.0 0.317404 3.0 0.345147 4.0 0.370216 5.0 0.392948 6.0 0.413635 7.0 0.432526 8.0 0.449834 9.0 0.465747 10.0 0.480394 11.0 0.493970 12.0 0.506559 13.0 0.518261 14.0 0.529154 15.0 0.539310 16.0 0.548784 17.0 0.557618 18.0 0.565861 19.0 0.573535 20.0 0.580669 21.0 0.587289 22.0 0.593418 23.0 0.599064 24.0 0.604256 25.0 0.609008 26.0 0.613343 27.0 0.617289 28.0 0.620876 29.0 0.624139 30.0 0.627121
77.207770  0.0 0.254845 1.0 0.289471 2.0 0.320567 3.0 0.348579 4.0 0.373890 5.0 0.396845 6.0 0.417734 7.0 0.436809 8.0 0.454288 9.0 0.470360 10.0 0.485150 11.0 0.498860 12.0 0.511576 13.0 0.523394 14.0 0.534399 15.0 0.544657 16.0 0.554224 17.0 0.563154 18.0 0.571476 19.0 0.579228 20.0 0.586438 21.0 0.593130 22.0 0.599318 23.0 0.605027 24.0 0.610269 25.0 0.615073 26.0 0.619457 27.0 0.623446 28.0 0.627071 29.0 0.630368 30.0 0.633387
82.898386  0.0 0.257428 1.0 0.292393 2.0 0.323796 3.0 0.352083 4.0 0.377644 5.0 0.400823 6.0 0.421919 7.0 0.441184 8.0 0.458837 9.0 0.475068 10.0 0.490004 11.0 0.503855 12.0 0.516699 13.0 0.528639 14.0 0.539754 15.0 0.550119 16.0 0.559789 17.0 0.568806 18.0 0.577219 19.0 0.585053 20.0 0.592338 21.0 0.599098 22.0 0.605355 23.0 0.611124 24.0 0.616427 25.0 0.621281 26.0 0.625711 27.0 0.629744 28.0 0.633412 29.0 0.636750 30.0 0.639800
89.008430  0.0 0.260064 1.0 0.295378 2.0 0.327092 3.0 0.355659 4.0 0.381474 5.0 0.404886 6.0 0.426193 7.0 0.445651 8.0 0.463483 9.0 0.479880 10.0 0.494968 11.0 0.508958 12.0 0.521937 13.0 0.534000 14.0 0.545234 15.0 0.555707 16.0 0.565475 17.0 0.574592 18.0 0.583089 19.0 0.591006 20.0 0.598369 21.0 0.605207 22.0 0.611531 23.0 0.617363 24.0 0.622723 25.0 0.627634 26.0 0.632116 27.0 0.636195 28.0 0.639904 29.0 0.643279 30.0 0.646365
95.568816  0.0 0.262755 1.0 0.298423 2.0 0.330456 3.0 0.359311 4.0 0.385387 5.0 0.409033 6.0 0.430557 7.0 0.450215 8.0 0.468229 9.0 0.484797 10.0 0.500037 11.0 0.514177 12.0 0.527291 13.0 0.539480 14.0 0.550833 15.0 0.561416 16.0 0.571293 17.0 0.580507 18.0 0.589100 19.0 0.597104 20.0 0.604547 21.0 0.611458 22.0 0.617851 23.0 0.623752 24.0 0.629173 25.0 0.634137 26.0 0.638669 27.0 0.642797 28.0 0.646551 29.0 0.649970 30.0 0.653096
102.612737  0.0 0.265502 1.0 0.301535 2.0 0.333893 3.0 0.363042 4.0 0.389383 5.0 0.413273 6.0 0.435019 7.0 0.454880 8.0 0.473084 9.0 0.489822 10.0 0.505222 11.0 0.519509 12.0 0.532764 13.0 0.545089 14.0 0.556564 15.0 0.567264 16.0 0.577247 17.0 0.586561 18.0 0.595248 19.0 0.603342 20.0 0.610868 21.0 0.617857 22.0 0.624328 23.0 0.630291 24.0 0.635779 25.0 0.640804 26.0 0.645392 27.0 0.649569 28.0 0.653370 29.0 0.656829 30.0 0.659990
110.175832  0.0 0.268310 1.0 0.304712 2.0 0.337402 3.0 0.366852 4.0 0.393465 5.0 0.417604 6.0 0.439577 7.0 0.459646 8.0 0.478043 9.0 0.494964 10.0 0.510525 11.0 0.524969 12.0 0.538368 13.0 0.550823 14.0 0.562428 15.0 0.573246 16.0 0.583338 17.0 0.592762 18.0 0.601547 19.0 0.609731 20.0 0.617345 21.0 0.624417 22.0 0.630960 23.0 0.636999 24.0 0.642546 25.0 0.647634 26.0 0.652279 27.0 0.656509 28.0 0.660356 29.0 0.663857 30.0 0.667065
118.296366  0.0 0.271177 1.0 0.307957 2.0 0.340989 3.0 0.370747 4.0 0.397641 5.0 0.422032 6.0 0.444239 7.0 0.464524 8.0 0.483118 9.0 0.500221 10.0 0.515947 11.0 0.530552 12.0 0.544100 13.0 0.556697 14.0 0.568428 15.0 0.579370 16.0 0.589583 17.0 0.599109 18.0 0.607999 19.0 0.616280 20.0 0.623983 21.0 0.631137 22.0 0.637760 23.0 0.643873 24.0 0.649492 25.0 0.654639 26.0 0.659341 27.0 0.663625 28.0 0.667525 29.0 0.671077 30.0 0.674325
127.015426  0.0 0.274106 1.0 0.311275 2.0 0.344656 3.0 0.374729 4.0 0.401907 5.0 0.426561 6.0 0.449007 7.0 0.469512 8.0 0.488311 9.0 0.505602 10.0 0.521502 11.0 0.536267 12.0 0.549969 13.0 0.562712 14.0 0.574580 15.0 0.585649 16.0 0.595978 17.0 0.605618 18.0 0.614610 19.0 0.622991 20.0 0.630786 21.0 0.638029 22.0 0.644737 23.0 0.650921 24.0 0.656615 25.0 0.661831 26.0 0.666595 27.0 0.670937 28.0 0.674888 29.0 0.678487 30.0 0.681778
136.377126  0.0 0.277102 1.0 0.314666 2.0 0.348402 3.0 0.378798 4.0 0.406270 5.0 0.431191 6.0 0.453883 7.0 0.474614 8.0 0.493623 9.0 0.511112 10.0 0.527187 11.0 0.542123 12.0 0.555984 13.0 0.568871 14.0 0.580881 15.0 0.592081 16.0 0.602531 17.0 0.612292 18.0 0.621393 19.0 0.629874 20.0 0.637768 21.0 0.645104 22.0 0.651894 23.0 0.658162 24.0 0.663924 25.0 0.669212 26.0 0.674042 27.0 0.678443 28.0 0.682449 29.0 0.686097 30.0 0.689437
146.428832  0.0 0.280163 1.0 0.318131 2.0 0.352236 3.0 0.382963 4.0 0.410736 5.0 0.435931 6.0 0.458876 7.0 0.479842 8.0 0.499065 9.0 0.516753 10.0 0.533007 11.0 0.548121 12.0 0.562145 13.0 0.575188 14.0 0.587338 15.0 0.598674 16.0 0.609258 17.0 0.619135 18.0 0.628353 19.0 0.636942 20.0 0.644936 21.0 0.652365 22.0 0.659242 23.0 0.665597 24.0 0.671438 25.0 0.676793 26.0 0.681691 27.0 0.686155 28.0 0.690218 29.0 0.693923 30.0 0.697316
157.221402  0.0 0.283293 1.0 0.321678 2.0 0.356157 3.0 0.387223 4.0 0.415305 5.0 0.440784 6.0 0.463989 7.0 0.485194 8.0 0.504640 9.0 0.522532 10.0 0.538978 11.0 0.554267 12.0 0.568460 13.0 0.581666 14.0 0.593967 15.0 0.605444 16.0 0.616159 17.0 0.626159 18.0 0.635496 19.0 0.644198 20.0 0.652296 21.0 0.659822 22.0 0.666798 23.0 0.673235 24.0 0.679162 25.0 0.684593 26.0 0.689559 27.0 0.694088 28.0 0.698215 29.0 0.701978 30.0 0.705422
168.809440  0.0 0.286496 1.0 0.325306 2.0 0.360168 3.0 0.391583 4.0 0.419981 5.0 0.445751 6.0 0.469223 7.0 0.490675 8.0 0.510351 9.0 0.528460 10.0 0.545097 11.0 0.560574 12.0 0.574943 13.0 0.588310 14.0 0.600768 15.0 0.612392 16.0 0.623243 17.0 0.633377 18.0 0.642832 19.0 0.651651 20.0 0.659857 21.0 0.667491 22.0 0.674564 23.0 0.681089 24.0 0.687104 25.0 0.692618 26.0 0.697659 27.0 0.702257 28.0 0.706448 29.0 0.710270 30.0 0.713769
181.251578  0.0 0.289773 1.0 0.329018 2.0 0.364273 3.0 0.396046 4.0 0.424772 5.0 0.450838 6.0 0.474585 7.0 0.496293 8.0 0.516205 9.0 0.534537 10.0 0.551371 11.0 0.567044 12.0 0.581594 13.0 0.595130 14.0 0.607751 15.0 0.619527 16.0 0.630520 17.0 0.640794 18.0 0.650377 19.0 0.659314 20.0 0.667636 21.0 0.675381 22.0 0.682554 23.0 0.689178 24.0 0.695279 25.0 0.700878 26.0 0.705998 27.0 0.710671 28.0 0.714929 29.0 0.718814 30.0 0.722370
194.610765  0.0 0.293127 1.0 0.332817 2.0 0.368479 3.0 0.400619 4.0 0.429680 5.0 0.456053 6.0 0.480086 7.0 0.502057 8.0 0.522213 9.0 0.540771 10.0 0.557810 11.0 0.573685 12.0 0.588423 13.0 0.602137 14.0 0.614925 15.0 0.626859 16.0 0.638005 17.0 0.648419 18.0 0.658138 19.0 0.667202 20.0 0.675644 21.0 0.683501 22.0 0.690780 23.0 0.697508 24.0 0.703699 25.0 0.709389 26.0 0.714593 27.0 0.719343 28.0 0.723674 29.0 0.727625 30.0 0.731244
208.954595  0.0 0.296559 1.0 0.336709 2.0 0.372786 3.0 0.405304 4.0 0.434709 5.0 0.461400 6.0 0.485726 7.0 0.507968 8.0 0.528378 9.0 0.547169 10.0 0.564423 11.0 0.580505 12.0 0.595439 13.0 0.609341 14.0 0.622299 15.0 0.634398 16.0 0.645705 17.0 0.656264 18.0 0.666126 19.0 0.675323 20.0 0.683891 21.0 0.691867 22.0 0.699256 23.0 0.706093 24.0 0.712383 25.0 0.718167 26.0 0.723460 27.0 0.728292 28.0 0.732699 29.0 0.736722 30.0 0.740410
224.355640  0.0 0.300075 1.0 0.340696 2.0 0.377198 3.0 0.410105 4.0 0.439864 5.0 0.466884 6.0 0.491512 7.0 0.514034 8.0 0.534706 9.0 0.553743 10.0 0.571218 11.0 0.587513 12.0 0.602651 13.0 0.616748 14.0 0.629889 15.0 0.642161 16.0 0.653630 17.0 0.664343 18.0 0.674353 19.0 0.683690 20.0 0.692390 21.0 0.700491 22.0 0.707999 23.0 0.714950 24.0 0.721347 25.0 0.727228 26.0 0.732615 27.0 0.737535 28.0 0.742024 29.0 0.746123 30.0 0.749884
240.891823  0.0 0.303678 1.0 0.344780 2.0 0.381720 3.0 0.415027 4.0 0.445152 5.0 0.472509 6.0 0.497450 7.0 0.520263 8.0 0.541207 9.0 0.560499 10.0 0.578202 11.0 0.594720 12.0 0.610072 13.0 0.624370 14.0 0.637702 15.0 0.650155 16.0 0.661795 17.0 0.672669 18.0 0.682835 19.0 0.692319 20.0 0.701158 21.0 0.709392 22.0 0.717025 23.0 0.724095 24.0 0.730605 25.0 0.736591 26.0 0.742077 27.0 0.747091 28.0 0.751668 29.0 0.755849 30.0 0.759687
258.646808  0.0 0.307370 1.0 0.348966 2.0 0.386357 3.0 0.420076 4.0 0.450579 5.0 0.478284 6.0 0.503548 7.0 0.526662 8.0 0.547888 9.0 0.567445 10.0 0.585385 11.0 0.602138 12.0 0.617711 13.0 0.632218 14.0 0.645750 15.0 0.658393 16.0 0.670212 17.0 0.681257 18.0 0.691586 19.0 0.701225 20.0 0.710210 21.0 0.718585 22.0 0.726352 23.0 0.733549 24.0 0.740177 25.0 0.746277 26.0 0.751869 27.0 0.756982 28.0 0.761653 29.0 0.765923 30.0 0.769842
277.710428  0.0 0.311154 1.0 0.353259 2.0 0.391113 3.0 0.425257 4.0 0.456151 5.0 0.484214 6.0 0.509813 7.0 0.533240 8.0 0.554759 9.0 0.574592 10.0 0.592778 11.0 0.609776 12.0 0.625580 13.0 0.640307 14.0 0.654048 15.0 0.666889 16.0 0.678898 17.0 0.690123 18.0 0.700623 19.0 0.710425 20.0 0.719566 21.0 0.728091 22.0 0.736000 23.0 0.743331 24.0 0.750085 25.0 0.756307 26.0 0.762012 27.0 0.767232 28.0 0.772004 29.0 0.776371 30.0 0.780381
298.179137  0.0 0.315034 1.0 0.357662 2.0 0.395995 3.0 0.430577 4.0 0.461873 5.0 0.490308 6.0 0.516255 7.0 0.540006 8.0 0.561829 9.0 0.581949 10.0 0.600391 11.0 0.617645 12.0 0.633692 13.0 0.648649 14.0 0.662610 15.0 0.675660 16.0 0.687868 17.0 0.699284 18.0 0.709965 19.0 0.719940 20.0 0.729246 21.0 0.737930 22.0 0.745991 23.0 0.753463 24.0 0.760355 25.0 0.766706 26.0 0.772532 27.0 0.777867 28.0 0.782748 29.0 0.787219 30.0 0.791328
320.156497  0.0 0.319014 1.0 0.362180 2.0 0.401006 3.0 0.436041 4.0 0.467753 5.0 0.496573 6.0 0.522881 7.0 0.546969 8.0 0.569109 9.0 0.589529 10.0 0.608238 11.0 0.625759 12.0 0.642061 13.0 0.657260 14.0 0.671451 15.0 0.684721 16.0 0.697141 17.0 0.708759 18.0 0.719632 19.0 0.729789 20.0 0.739271 21.0 0.748125 22.0 0.756350 23.0 0.763971 24.0 0.771014 25.0 0.777501 26.0 0.783457 27.0 0.788915 28.0 0.793914 29.0 0.798497 30.0 0.802715
343.753703  0.0 0.323098 1.0 0.366818 2.0 0.406152 3.0 0.441655 4.0 0.473798 5.0 0.503018 6.0 0.529701 7.0 0.554141 8.0 0.576612 9.0 0.597343 10.0 0.616331 11.0 0.634132 12.0 0.650701 13.0 0.666156 14.0 0.680589 15.0 0.694092 16.0 0.706735 17.0 0.718570 18.0 0.729644 19.0 0.739996 20.0 0.749664 21.0 0.758700 22.0 0.767101 23.0 0.774882 24.0 0.782088 25.0 0.788721 26.0 0.794816 27.0 0.800409 28.0 0.805535 29.0 0.810240 30.0 0.814576
369.090146  0.0 0.327290 1.0 0.371581 2.0 0.411440 3.0 0.447426 4.0 0.480016 5.0 0.509652 6.0 0.536725 7.0 0.561531 8.0 0.584347 9.0 0.605405 10.0 0.624685 11.0 0.642781 12.0 0.659631 13.0 0.675355 14.0 0.690045 15.0 0.703796 16.0 0.716673 17.0 0.728738 18.0 0.740026 19.0 0.750588 20.0 0.760457 21.0 0.769684 22.0 0.778274 23.0 0.786239 24.0 0.793608 25.0 0.800399 26.0 0.806657 27.0 0.812399 28.0 0.817665 29.0 0.822500 30.0 0.826956
396.294017  0.0 0.331596 1.0 0.376475 2.0 0.416875 3.0 0.453362 4.0 0.486415 5.0 0.516484 6.0 0.543964 7.0 0.569153 8.0 0.592330 9.0 0.613728 10.0 0.633315 11.0 0.651724 12.0 0.668871 13.0 0.684876 14.0 0.699843 15.0 0.713856 16.0 0.726982 17.0 0.739288 18.0 0.750810 19.0 0.761599 20.0 0.771683 21.0 0.781119 22.0 0.789900 23.0 0.798065 24.0 0.805611 25.0 0.812590 26.0 0.819010 27.0 0.824910 28.0 0.830329 29.0 0.835312 30.0 0.839912
425.502956  0.0 0.336019 1.0 0.381505 2.0 0.422465 3.0 0.459470 4.0 0.493004 5.0 0.523525 6.0 0.551429 7.0 0.577018 8.0 0.600573 9.0 0.622330 10.0 0.642237 11.0 0.660978 12.0 0.678439 13.0 0.694742 14.0 0.710002 15.0 0.724293 16.0 0.737691 17.0 0.750246 18.0 0.762027 19.0 0.773053 20.0 0.783367 21.0 0.793032 22.0 0.802035 23.0 0.810395 24.0 0.818155 25.0 0.825317 26.0 0.831916 27.0 0.837996 28.0 0.843584 29.0 0.848726 30.0 0.853477
456.864746  0.0 0.340564 1.0 0.386677 2.0 0.428217 3.0 0.465762 4.0 0.499794 5.0 0.530786 6.0 0.559132 7.0 0.585140 8.0 0.609093 9.0 0.631232 10.0 0.651473 11.0 0.670561 12.0 0.688355 13.0 0.704982 14.0 0.720546 15.0 0.735134 16.0 0.748821 17.0 0.761661 18.0 0.773702 19.0 0.784982 20.0 0.795550 21.0 0.805456 22.0 0.814701 23.0 0.823297 24.0 0.831264 25.0 0.838643 26.0 0.845451 27.0 0.851721 28.0 0.857493 29.0 0.862816 30.0 0.867744
490.538064  0.0 0.345238 1.0 0.391998 2.0 0.434140 3.0 0.472244 4.0 0.506798 5.0 0.538277 6.0 0.567087 7.0 0.593535 8.0 0.617904 9.0 0.640448 10.0 0.661045 11.0 0.680496 12.0 0.698642 13.0 0.715615 14.0 0.731506 15.0 0.746416 16.0 0.760408 17.0 0.773550 18.0 0.785881 19.0 0.797449 20.0 0.808286 21.0 0.818462 22.0 0.827959 23.0 0.836798 24.0 0.845017 25.0 0.852620 26.0 0.859648 27.0 0.866137 28.0 0.872118 29.0 0.877640 30.0 0.882758
526.693281  0.0 0.350045 1.0 0.397475 2.0 0.440240 3.0 0.478925 4.0 0.514023 5.0 0.546012 6.0 0.575308 7.0 0.602217 8.0 0.627032 9.0 0.649997 10.0 0.670970 11.0 0.690813 12.0 0.709339 13.0 0.726669 14.0 0.742923 15.0 0.758173 16.0 0.772501 17.0 0.785960 18.0 0.798608 19.0 0.810473 20.0 0.821608 21.0 0.832075 22.0 0.841859 23.0 0.850981 24.0 0.859453 25.0 0.867324 26.0 0.874600 27.0 0.881320 28.0 0.887532 29.0 0.893278 30.0 0.898613
565.513326  0.0 0.354991 1.0 0.403114 2.0 0.446526 3.0 0.485817 4.0 0.521481 5.0 0.554003 6.0 0.583813 7.0 0.611212 8.0 0.636494 9.0 0.659904 10.0 0.681272 11.0 0.701537 12.0 0.720465 13.0 0.738192 14.0 0.754816 15.0 0.770438 16.0 0.785123 17.0 0.798940 18.0 0.811929 19.0 0.824134 20.0 0.835591 21.0 0.846381 22.0 0.856477 23.0 0.865896 24.0 0.874670 25.0 0.882821 26.0 0.890380 27.0 0.897372 28.0 0.903842 29.0 0.909840 30.0 0.915425
607.194612  0.0 0.360086 1.0 0.408923 2.0 0.453008 3.0 0.492929 4.0 0.529186 5.0 0.562275 6.0 0.592622 7.0 0.620535 8.0 0.646307 9.0 0.670200 10.0 0.691991 11.0 0.712693 12.0 0.732058 13.0 0.750200 14.0 0.767246 15.0 0.783267 16.0 0.798346 17.0 0.812542 18.0 0.825900 19.0 0.838471 20.0 0.850290 21.0 0.861435 22.0 0.871875 23.0 0.881629 24.0 0.890742 25.0 0.899207 26.0 0.907083 27.0 0.914381 28.0 0.921147 29.0 0.927433 30.0 0.933298
651.948026  0.0 0.365333 1.0 0.414913 2.0 0.459695 3.0 0.500277 4.0 0.537156 5.0 0.570835 6.0 0.601748 7.0 0.630203 8.0 0.656506 9.0 0.680901 10.0 0.703141 11.0 0.724331 12.0 0.744157 13.0 0.762760 14.0 0.780240 15.0 0.796702 16.0 0.812208 17.0 0.826818 18.0 0.840597 19.0 0.853561 20.0 0.865779 21.0 0.877321 22.0 0.888147 23.0 0.898286 24.0 0.907768 25.0 0.916595 26.0 0.924827 27.0 0.932471 28.0 0.939574 29.0 0.946189 30.0 0.952378
700.000000  0.0 0.370739 1.0 0.421092 2.0 0.466603 3.0 0.507874 4.0 0.545404 5.0 0.579700 6.0 0.611217 7.0 0.640254 8.0 0.667111 9.0 0.692056 10.0 0.714775 11.0 0.736471 12.0 0.756805 13.0 0.775899 14.0 0.793868 15.0 0.810798 16.0 0.826773 17.0 0.841852 18.0 0.856084 19.0 0.869499 20.0 0.882152 21.0 0.894138 22.0 0.905401 23.0 0.915968 24.0 0.925872 25.0 0.935116 26.0 0.943751 27.0 0.951787 28.0 0.959285 29.0 0.966291 30.0 0.972860
