0.010000  0.0 0.105460 1.0 0.120154 2.0 0.133413 3.0 0.145402 4.0 0.156271 5.0 0.166152 6.0 0.175161 7.0 0.183400 8.0 0.190960 9.0 0.197920 10.0 0.204346 11.0 0.210298 12.0 0.215825 13.0 0.220971 14.0 0.225769 15.0 0.230250 16.0 0.234439 17.0 0.238355 18.0 0.242015 19.0 0.245430 20.0 0.248613 21.0 0.251572 22.0 0.254313 23.0 0.256846 24.0 0.259177 25.0 0.261315 26.0 0.263269 27.0 0.265050 28.0 0.266673 29.0 0.268155 30.0 0.269518
0.010577  0.0 0.105806 1.0 0.120548 2.0 0.133848 3.0 0.145876 4.0 0.156780 5.0 0.166691 6.0 0.175728 7.0 0.183994 8.0 0.191579 9.0 0.198560 10.0 0.205006 11.0 0.210977 12.0 0.216522 13.0 0.221682 14.0 0.226497 15.0 0.230992 16.0 0.235194 17.0 0.239122 18.0 0.242792 19.0 0.246219 20.0 0.249411 21.0 0.252378 22.0 0.255129 23.0 0.257670 24.0 0.260008 25.0 0.262151 26.0 0.264111 27.0 0.265898 28.0 0.267526 29.0 0.269012 30.0 0.270379
0.011187  0.0 0.106155 1.0 0.120943 2.0 0.134287 3.0 0.146353 4.0 0.157292 5.0 0.167235 6.0 0.176302 7.0 0.184593 8.0 0.192201 9.0 0.199205 10.0 0.205672 11.0 0.211661 12.0 0.217223 13.0 0.222401 14.0 0.227229 15.0 0.231738 16.0 0.235953 17.0 0.239894 18.0 0.243576 19.0 0.247012 20.0 0.250215 21.0 0.253192 22.0 0.255950 23.0 0.258498 24.0 0.260843 25.0 0.262994 26.0 0.264960 27.0 0.266752 28.0 0.268385 29.0 0.269876 30.0 0.271246
0.011832  0.0 0.106506 1.0 0.121342 2.0 0.134729 3.0 0.146833 4.0 0.157807 5.0 0.167782 6.0 0.176877 7.0 0.185195 8.0 0.192828 9.0 0.199853 10.0 0.206341 11.0 0.212349 12.0 0.217929 13.0 0.223122 14.0 0.227966 15.0 0.232490 16.0 0.236717 17.0 0.240670 18.0 0.244363 19.0 0.247811 20.0 0.251023 21.0 0.254008 22.0 0.256776 23.0 0.259332 24.0 0.261685 25.0 0.263841 26.0 0.265813 27.0 0.267611 28.0 0.269248 29.0 0.270743 30.0 0.272119
0.012514  0.0 0.106858 1.0 0.121743 2.0 0.135173 3.0 0.147317 4.0 0.158326 5.0 0.168333 6.0 0.177457 7.0 0.185802 8.0 0.193458 9.0 0.200507 10.0 0.207015 11.0 0.213042 12.0 0.218639 13.0 0.223849 14.0 0.228708 15.0 0.233245 16.0 0.237487 17.0 0.241452 18.0 0.245157 19.0 0.248615 20.0 0.251837 21.0 0.254832 22.0 0.257608 23.0 0.260172 24.0 0.262531 25.0 0.264695 26.0 0.266673 27.0 0.268476 28.0 0.270118 29.0 0.271619 30.0 0.272997
0.013235  0.0 0.107214 1.0 0.122148 2.0 0.135621 3.0 0.147804 4.0 0.158848 5.0 0.168887 6.0 0.178040 7.0 0.186412 8.0 0.194094 9.0 0.201163 10.0 0.207692 11.0 0.213739 12.0 0.219354 13.0 0.224580 14.0 0.229455 15.0 0.234007 16.0 0.238261 17.0 0.242239 18.0 0.245955 19.0 0.249424 20.0 0.252656 21.0 0.255660 22.0 0.258445 23.0 0.261017 24.0 0.263384 25.0 0.265553 26.0 0.267537 27.0 0.269346 28.0 0.270993 29.0 0.272497 30.0 0.273881
0.013999  0.0 0.107571 1.0 0.122554 2.0 0.136071 3.0 0.148294 4.0 0.159374 5.0 0.169446 6.0 0.178629 7.0 0.187027 8.0 0.194732 9.0 0.201826 10.0 0.208375 11.0 0.214440 12.0 0.220073 13.0 0.225317 14.0 0.230206 15.0 0.234772 16.0 0.239041 17.0 0.243031 18.0 0.246759 19.0 0.250238 20.0 0.253481 21.0 0.256495 22.0 0.259287 23.0 0.261867 24.0 0.264241 25.0 0.266419 26.0 0.268408 27.0 0.270222 28.0 0.271875 29.0 0.273384 30.0 0.274771
0.014806  0.0 0.107932 1.0 0.122963 2.0 0.136525 3.0 0.148787 4.0 0.159903 5.0 0.170007 6.0 0.179219 7.0 0.187645 8.0 0.195376 9.0 0.202491 10.0 0.209062 11.0 0.215147 12.0 0.220798 13.0 0.226057 14.0 0.230963 15.0 0.235544 16.0 0.239825 17.0 0.243828 18.0 0.247567 19.0 0.251058 20.0 0.254311 21.0 0.257333 22.0 0.260135 23.0 0.262723 24.0 0.265105 25.0 0.267287 26.0 0.269284 27.0 0.271103 28.0 0.272761 29.0 0.274274 30.0 0.275666
0.015659  0.0 0.108294 1.0 0.123375 2.0 0.136981 3.0 0.149284 4.0 0.160435 5.0 0.170573 6.0 0.179815 7.0 0.188268 8.0 0.196023 9.0 0.203162 10.0 0.209754 11.0 0.215858 12.0 0.221527 13.0 0.226804 14.0 0.231724 15.0 0.236319 16.0 0.240615 17.0 0.244630 18.0 0.248382 19.0 0.251883 20.0 0.255146 21.0 0.258179 22.0 0.260989 23.0 0.263584 24.0 0.265973 25.0 0.268164 26.0 0.270166 27.0 0.271991 28.0 0.273654 29.0 0.275172 30.0 0.276567
0.016562  0.0 0.108659 1.0 0.123790 2.0 0.137440 3.0 0.149783 4.0 0.160972 5.0 0.171142 6.0 0.180414 7.0 0.188894 8.0 0.196675 9.0 0.203836 10.0 0.210449 11.0 0.216574 12.0 0.222261 13.0 0.227554 14.0 0.232491 15.0 0.237101 16.0 0.241410 17.0 0.245438 18.0 0.249201 19.0 0.252714 20.0 0.255987 21.0 0.259028 22.0 0.261848 23.0 0.264452 24.0 0.266848 25.0 0.269044 26.0 0.271053 27.0 0.272884 28.0 0.274552 29.0 0.276074 30.0 0.277474
0.017518  0.0 0.109026 1.0 0.124208 2.0 0.137903 3.0 0.150287 4.0 0.161511 5.0 0.171716 6.0 0.181018 7.0 0.189526 8.0 0.197331 9.0 0.204516 10.0 0.211151 11.0 0.217294 12.0 0.222999 13.0 0.228311 14.0 0.233262 15.0 0.237887 16.0 0.242210 17.0 0.246251 18.0 0.250026 19.0 0.253550 20.0 0.256833 21.0 0.259885 22.0 0.262713 23.0 0.265324 24.0 0.267729 25.0 0.269933 26.0 0.271947 27.0 0.273783 28.0 0.275457 29.0 0.276984 30.0 0.278388
0.018528  0.0 0.109397 1.0 0.124628 2.0 0.138369 3.0 0.150793 4.0 0.162056 5.0 0.172292 6.0 0.181625 7.0 0.190161 8.0 0.197992 9.0 0.205199 10.0 0.211855 11.0 0.218020 12.0 0.223744 13.0 0.229071 14.0 0.234040 15.0 0.238680 16.0 0.243016 17.0 0.247069 18.0 0.250856 19.0 0.254392 20.0 0.257685 21.0 0.260746 22.0 0.263583 23.0 0.266204 24.0 0.268615 25.0 0.270825 26.0 0.272846 27.0 0.274688 28.0 0.276366 29.0 0.277898 30.0 0.279307
0.019596  0.0 0.109769 1.0 0.125051 2.0 0.138838 3.0 0.151303 4.0 0.162602 5.0 0.172873 6.0 0.182237 7.0 0.190800 8.0 0.198656 9.0 0.205889 10.0 0.212566 11.0 0.218749 12.0 0.224492 13.0 0.229837 14.0 0.234821 15.0 0.239475 16.0 0.243826 17.0 0.247893 18.0 0.251693 19.0 0.255239 20.0 0.258542 21.0 0.261614 22.0 0.264460 23.0 0.267088 24.0 0.269507 25.0 0.271725 26.0 0.273752 27.0 0.275599 28.0 0.277283 29.0 0.278820 30.0 0.280233
0.020726  0.0 0.110144 1.0 0.125477 2.0 0.139310 3.0 0.151817 4.0 0.163154 5.0 0.173457 6.0 0.182852 7.0 0.191444 8.0 0.199326 9.0 0.206581 10.0 0.213280 11.0 0.219485 12.0 0.225246 13.0 0.230608 14.0 0.235609 15.0 0.240279 16.0 0.244643 17.0 0.248722 18.0 0.252534 19.0 0.256092 20.0 0.259406 21.0 0.262487 22.0 0.265341 23.0 0.267979 24.0 0.270405 25.0 0.272629 26.0 0.274663 27.0 0.276517 28.0 0.278205 29.0 0.279746 30.0 0.281163
0.021921  0.0 0.110521 1.0 0.125907 2.0 0.139786 3.0 0.152334 4.0 0.163707 5.0 0.174047 6.0 0.183472 7.0 0.192092 8.0 0.200000 9.0 0.207280 10.0 0.214001 11.0 0.220224 12.0 0.226004 13.0 0.231385 14.0 0.236401 15.0 0.241085 16.0 0.245464 17.0 0.249558 18.0 0.253381 19.0 0.256950 20.0 0.260275 21.0 0.263366 22.0 0.266230 23.0 0.268874 24.0 0.271309 25.0 0.273541 26.0 0.275581 27.0 0.277440 28.0 0.279134 29.0 0.280681 30.0 0.282102
0.023185  0.0 0.110902 1.0 0.126338 2.0 0.140264 3.0 0.152854 4.0 0.164267 5.0 0.174639 6.0 0.184096 7.0 0.192744 8.0 0.200679 9.0 0.207982 10.0 0.214725 11.0 0.220970 12.0 0.226769 13.0 0.232166 14.0 0.237199 15.0 0.241900 16.0 0.246292 17.0 0.250397 18.0 0.254234 19.0 0.257815 20.0 0.261151 21.0 0.264251 22.0 0.267123 23.0 0.269778 24.0 0.272219 25.0 0.274458 26.0 0.276504 27.0 0.278369 28.0 0.280069 29.0 0.281619 30.0 0.283045
0.024522  0.0 0.111284 1.0 0.126774 2.0 0.140746 3.0 0.153378 4.0 0.164828 5.0 0.175236 6.0 0.184724 7.0 0.193401 8.0 0.201361 9.0 0.208689 10.0 0.215455 11.0 0.221719 12.0 0.227537 13.0 0.232953 14.0 0.238002 15.0 0.242717 16.0 0.247124 17.0 0.251244 18.0 0.255093 19.0 0.258684 20.0 0.262031 21.0 0.265141 22.0 0.268024 23.0 0.270685 24.0 0.273136 25.0 0.275382 26.0 0.277434 27.0 0.279305 28.0 0.281010 29.0 0.282566 30.0 0.283996
0.025936  0.0 0.111670 1.0 0.127211 2.0 0.141231 3.0 0.153906 4.0 0.165395 5.0 0.175837 6.0 0.185357 7.0 0.194063 8.0 0.202050 9.0 0.209401 10.0 0.216189 11.0 0.222476 12.0 0.228313 13.0 0.233745 14.0 0.238812 15.0 0.243542 16.0 0.247964 17.0 0.252095 18.0 0.255957 19.0 0.259561 20.0 0.262918 21.0 0.266038 22.0 0.268929 23.0 0.271601 24.0 0.274057 25.0 0.276311 26.0 0.278370 27.0 0.280247 28.0 0.281957 29.0 0.283518 30.0 0.284952
0.027432  0.0 0.112058 1.0 0.127653 2.0 0.141720 3.0 0.154437 4.0 0.165964 5.0 0.176442 6.0 0.185993 7.0 0.194728 8.0 0.202742 9.0 0.210118 10.0 0.216929 11.0 0.223235 12.0 0.229091 13.0 0.234543 14.0 0.239625 15.0 0.244371 16.0 0.248807 17.0 0.252954 18.0 0.256827 19.0 0.260442 20.0 0.263810 21.0 0.266941 22.0 0.269843 23.0 0.272520 24.0 0.274987 25.0 0.277247 26.0 0.279312 27.0 0.281195 28.0 0.282911 29.0 0.284477 30.0 0.285916
0.029013  0.0 0.112449 1.0 0.128096 2.0 0.142211 3.0 0.154973 4.0 0.166539 5.0 0.177051 6.0 0.186635 7.0 0.195399 8.0 0.203440 9.0 0.210840 10.0 0.217673 11.0 0.224001 12.0 0.229877 13.0 0.235346 14.0 0.240446 15.0 0.245207 16.0 0.249658 17.0 0.253816 18.0 0.257704 19.0 0.261331 20.0 0.264710 21.0 0.267851 22.0 0.270760 23.0 0.273449 24.0 0.275921 25.0 0.278189 26.0 0.280262 27.0 0.282151 28.0 0.283871 29.0 0.285442 30.0 0.286884
0.030686  0.0 0.112842 1.0 0.128544 2.0 0.142707 3.0 0.155511 4.0 0.167116 5.0 0.177665 6.0 0.187280 7.0 0.196073 8.0 0.204142 9.0 0.211567 10.0 0.218423 11.0 0.224772 12.0 0.230667 13.0 0.236154 14.0 0.241270 15.0 0.246048 16.0 0.250513 17.0 0.254687 18.0 0.258586 19.0 0.262224 20.0 0.265614 21.0 0.268765 22.0 0.271686 23.0 0.274381 24.0 0.276863 25.0 0.279138 26.0 0.281216 27.0 0.283111 28.0 0.284837 29.0 0.286414 30.0 0.287862
0.032456  0.0 0.113239 1.0 0.128994 2.0 0.143206 3.0 0.156054 4.0 0.167698 5.0 0.178282 6.0 0.187931 7.0 0.196754 8.0 0.204849 9.0 0.212299 10.0 0.219178 11.0 0.225548 12.0 0.231463 13.0 0.236969 14.0 0.242102 15.0 0.246896 16.0 0.251376 17.0 0.255562 18.0 0.259475 19.0 0.263126 20.0 0.266527 21.0 0.269688 22.0 0.272616 23.0 0.275322 24.0 0.277810 25.0 0.280093 26.0 0.282179 27.0 0.284080 28.0 0.285812 29.0 0.287392 30.0 0.288844
0.034327  0.0 0.113638 1.0 0.129448 2.0 0.143708 3.0 0.156600 4.0 0.168284 5.0 0.178904 6.0 0.188585 7.0 0.197438 8.0 0.205561 9.0 0.213036 10.0 0.219938 11.0 0.226330 12.0 0.232264 13.0 0.237788 14.0 0.242939 15.0 0.247748 16.0 0.252242 17.0 0.256444 18.0 0.260368 19.0 0.264031 20.0 0.267444 21.0 0.270615 22.0 0.273554 23.0 0.276268 24.0 0.278766 25.0 0.281055 26.0 0.283146 27.0 0.285053 28.0 0.286791 29.0 0.288377 30.0 0.289835
0.036307  0.0 0.114039 1.0 0.129904 2.0 0.144214 3.0 0.157150 4.0 0.168874 5.0 0.179531 6.0 0.189245 7.0 0.198128 8.0 0.206277 9.0 0.213778 10.0 0.220704 11.0 0.227117 12.0 0.233071 13.0 0.238614 14.0 0.243781 15.0 0.248607 16.0 0.253117 17.0 0.257331 18.0 0.261270 19.0 0.264945 20.0 0.268368 21.0 0.271550 22.0 0.274498 23.0 0.277221 24.0 0.279725 25.0 0.282023 26.0 0.284122 27.0 0.286036 28.0 0.287778 29.0 0.289369 30.0 0.290830
0.038400  0.0 0.114445 1.0 0.130364 2.0 0.144723 3.0 0.157704 4.0 0.169469 5.0 0.180161 6.0 0.189908 7.0 0.198822 8.0 0.207000 9.0 0.214525 10.0 0.221474 11.0 0.227909 12.0 0.233884 13.0 0.239444 14.0 0.244630 15.0 0.249472 16.0 0.253996 17.0 0.258226 18.0 0.262175 19.0 0.265863 20.0 0.269298 21.0 0.272489 22.0 0.275449 23.0 0.278180 24.0 0.280694 25.0 0.282998 26.0 0.285103 27.0 0.287022 28.0 0.288771 29.0 0.290367 30.0 0.291834
0.040614  0.0 0.114852 1.0 0.130827 2.0 0.145236 3.0 0.158262 4.0 0.170067 5.0 0.180797 6.0 0.190577 7.0 0.199521 8.0 0.207726 9.0 0.215278 10.0 0.222251 11.0 0.228707 12.0 0.234702 13.0 0.240282 14.0 0.245484 15.0 0.250342 16.0 0.254882 17.0 0.259125 18.0 0.263090 19.0 0.266789 20.0 0.270235 21.0 0.273438 22.0 0.276405 23.0 0.279146 24.0 0.281668 25.0 0.283980 26.0 0.286093 27.0 0.288019 28.0 0.289773 29.0 0.291374 30.0 0.292844
0.042956  0.0 0.115263 1.0 0.131294 2.0 0.145752 3.0 0.158824 4.0 0.170670 5.0 0.181436 6.0 0.191250 7.0 0.200225 8.0 0.208459 9.0 0.216035 10.0 0.223032 11.0 0.229511 12.0 0.235526 13.0 0.241124 14.0 0.246345 15.0 0.251220 16.0 0.255774 17.0 0.260032 18.0 0.264009 19.0 0.267721 20.0 0.271179 21.0 0.274391 22.0 0.277369 23.0 0.280119 24.0 0.282649 25.0 0.284968 26.0 0.287087 27.0 0.289019 28.0 0.290779 29.0 0.292385 30.0 0.293862
0.045433  0.0 0.115676 1.0 0.131764 2.0 0.146273 3.0 0.159389 4.0 0.171276 5.0 0.182080 6.0 0.191929 7.0 0.200934 8.0 0.209195 9.0 0.216799 10.0 0.223820 11.0 0.230319 12.0 0.236355 13.0 0.241974 14.0 0.247211 15.0 0.252102 16.0 0.256673 17.0 0.260945 18.0 0.264936 19.0 0.268659 20.0 0.272128 21.0 0.275353 22.0 0.278340 23.0 0.281098 24.0 0.283637 25.0 0.285965 26.0 0.288091 27.0 0.290029 28.0 0.291794 29.0 0.293406 30.0 0.294886
0.048053  0.0 0.116093 1.0 0.132237 2.0 0.146797 3.0 0.159960 4.0 0.171888 5.0 0.182728 6.0 0.192611 7.0 0.201648 8.0 0.209938 9.0 0.217567 10.0 0.224611 11.0 0.231135 12.0 0.237192 13.0 0.242828 14.0 0.248084 15.0 0.252992 16.0 0.257577 17.0 0.261863 18.0 0.265868 19.0 0.269605 20.0 0.273085 21.0 0.276320 22.0 0.279317 23.0 0.282085 24.0 0.284632 25.0 0.286966 26.0 0.289100 27.0 0.291044 28.0 0.292815 29.0 0.294431 30.0 0.295918
0.050824  0.0 0.116512 1.0 0.132714 2.0 0.147325 3.0 0.160533 4.0 0.172503 5.0 0.183383 6.0 0.193299 7.0 0.202367 8.0 0.210685 9.0 0.218342 10.0 0.225411 11.0 0.231955 12.0 0.238032 13.0 0.243689 14.0 0.248962 15.0 0.253886 16.0 0.258488 17.0 0.262789 18.0 0.266807 19.0 0.270556 20.0 0.274048 21.0 0.277294 22.0 0.280302 23.0 0.283078 24.0 0.285634 25.0 0.287977 26.0 0.290117 27.0 0.292068 28.0 0.293845 29.0 0.295467 30.0 0.296957
0.053755  0.0 0.116935 1.0 0.133193 2.0 0.147857 3.0 0.161112 4.0 0.173124 5.0 0.184040 6.0 0.193992 7.0 0.203091 8.0 0.211439 9.0 0.219121 10.0 0.226214 11.0 0.232783 12.0 0.238881 13.0 0.244556 14.0 0.249848 15.0 0.254789 16.0 0.259406 17.0 0.263721 18.0 0.267753 19.0 0.271515 20.0 0.275019 21.0 0.278275 22.0 0.281292 23.0 0.284079 24.0 0.286642 25.0 0.288992 26.0 0.291140 27.0 0.293098 28.0 0.294881 29.0 0.296507 30.0 0.298002
0.056854  0.0 0.117361 1.0 0.133677 2.0 0.148392 3.0 0.161693 4.0 0.173748 5.0 0.184703 6.0 0.194689 7.0 0.203820 8.0 0.212197 9.0 0.219907 10.0 0.227024 11.0 0.233615 12.0 0.239734 13.0 0.245429 14.0 0.250739 15.0 0.255697 16.0 0.260330 17.0 0.264660 18.0 0.268705 19.0 0.272479 20.0 0.275995 21.0 0.279263 22.0 0.282291 23.0 0.285085 24.0 0.287659 25.0 0.290017 26.0 0.292171 27.0 0.294135 28.0 0.295924 29.0 0.297557 30.0 0.299056
0.060133  0.0 0.117789 1.0 0.134164 2.0 0.148932 3.0 0.162281 4.0 0.174377 5.0 0.185371 6.0 0.195392 7.0 0.204556 8.0 0.212961 9.0 0.220698 10.0 0.227840 11.0 0.234454 12.0 0.240594 13.0 0.246309 14.0 0.251637 15.0 0.256612 16.0 0.261261 17.0 0.265605 18.0 0.269665 19.0 0.273452 20.0 0.276980 21.0 0.280259 22.0 0.283295 23.0 0.286101 24.0 0.288681 25.0 0.291048 26.0 0.293210 27.0 0.295180 28.0 0.296975 29.0 0.298612 30.0 0.300116
0.063600  0.0 0.118221 1.0 0.134655 2.0 0.149475 3.0 0.162871 4.0 0.175011 5.0 0.186043 6.0 0.196099 7.0 0.205295 8.0 0.213731 9.0 0.221494 10.0 0.228661 11.0 0.235298 12.0 0.241460 13.0 0.247194 14.0 0.252541 15.0 0.257533 16.0 0.262197 17.0 0.266558 18.0 0.270630 19.0 0.274430 20.0 0.277970 21.0 0.281260 22.0 0.284309 23.0 0.287122 24.0 0.289713 25.0 0.292087 26.0 0.294255 27.0 0.296232 28.0 0.298032 29.0 0.299676 30.0 0.301186
0.067268  0.0 0.118656 1.0 0.135149 2.0 0.150023 3.0 0.163466 4.0 0.175649 5.0 0.186721 6.0 0.196813 7.0 0.206041 8.0 0.214505 9.0 0.222297 10.0 0.229489 11.0 0.236149 12.0 0.242332 13.0 0.248087 14.0 0.253452 15.0 0.258461 16.0 0.263143 17.0 0.267517 18.0 0.271604 19.0 0.275417 20.0 0.278969 21.0 0.282270 22.0 0.285328 23.0 0.288153 24.0 0.290750 25.0 0.293133 26.0 0.295309 27.0 0.297293 28.0 0.299099 29.0 0.300748 30.0 0.302261
0.071146  0.0 0.119094 1.0 0.135647 2.0 0.150573 3.0 0.164066 4.0 0.176293 5.0 0.187403 6.0 0.197531 7.0 0.206791 8.0 0.215287 9.0 0.223104 10.0 0.230322 11.0 0.237006 12.0 0.243211 13.0 0.248984 14.0 0.254369 15.0 0.259396 16.0 0.264093 17.0 0.268483 18.0 0.272583 19.0 0.276410 20.0 0.279974 21.0 0.283286 22.0 0.286355 23.0 0.289189 24.0 0.291796 25.0 0.294186 26.0 0.296368 27.0 0.298359 28.0 0.300171 29.0 0.301826 30.0 0.303346
0.075249  0.0 0.119536 1.0 0.136149 2.0 0.151129 3.0 0.164669 4.0 0.176939 5.0 0.188091 6.0 0.198254 7.0 0.207548 8.0 0.216072 9.0 0.223919 10.0 0.231162 11.0 0.237868 12.0 0.244095 13.0 0.249890 14.0 0.255293 15.0 0.260337 16.0 0.265051 17.0 0.269456 18.0 0.273571 19.0 0.277411 20.0 0.280987 21.0 0.284311 22.0 0.287390 23.0 0.290233 24.0 0.292849 25.0 0.295247 26.0 0.297438 27.0 0.299435 28.0 0.301254 29.0 0.302913 30.0 0.304437
0.079588  0.0 0.119980 1.0 0.136653 2.0 0.151688 3.0 0.165278 4.0 0.177593 5.0 0.188783 6.0 0.198983 7.0 0.208310 8.0 0.216865 9.0 0.224738 10.0 0.232007 11.0 0.238738 12.0 0.244987 13.0 0.250802 14.0 0.256224 15.0 0.261286 16.0 0.266016 17.0 0.270436 18.0 0.274565 19.0 0.278419 20.0 0.282007 21.0 0.285342 22.0 0.288432 23.0 0.291285 24.0 0.293910 25.0 0.296315 26.0 0.298514 27.0 0.300517 28.0 0.302342 29.0 0.304007 30.0 0.305537
0.084177  0.0 0.120429 1.0 0.137163 2.0 0.152252 3.0 0.165890 4.0 0.178250 5.0 0.189481 6.0 0.199717 7.0 0.209076 8.0 0.217663 9.0 0.225565 10.0 0.232860 11.0 0.239613 12.0 0.245884 13.0 0.251720 14.0 0.257160 15.0 0.262240 16.0 0.266987 17.0 0.271424 18.0 0.275567 19.0 0.279433 20.0 0.283034 21.0 0.286381 22.0 0.289482 23.0 0.292344 24.0 0.294978 25.0 0.297393 26.0 0.299598 27.0 0.301608 28.0 0.303439 29.0 0.305110 30.0 0.306645
0.089031  0.0 0.120880 1.0 0.137675 2.0 0.152820 3.0 0.166508 4.0 0.178912 5.0 0.190183 6.0 0.200457 7.0 0.209850 8.0 0.218467 9.0 0.226397 10.0 0.233717 11.0 0.240496 12.0 0.246789 13.0 0.252646 14.0 0.258106 15.0 0.263204 16.0 0.267967 17.0 0.272417 18.0 0.276576 19.0 0.280456 20.0 0.284070 21.0 0.287428 22.0 0.290538 23.0 0.293412 24.0 0.296054 25.0 0.298476 26.0 0.300690 27.0 0.302707 28.0 0.304544 29.0 0.306220 30.0 0.307760
0.094165  0.0 0.121335 1.0 0.138192 2.0 0.153392 3.0 0.167130 4.0 0.179579 5.0 0.190891 6.0 0.201201 7.0 0.210628 8.0 0.219277 9.0 0.227235 10.0 0.234582 11.0 0.241384 12.0 0.247700 13.0 0.253577 14.0 0.259057 15.0 0.264173 16.0 0.268952 17.0 0.273420 18.0 0.277592 19.0 0.281485 20.0 0.285111 21.0 0.288481 22.0 0.291604 23.0 0.294485 24.0 0.297138 25.0 0.299569 26.0 0.301790 27.0 0.303813 28.0 0.305657 29.0 0.307339 30.0 0.308884
0.099595  0.0 0.121793 1.0 0.138713 2.0 0.153969 3.0 0.167757 4.0 0.180250 5.0 0.191604 6.0 0.201952 7.0 0.211414 8.0 0.220092 9.0 0.228080 10.0 0.235453 11.0 0.242280 12.0 0.248618 13.0 0.254517 14.0 0.260015 15.0 0.265149 16.0 0.269947 17.0 0.274429 18.0 0.278617 19.0 0.282524 20.0 0.286163 21.0 0.289544 22.0 0.292676 23.0 0.295569 24.0 0.298229 25.0 0.300669 26.0 0.302898 27.0 0.304929 28.0 0.306778 29.0 0.308466 30.0 0.310015
0.105338  0.0 0.122255 1.0 0.139237 2.0 0.154549 3.0 0.168388 4.0 0.180928 5.0 0.192322 6.0 0.202708 7.0 0.212204 8.0 0.220915 9.0 0.228930 10.0 0.236330 11.0 0.243182 12.0 0.249543 13.0 0.255461 14.0 0.260981 15.0 0.266133 16.0 0.270947 17.0 0.275446 18.0 0.279647 19.0 0.283568 20.0 0.287220 21.0 0.290613 22.0 0.293757 23.0 0.296659 24.0 0.299330 25.0 0.301777 26.0 0.304013 27.0 0.306051 28.0 0.307907 29.0 0.309601 30.0 0.311156
0.111412  0.0 0.122720 1.0 0.139766 2.0 0.155135 3.0 0.169024 4.0 0.181610 5.0 0.193047 6.0 0.203470 7.0 0.213000 8.0 0.221742 9.0 0.229788 10.0 0.237215 11.0 0.244090 12.0 0.250474 13.0 0.256415 14.0 0.261953 15.0 0.267124 16.0 0.271956 17.0 0.276470 18.0 0.280687 19.0 0.284622 20.0 0.288286 21.0 0.291692 22.0 0.294846 23.0 0.297759 24.0 0.300438 25.0 0.302895 26.0 0.305139 27.0 0.307183 28.0 0.309046 29.0 0.310745 30.0 0.312304
0.117836  0.0 0.123189 1.0 0.140298 2.0 0.155724 3.0 0.169666 4.0 0.182298 5.0 0.193776 6.0 0.204238 7.0 0.213803 8.0 0.222577 9.0 0.230651 10.0 0.238104 11.0 0.245006 12.0 0.251413 13.0 0.257375 14.0 0.262934 15.0 0.268123 16.0 0.272971 17.0 0.277502 18.0 0.281734 19.0 0.285683 20.0 0.289360 21.0 0.292777 22.0 0.295943 23.0 0.298866 24.0 0.301555 25.0 0.304018 26.0 0.306270 27.0 0.308322 28.0 0.310191 29.0 0.311896 30.0 0.313462
0.124631  0.0 0.123662 1.0 0.140835 2.0 0.156318 3.0 0.170311 4.0 0.182990 5.0 0.194511 6.0 0.205011 7.0 0.214611 8.0 0.223417 9.0 0.231521 10.0 0.239002 11.0 0.245928 12.0 0.252358 13.0 0.258342 14.0 0.263920 15.0 0.269128 16.0 0.273994 17.0 0.278542 18.0 0.282789 19.0 0.286751 20.0 0.290441 21.0 0.293871 22.0 0.297048 23.0 0.299980 24.0 0.302679 25.0 0.305153 26.0 0.307412 27.0 0.309471 28.0 0.311346 29.0 0.313057 30.0 0.314628
0.131817  0.0 0.124137 1.0 0.141375 2.0 0.156917 3.0 0.170962 4.0 0.183688 5.0 0.195252 6.0 0.205791 7.0 0.215426 8.0 0.224264 9.0 0.232398 10.0 0.239906 11.0 0.246858 12.0 0.253312 13.0 0.259317 14.0 0.264916 15.0 0.270142 16.0 0.275026 17.0 0.279588 18.0 0.283852 19.0 0.287828 20.0 0.291532 21.0 0.294973 22.0 0.298160 23.0 0.301105 24.0 0.303812 25.0 0.306294 26.0 0.308562 27.0 0.310628 28.0 0.312509 29.0 0.314225 30.0 0.315802
0.139418  0.0 0.124617 1.0 0.141920 2.0 0.157520 3.0 0.171618 4.0 0.184392 5.0 0.195997 6.0 0.206575 7.0 0.216247 8.0 0.225118 9.0 0.233281 10.0 0.240817 11.0 0.247794 12.0 0.254271 13.0 0.260298 14.0 0.265918 15.0 0.271163 16.0 0.276064 17.0 0.280645 18.0 0.284921 19.0 0.288912 20.0 0.292629 21.0 0.296083 22.0 0.299283 23.0 0.302236 24.0 0.304954 25.0 0.307445 26.0 0.309720 27.0 0.311793 28.0 0.313681 29.0 0.315404 30.0 0.316986
0.147457  0.0 0.125101 1.0 0.142469 2.0 0.158128 3.0 0.172278 4.0 0.185099 5.0 0.196750 6.0 0.207367 7.0 0.217074 8.0 0.225977 9.0 0.234172 10.0 0.241735 11.0 0.248737 12.0 0.255238 13.0 0.261288 14.0 0.266927 15.0 0.272192 16.0 0.277112 17.0 0.281707 18.0 0.286001 19.0 0.290006 20.0 0.293737 21.0 0.297203 22.0 0.300412 23.0 0.303378 24.0 0.306103 25.0 0.308604 26.0 0.310887 27.0 0.312968 28.0 0.314862 29.0 0.316591 30.0 0.318177
0.155960  0.0 0.125588 1.0 0.143022 2.0 0.158741 3.0 0.172945 4.0 0.185814 5.0 0.197507 6.0 0.208164 7.0 0.217908 8.0 0.226845 9.0 0.235068 10.0 0.242659 11.0 0.249689 12.0 0.256214 13.0 0.262284 14.0 0.267945 15.0 0.273230 16.0 0.278166 17.0 0.282779 18.0 0.287087 19.0 0.291107 20.0 0.294851 21.0 0.298328 22.0 0.301552 23.0 0.304526 24.0 0.307264 25.0 0.309771 26.0 0.312062 27.0 0.314150 28.0 0.316051 29.0 0.317786 30.0 0.319379
0.164953  0.0 0.126079 1.0 0.143580 2.0 0.159358 3.0 0.173615 4.0 0.186534 5.0 0.198271 6.0 0.208967 7.0 0.218747 8.0 0.227717 9.0 0.235972 10.0 0.243592 11.0 0.250646 12.0 0.257195 13.0 0.263290 14.0 0.268970 15.0 0.274273 16.0 0.279229 17.0 0.283859 18.0 0.288183 19.0 0.292217 20.0 0.295974 21.0 0.299465 22.0 0.302699 23.0 0.305684 24.0 0.308431 25.0 0.310949 26.0 0.313248 27.0 0.315343 28.0 0.317251 29.0 0.318992 30.0 0.320589
0.174465  0.0 0.126574 1.0 0.144142 2.0 0.159980 3.0 0.174292 4.0 0.187259 5.0 0.199040 6.0 0.209778 7.0 0.219594 8.0 0.228598 9.0 0.236883 10.0 0.244531 11.0 0.251612 12.0 0.258186 13.0 0.264302 14.0 0.270004 15.0 0.275327 16.0 0.280300 17.0 0.284946 18.0 0.289287 19.0 0.293336 20.0 0.297107 21.0 0.300610 22.0 0.303855 23.0 0.306852 24.0 0.309607 25.0 0.312133 26.0 0.314441 27.0 0.316544 28.0 0.318458 29.0 0.320204 30.0 0.321809
0.184525  0.0 0.127073 1.0 0.144708 2.0 0.160607 3.0 0.174974 4.0 0.187990 5.0 0.199815 6.0 0.210593 7.0 0.220446 8.0 0.229485 9.0 0.237800 10.0 0.245477 11.0 0.252585 12.0 0.259183 13.0 0.265321 14.0 0.271045 15.0 0.276387 16.0 0.281378 17.0 0.286043 18.0 0.290398 19.0 0.294461 20.0 0.298246 21.0 0.301763 22.0 0.305020 23.0 0.308026 24.0 0.310794 25.0 0.313329 26.0 0.315644 27.0 0.317754 28.0 0.319676 29.0 0.321429 30.0 0.323038
0.195165  0.0 0.127576 1.0 0.145280 2.0 0.161239 3.0 0.175660 4.0 0.188726 5.0 0.200598 6.0 0.211416 7.0 0.221306 8.0 0.230377 9.0 0.238726 10.0 0.246432 11.0 0.253565 12.0 0.260187 13.0 0.266350 14.0 0.272094 15.0 0.277456 16.0 0.282467 17.0 0.287147 18.0 0.291520 19.0 0.295598 20.0 0.299397 21.0 0.302925 22.0 0.306193 23.0 0.309212 24.0 0.311987 25.0 0.314532 26.0 0.316857 27.0 0.318974 28.0 0.320902 29.0 0.322661 30.0 0.324275
0.206419  0.0 0.128082 1.0 0.145854 2.0 0.161876 3.0 0.176353 4.0 0.189469 5.0 0.201385 6.0 0.212245 7.0 0.222173 8.0 0.231279 9.0 0.239657 10.0 0.247392 11.0 0.254554 12.0 0.261201 13.0 0.267385 14.0 0.273152 15.0 0.278534 16.0 0.283562 17.0 0.288261 18.0 0.292648 19.0 0.296742 20.0 0.300554 21.0 0.304095 22.0 0.307377 23.0 0.310406 24.0 0.313192 25.0 0.315745 26.0 0.318077 27.0 0.320202 28.0 0.322137 29.0 0.323903 30.0 0.325524
0.218322  0.0 0.128593 1.0 0.146435 2.0 0.162518 3.0 0.177051 4.0 0.190217 5.0 0.202179 6.0 0.213080 7.0 0.223045 8.0 0.232186 9.0 0.240598 10.0 0.248361 11.0 0.255548 12.0 0.262221 13.0 0.268430 14.0 0.274216 15.0 0.279619 16.0 0.284667 17.0 0.289383 18.0 0.293787 19.0 0.297895 20.0 0.301722 21.0 0.305277 22.0 0.308569 23.0 0.311609 24.0 0.314405 25.0 0.316968 26.0 0.319309 27.0 0.321442 28.0 0.323384 29.0 0.325155 30.0 0.326781
0.230911  0.0 0.129108 1.0 0.147019 2.0 0.163165 3.0 0.177754 4.0 0.190971 5.0 0.202979 6.0 0.213922 7.0 0.223926 8.0 0.233101 9.0 0.241544 10.0 0.249338 11.0 0.256553 12.0 0.263250 13.0 0.269482 14.0 0.275292 15.0 0.280714 16.0 0.285780 17.0 0.290513 18.0 0.294934 19.0 0.299058 20.0 0.302899 21.0 0.306466 22.0 0.309770 23.0 0.312822 24.0 0.315628 25.0 0.318199 26.0 0.320549 27.0 0.322690 28.0 0.324638 29.0 0.326415 30.0 0.328048
0.244226  0.0 0.129627 1.0 0.147608 2.0 0.163817 3.0 0.178463 4.0 0.191731 5.0 0.203785 6.0 0.214770 7.0 0.224813 8.0 0.234024 9.0 0.242498 10.0 0.250321 11.0 0.257564 12.0 0.264287 13.0 0.270542 14.0 0.276373 15.0 0.281817 16.0 0.286901 17.0 0.291653 18.0 0.296090 19.0 0.300228 20.0 0.304083 21.0 0.307664 22.0 0.310982 23.0 0.314043 24.0 0.316861 25.0 0.319442 26.0 0.321799 27.0 0.323947 28.0 0.325903 29.0 0.327688 30.0 0.329326
0.258309  0.0 0.130150 1.0 0.148203 2.0 0.164475 3.0 0.179177 4.0 0.192497 5.0 0.204599 6.0 0.215626 7.0 0.225707 8.0 0.234952 9.0 0.243461 10.0 0.251314 11.0 0.258583 12.0 0.265332 13.0 0.271612 14.0 0.277464 15.0 0.282928 16.0 0.288033 17.0 0.292801 18.0 0.297255 19.0 0.301410 20.0 0.305279 21.0 0.308873 22.0 0.312201 23.0 0.315276 24.0 0.318101 25.0 0.320693 26.0 0.323060 27.0 0.325216 28.0 0.327178 29.0 0.328969 30.0 0.330611
0.273204  0.0 0.130677 1.0 0.148801 2.0 0.165138 3.0 0.179899 4.0 0.193270 5.0 0.205418 6.0 0.216488 7.0 0.226608 8.0 0.235890 9.0 0.244430 10.0 0.252313 11.0 0.259612 12.0 0.266386 13.0 0.272688 14.0 0.278565 15.0 0.284049 16.0 0.289172 17.0 0.293959 18.0 0.298429 19.0 0.302600 20.0 0.306483 21.0 0.310089 22.0 0.313432 23.0 0.316516 24.0 0.319354 25.0 0.321954 26.0 0.324328 27.0 0.326492 28.0 0.328462 29.0 0.330260 30.0 0.331910
0.288957  0.0 0.131209 1.0 0.149405 2.0 0.165806 3.0 0.180625 4.0 0.194049 5.0 0.206244 6.0 0.217356 7.0 0.227516 8.0 0.236834 9.0 0.245407 10.0 0.253321 11.0 0.260647 12.0 0.267447 13.0 0.273775 14.0 0.279672 15.0 0.285177 16.0 0.290320 17.0 0.295126 18.0 0.299613 19.0 0.303799 20.0 0.307696 21.0 0.311318 22.0 0.314672 23.0 0.317767 24.0 0.320615 25.0 0.323226 26.0 0.325609 27.0 0.327781 28.0 0.329758 29.0 0.331562 30.0 0.333217
0.305619  0.0 0.131745 1.0 0.150014 2.0 0.166480 3.0 0.181356 4.0 0.194833 5.0 0.207077 6.0 0.218233 7.0 0.228432 8.0 0.237786 9.0 0.246393 10.0 0.254337 11.0 0.261691 12.0 0.268518 13.0 0.274869 14.0 0.280790 15.0 0.286316 16.0 0.291479 17.0 0.296301 18.0 0.300806 19.0 0.305008 20.0 0.308921 21.0 0.312555 22.0 0.315920 23.0 0.319029 24.0 0.321887 25.0 0.324506 26.0 0.326899 27.0 0.329079 28.0 0.331063 29.0 0.332872 30.0 0.334534
0.323242  0.0 0.132285 1.0 0.150627 2.0 0.167159 3.0 0.182095 4.0 0.195625 5.0 0.207915 6.0 0.219116 7.0 0.229355 8.0 0.238746 9.0 0.247385 10.0 0.255360 11.0 0.262744 12.0 0.269597 13.0 0.275972 14.0 0.281916 15.0 0.287464 16.0 0.292645 17.0 0.297488 18.0 0.302008 19.0 0.306226 20.0 0.310153 21.0 0.313801 22.0 0.317181 23.0 0.320299 24.0 0.323169 25.0 0.325798 26.0 0.328199 27.0 0.330387 28.0 0.332378 29.0 0.334196 30.0 0.335863
0.341881  0.0 0.132830 1.0 0.151246 2.0 0.167843 3.0 0.182839 4.0 0.196422 5.0 0.208762 6.0 0.220006 7.0 0.230285 8.0 0.239713 9.0 0.248387 10.0 0.256393 11.0 0.263804 12.0 0.270683 13.0 0.277085 14.0 0.283051 15.0 0.288619 16.0 0.293822 17.0 0.298682 18.0 0.303221 19.0 0.307455 20.0 0.311397 21.0 0.315059 22.0 0.318450 23.0 0.321581 24.0 0.324460 25.0 0.327100 26.0 0.329510 27.0 0.331706 28.0 0.333705 29.0 0.335528 30.0 0.337200
0.361595  0.0 0.133380 1.0 0.151870 2.0 0.168534 3.0 0.183589 4.0 0.197226 5.0 0.209615 6.0 0.220905 7.0 0.231224 8.0 0.240688 9.0 0.249396 10.0 0.257433 11.0 0.264875 12.0 0.271781 13.0 0.278206 14.0 0.284196 15.0 0.289786 16.0 0.295008 17.0 0.299887 18.0 0.304443 19.0 0.308693 20.0 0.312650 21.0 0.316325 22.0 0.319730 23.0 0.322873 24.0 0.325763 25.0 0.328411 26.0 0.330830 27.0 0.333034 28.0 0.335040 29.0 0.336871 30.0 0.338551
0.382446  0.0 0.133933 1.0 0.152498 2.0 0.169230 3.0 0.184346 4.0 0.198038 5.0 0.210475 6.0 0.221809 7.0 0.232170 8.0 0.241672 9.0 0.250413 10.0 0.258483 11.0 0.265952 12.0 0.272886 13.0 0.279336 14.0 0.285349 15.0 0.290961 16.0 0.296203 17.0 0.301102 18.0 0.305675 19.0 0.309940 20.0 0.313912 21.0 0.317603 22.0 0.321020 23.0 0.324174 24.0 0.327076 25.0 0.329735 26.0 0.332163 27.0 0.334375 28.0 0.336389 29.0 0.338226 30.0 0.339911
0.404499  0.0 0.134492 1.0 0.153132 2.0 0.169931 3.0 0.185107 4.0 0.198855 5.0 0.211343 6.0 0.222722 7.0 0.233123 8.0 0.242662 9.0 0.251440 10.0 0.259541 11.0 0.267039 12.0 0.274000 13.0 0.280477 14.0 0.286512 15.0 0.292146 16.0 0.297409 17.0 0.302325 18.0 0.306917 19.0 0.311199 20.0 0.315187 21.0 0.318890 22.0 0.322320 23.0 0.325488 24.0 0.328399 25.0 0.331068 26.0 0.333506 27.0 0.335726 28.0 0.337747 29.0 0.339590 30.0 0.341281
0.427823  0.0 0.135055 1.0 0.153772 2.0 0.170639 3.0 0.185877 4.0 0.199679 5.0 0.212217 6.0 0.223642 7.0 0.234085 8.0 0.243662 9.0 0.252474 10.0 0.260606 11.0 0.268136 12.0 0.275124 13.0 0.281625 14.0 0.287685 15.0 0.293341 16.0 0.298624 17.0 0.303560 18.0 0.308168 19.0 0.312467 20.0 0.316470 21.0 0.320187 22.0 0.323632 23.0 0.326810 24.0 0.329734 25.0 0.332412 26.0 0.334858 27.0 0.337086 28.0 0.339116 29.0 0.340966 30.0 0.342665
0.452493  0.0 0.135623 1.0 0.154416 2.0 0.171352 3.0 0.186652 4.0 0.200511 5.0 0.213098 6.0 0.224568 7.0 0.235054 8.0 0.244670 9.0 0.253517 10.0 0.261682 11.0 0.269240 12.0 0.276256 13.0 0.282784 14.0 0.288866 15.0 0.294545 16.0 0.299849 17.0 0.304804 18.0 0.309431 19.0 0.313746 20.0 0.317764 21.0 0.321497 22.0 0.324954 23.0 0.328144 24.0 0.331079 25.0 0.333768 26.0 0.336224 27.0 0.338461 28.0 0.340497 29.0 0.342354 30.0 0.344057
0.478584  0.0 0.136196 1.0 0.155067 2.0 0.172072 3.0 0.187434 4.0 0.201348 5.0 0.213988 6.0 0.225505 7.0 0.236032 8.0 0.245685 9.0 0.254568 10.0 0.262766 11.0 0.270355 12.0 0.277398 13.0 0.283952 14.0 0.290059 15.0 0.295760 16.0 0.301085 17.0 0.306057 18.0 0.310704 19.0 0.315036 20.0 0.319070 21.0 0.322816 22.0 0.326285 23.0 0.329490 24.0 0.332435 25.0 0.335133 26.0 0.337599 27.0 0.339844 28.0 0.341888 29.0 0.343751 30.0 0.345463
0.506181  0.0 0.136774 1.0 0.155722 2.0 0.172798 3.0 0.188223 4.0 0.202194 5.0 0.214884 6.0 0.226448 7.0 0.237018 8.0 0.246711 9.0 0.255628 10.0 0.263858 11.0 0.271479 12.0 0.278550 13.0 0.285128 14.0 0.291261 15.0 0.296984 16.0 0.302329 17.0 0.307324 18.0 0.311986 19.0 0.316335 20.0 0.320385 21.0 0.324146 22.0 0.327630 23.0 0.330844 24.0 0.333803 25.0 0.336512 26.0 0.338986 27.0 0.341239 28.0 0.343291 29.0 0.345163 30.0 0.346880
0.535369  0.0 0.137356 1.0 0.156383 2.0 0.173529 3.0 0.189018 4.0 0.203046 5.0 0.215788 6.0 0.227398 7.0 0.238010 8.0 0.247743 9.0 0.256697 10.0 0.264962 11.0 0.272610 12.0 0.279710 13.0 0.286317 14.0 0.292472 15.0 0.298218 16.0 0.303586 17.0 0.308599 18.0 0.313281 19.0 0.317647 20.0 0.321712 21.0 0.325488 22.0 0.328984 23.0 0.332212 24.0 0.335180 25.0 0.337901 26.0 0.340385 27.0 0.342647 28.0 0.344707 29.0 0.346584 30.0 0.348306
0.566240  0.0 0.137944 1.0 0.157050 2.0 0.174267 3.0 0.189819 4.0 0.203905 5.0 0.216700 6.0 0.228358 7.0 0.239014 8.0 0.248785 9.0 0.257776 10.0 0.266073 11.0 0.273754 12.0 0.280882 13.0 0.287514 14.0 0.293695 15.0 0.299464 16.0 0.304852 17.0 0.309884 18.0 0.314585 19.0 0.318969 20.0 0.323050 21.0 0.326840 22.0 0.330350 23.0 0.333591 24.0 0.336571 25.0 0.339300 26.0 0.341794 27.0 0.344065 28.0 0.346132 29.0 0.348017 30.0 0.349748
0.598891  0.0 0.138536 1.0 0.157723 2.0 0.175012 3.0 0.190628 4.0 0.204772 5.0 0.217619 6.0 0.229325 7.0 0.240024 8.0 0.249836 9.0 0.258862 10.0 0.267193 11.0 0.274906 12.0 0.282063 13.0 0.288720 14.0 0.294927 15.0 0.300719 16.0 0.306128 17.0 0.311182 18.0 0.315900 19.0 0.320300 20.0 0.324397 21.0 0.328203 22.0 0.331728 23.0 0.334980 24.0 0.337973 25.0 0.340713 26.0 0.343216 27.0 0.345496 28.0 0.347571 29.0 0.349464 30.0 0.351199
0.633424  0.0 0.139134 1.0 0.158401 2.0 0.175762 3.0 0.191444 4.0 0.205646 5.0 0.218546 6.0 0.230300 7.0 0.241043 8.0 0.250895 9.0 0.259959 10.0 0.268324 11.0 0.276066 12.0 0.283252 13.0 0.289939 14.0 0.296169 15.0 0.301984 16.0 0.307416 17.0 0.312490 18.0 0.317227 19.0 0.321645 20.0 0.325759 21.0 0.329579 22.0 0.333116 23.0 0.336383 24.0 0.339384 25.0 0.342137 26.0 0.344650 27.0 0.346939 28.0 0.349021 29.0 0.350920 30.0 0.352662
0.669949  0.0 0.139737 1.0 0.159085 2.0 0.176519 3.0 0.192266 4.0 0.206527 5.0 0.219482 6.0 0.231284 7.0 0.242072 8.0 0.251963 9.0 0.261065 10.0 0.269464 11.0 0.277239 12.0 0.284454 13.0 0.291167 14.0 0.297423 15.0 0.303262 16.0 0.308715 17.0 0.313808 18.0 0.318565 19.0 0.323001 20.0 0.327130 21.0 0.330965 22.0 0.334517 23.0 0.337796 24.0 0.340811 25.0 0.343572 26.0 0.346094 27.0 0.348392 28.0 0.350482 29.0 0.352390 30.0 0.354140
0.708581  0.0 0.140345 1.0 0.159775 2.0 0.177283 3.0 0.193096 4.0 0.207417 5.0 0.220425 6.0 0.232276 7.0 0.243108 8.0 0.253042 9.0 0.262179 10.0 0.270613 11.0 0.278420 12.0 0.285665 13.0 0.292404 14.0 0.298686 15.0 0.304549 16.0 0.310023 17.0 0.315139 18.0 0.319913 19.0 0.324366 20.0 0.328512 21.0 0.332364 22.0 0.335930 23.0 0.339220 24.0 0.342248 25.0 0.345021 26.0 0.347553 27.0 0.349859 28.0 0.351958 29.0 0.353873 30.0 0.355628
0.749439  0.0 0.140958 1.0 0.160471 2.0 0.178052 3.0 0.193933 4.0 0.208314 5.0 0.221376 6.0 0.233276 7.0 0.244153 8.0 0.254128 9.0 0.263305 10.0 0.271773 11.0 0.279610 12.0 0.286885 13.0 0.293654 14.0 0.299961 15.0 0.305847 16.0 0.311345 17.0 0.316479 18.0 0.321275 19.0 0.325746 20.0 0.329908 21.0 0.333775 22.0 0.337354 23.0 0.340659 24.0 0.343696 25.0 0.346481 26.0 0.349023 27.0 0.351339 28.0 0.353446 29.0 0.355366 30.0 0.357128
0.792654  0.0 0.141577 1.0 0.161174 2.0 0.178830 3.0 0.194776 4.0 0.209218 5.0 0.222336 6.0 0.234286 7.0 0.245209 8.0 0.255224 9.0 0.264439 10.0 0.272942 11.0 0.280813 12.0 0.288118 13.0 0.294914 14.0 0.301247 15.0 0.307157 16.0 0.312677 17.0 0.317832 18.0 0.322646 19.0 0.327136 20.0 0.331315 21.0 0.335196 22.0 0.338791 23.0 0.342108 24.0 0.345159 25.0 0.347953 26.0 0.350504 27.0 0.352829 28.0 0.354944 29.0 0.356874 30.0 0.358644
0.838361  0.0 0.142201 1.0 0.161882 2.0 0.179614 3.0 0.195629 4.0 0.210131 5.0 0.223303 6.0 0.235304 7.0 0.246273 8.0 0.256331 9.0 0.265582 10.0 0.274121 11.0 0.282026 12.0 0.289361 13.0 0.296183 14.0 0.302543 15.0 0.308477 16.0 0.314019 17.0 0.319197 18.0 0.324030 19.0 0.328536 20.0 0.332733 21.0 0.336631 22.0 0.340240 23.0 0.343569 24.0 0.346633 25.0 0.349439 26.0 0.352001 27.0 0.354334 28.0 0.356458 29.0 0.358394 30.0 0.360170
0.886703  0.0 0.142831 1.0 0.162596 2.0 0.180404 3.0 0.196487 4.0 0.211052 5.0 0.224280 6.0 0.236331 7.0 0.247345 8.0 0.257445 9.0 0.266737 10.0 0.275312 11.0 0.283247 12.0 0.290613 13.0 0.297466 14.0 0.303850 15.0 0.309809 16.0 0.315375 17.0 0.320573 18.0 0.325426 19.0 0.329952 20.0 0.334165 21.0 0.338078 22.0 0.341700 23.0 0.345045 24.0 0.348118 25.0 0.350936 26.0 0.353509 27.0 0.355852 28.0 0.357983 29.0 0.359926 30.0 0.361709
0.937833  0.0 0.143466 1.0 0.163318 2.0 0.181202 3.0 0.197353 4.0 0.211980 5.0 0.225265 6.0 0.237367 7.0 0.248428 8.0 0.258570 9.0 0.267901 10.0 0.276512 11.0 0.284482 12.0 0.291878 13.0 0.298758 14.0 0.305170 15.0 0.311154 16.0 0.316741 17.0 0.321960 18.0 0.326833 19.0 0.331378 20.0 0.335608 21.0 0.339536 22.0 0.343175 23.0 0.346532 24.0 0.349619 25.0 0.352447 26.0 0.355028 27.0 0.357380 28.0 0.359521 29.0 0.361473 30.0 0.363263
0.991911  0.0 0.144107 1.0 0.164045 2.0 0.182007 3.0 0.198228 4.0 0.212918 5.0 0.226258 6.0 0.238412 7.0 0.249520 8.0 0.259706 9.0 0.269075 10.0 0.277722 11.0 0.285726 12.0 0.293153 13.0 0.300061 14.0 0.306500 15.0 0.312509 16.0 0.318119 17.0 0.323361 18.0 0.328253 19.0 0.332815 20.0 0.337063 21.0 0.341009 22.0 0.344662 23.0 0.348031 24.0 0.351132 25.0 0.353972 26.0 0.356564 27.0 0.358925 28.0 0.361074 29.0 0.363033 30.0 0.364829
1.049107  0.0 0.144754 1.0 0.164778 2.0 0.182818 3.0 0.199110 4.0 0.213863 5.0 0.227261 6.0 0.239466 7.0 0.250621 8.0 0.260850 9.0 0.270260 10.0 0.278944 11.0 0.286980 12.0 0.294438 13.0 0.301377 14.0 0.307842 15.0 0.313875 16.0 0.319511 17.0 0.324773 18.0 0.329687 19.0 0.334268 20.0 0.338533 21.0 0.342494 22.0 0.346160 23.0 0.349546 24.0 0.352656 25.0 0.355508 26.0 0.358112 27.0 0.360482 28.0 0.362639 29.0 0.364605 30.0 0.366409
1.109601  0.0 0.145407 1.0 0.165519 2.0 0.183638 3.0 0.199999 4.0 0.214816 5.0 0.228272 6.0 0.240530 7.0 0.251733 8.0 0.262005 9.0 0.271456 10.0 0.280176 11.0 0.288247 12.0 0.295737 13.0 0.302704 14.0 0.309197 15.0 0.315256 16.0 0.320913 17.0 0.326197 18.0 0.331131 19.0 0.335732 20.0 0.340014 21.0 0.343990 22.0 0.347673 23.0 0.351072 24.0 0.354197 25.0 0.357058 26.0 0.359671 27.0 0.362051 28.0 0.364217 29.0 0.366192 30.0 0.368004
1.173584  0.0 0.146065 1.0 0.166266 2.0 0.184464 3.0 0.200898 4.0 0.215778 5.0 0.229292 6.0 0.241604 7.0 0.252855 8.0 0.263171 9.0 0.272660 10.0 0.281418 11.0 0.289524 12.0 0.297046 13.0 0.304042 14.0 0.310563 15.0 0.316647 16.0 0.322327 17.0 0.327635 18.0 0.332588 19.0 0.337207 20.0 0.341507 21.0 0.345502 22.0 0.349200 23.0 0.352610 24.0 0.355749 25.0 0.358623 26.0 0.361247 27.0 0.363637 28.0 0.365811 29.0 0.367794 30.0 0.369611
1.241256  0.0 0.146729 1.0 0.167020 2.0 0.185298 3.0 0.201804 4.0 0.216750 5.0 0.230321 6.0 0.242685 7.0 0.253985 8.0 0.264347 9.0 0.273878 10.0 0.282673 11.0 0.290812 12.0 0.298366 13.0 0.305393 14.0 0.311940 15.0 0.318049 16.0 0.323756 17.0 0.329085 18.0 0.334060 19.0 0.338699 20.0 0.343017 21.0 0.347027 22.0 0.350738 23.0 0.354165 24.0 0.357314 25.0 0.360201 26.0 0.362836 27.0 0.365235 28.0 0.367418 29.0 0.369407 30.0 0.371232
1.312831  0.0 0.147400 1.0 0.167781 2.0 0.186139 3.0 0.202718 4.0 0.217729 5.0 0.231361 6.0 0.243779 7.0 0.255127 8.0 0.265532 9.0 0.275105 10.0 0.283938 11.0 0.292113 12.0 0.299699 13.0 0.306756 14.0 0.313331 15.0 0.319467 16.0 0.325197 17.0 0.330547 18.0 0.335543 19.0 0.340202 20.0 0.344538 21.0 0.348563 22.0 0.352292 23.0 0.355732 24.0 0.358895 25.0 0.361791 26.0 0.364437 27.0 0.366846 28.0 0.369037 29.0 0.371036 30.0 0.372869
1.388532  0.0 0.148077 1.0 0.168549 2.0 0.186989 3.0 0.203640 4.0 0.218717 5.0 0.232409 6.0 0.244881 7.0 0.256280 8.0 0.266730 9.0 0.276343 10.0 0.285214 11.0 0.293425 12.0 0.301044 13.0 0.308129 14.0 0.314734 15.0 0.320896 16.0 0.326649 17.0 0.332024 18.0 0.337039 19.0 0.341717 20.0 0.346071 21.0 0.350115 22.0 0.353859 23.0 0.357312 24.0 0.360489 25.0 0.363399 26.0 0.366054 27.0 0.368473 28.0 0.370674 29.0 0.372681 30.0 0.374520
1.468599  0.0 0.148759 1.0 0.169323 2.0 0.187846 3.0 0.204571 4.0 0.219715 5.0 0.233466 6.0 0.245993 7.0 0.257441 8.0 0.267938 9.0 0.277593 10.0 0.286503 11.0 0.294748 12.0 0.302400 13.0 0.309517 14.0 0.316148 15.0 0.322336 16.0 0.328116 17.0 0.333513 18.0 0.338551 19.0 0.343248 20.0 0.347620 21.0 0.351681 22.0 0.355439 23.0 0.358908 24.0 0.362096 25.0 0.365019 26.0 0.367686 27.0 0.370115 28.0 0.372324 29.0 0.374338 30.0 0.376184
1.553282  0.0 0.149448 1.0 0.170105 2.0 0.188710 3.0 0.205511 4.0 0.220722 5.0 0.234534 6.0 0.247116 7.0 0.258614 8.0 0.269156 9.0 0.278854 10.0 0.287803 11.0 0.296084 12.0 0.303769 13.0 0.310917 14.0 0.317578 15.0 0.323792 16.0 0.329596 17.0 0.335014 18.0 0.340075 19.0 0.344792 20.0 0.349183 21.0 0.353260 22.0 0.357034 23.0 0.360518 24.0 0.363720 25.0 0.366652 26.0 0.369331 27.0 0.371769 28.0 0.373988 29.0 0.376010 30.0 0.377865
1.642849  0.0 0.150145 1.0 0.170894 2.0 0.189584 3.0 0.206458 4.0 0.221737 5.0 0.235611 6.0 0.248249 7.0 0.259798 8.0 0.270387 9.0 0.280127 10.0 0.289114 11.0 0.297432 12.0 0.305151 13.0 0.312329 14.0 0.319019 15.0 0.325261 16.0 0.331088 17.0 0.336532 18.0 0.341611 19.0 0.346349 20.0 0.350758 21.0 0.354852 22.0 0.358644 23.0 0.362141 24.0 0.365358 25.0 0.368303 26.0 0.370991 27.0 0.373440 28.0 0.375668 29.0 0.377699 30.0 0.379561
1.737580  0.0 0.150847 1.0 0.171691 2.0 0.190465 3.0 0.207416 4.0 0.222762 5.0 0.236698 6.0 0.249392 7.0 0.260992 8.0 0.271628 9.0 0.281410 10.0 0.290437 11.0 0.298792 12.0 0.306544 13.0 0.313754 14.0 0.320472 15.0 0.326741 16.0 0.332594 17.0 0.338062 18.0 0.343164 19.0 0.347921 20.0 0.352349 21.0 0.356461 22.0 0.360268 23.0 0.363780 24.0 0.367009 25.0 0.369968 26.0 0.372668 27.0 0.375127 28.0 0.377364 29.0 0.379402 30.0 0.381270
1.837774  0.0 0.151555 1.0 0.172494 2.0 0.191354 3.0 0.208381 4.0 0.223797 5.0 0.237795 6.0 0.250545 7.0 0.262197 8.0 0.272880 9.0 0.282707 10.0 0.291774 11.0 0.300164 12.0 0.307950 13.0 0.315193 14.0 0.321940 15.0 0.328236 16.0 0.334116 17.0 0.339605 18.0 0.344730 19.0 0.349508 20.0 0.353955 21.0 0.358084 22.0 0.361905 23.0 0.365434 24.0 0.368676 25.0 0.371646 26.0 0.374358 27.0 0.376827 28.0 0.379073 29.0 0.381119 30.0 0.382997
1.943745  0.0 0.152271 1.0 0.173306 2.0 0.192251 3.0 0.209356 4.0 0.224841 5.0 0.238903 6.0 0.251711 7.0 0.263414 8.0 0.274144 9.0 0.284015 10.0 0.293122 11.0 0.301550 12.0 0.309371 13.0 0.316644 14.0 0.323422 15.0 0.329746 16.0 0.335650 17.0 0.341163 18.0 0.346310 19.0 0.351109 20.0 0.355575 21.0 0.359720 22.0 0.363560 23.0 0.367102 24.0 0.370359 25.0 0.373341 26.0 0.376063 27.0 0.378542 28.0 0.380798 29.0 0.382855 30.0 0.384739
2.055827  0.0 0.152993 1.0 0.174126 2.0 0.193157 3.0 0.210340 4.0 0.225895 5.0 0.240021 6.0 0.252886 7.0 0.264643 8.0 0.275421 9.0 0.285335 10.0 0.294482 11.0 0.302949 12.0 0.310804 13.0 0.318108 14.0 0.324917 15.0 0.331268 16.0 0.337197 17.0 0.342736 18.0 0.347904 19.0 0.352723 20.0 0.357208 21.0 0.361374 22.0 0.365230 23.0 0.368786 24.0 0.372057 25.0 0.375052 26.0 0.377786 27.0 0.380276 28.0 0.382541 29.0 0.384605 30.0 0.386496
2.174371  0.0 0.153722 1.0 0.174953 2.0 0.194072 3.0 0.211333 4.0 0.226960 5.0 0.241148 6.0 0.254072 7.0 0.265882 8.0 0.276709 9.0 0.286667 10.0 0.295856 11.0 0.304359 12.0 0.312249 13.0 0.319588 14.0 0.326424 15.0 0.332803 16.0 0.338761 17.0 0.344323 18.0 0.349515 19.0 0.354355 20.0 0.358859 21.0 0.363042 22.0 0.366913 23.0 0.370486 24.0 0.373769 25.0 0.376778 26.0 0.379524 27.0 0.382024 28.0 0.384298 29.0 0.386370 30.0 0.388270
2.299752  0.0 0.154457 1.0 0.175787 2.0 0.194995 3.0 0.212336 4.0 0.228034 5.0 0.242288 6.0 0.255270 7.0 0.267132 8.0 0.278008 9.0 0.288013 10.0 0.297243 11.0 0.305783 12.0 0.313709 13.0 0.321081 14.0 0.327948 15.0 0.334355 16.0 0.340338 17.0 0.345923 18.0 0.351139 19.0 0.356000 20.0 0.360525 21.0 0.364724 22.0 0.368613 23.0 0.372201 24.0 0.375499 25.0 0.378519 26.0 0.381276 27.0 0.383787 28.0 0.386070 29.0 0.388152 30.0 0.390061
2.432362  0.0 0.155201 1.0 0.176630 2.0 0.195927 3.0 0.213347 4.0 0.229118 5.0 0.243438 6.0 0.256479 7.0 0.268396 8.0 0.279321 9.0 0.289370 10.0 0.298641 11.0 0.307222 12.0 0.315183 13.0 0.322586 14.0 0.329485 15.0 0.335921 16.0 0.341930 17.0 0.347541 18.0 0.352777 19.0 0.357661 20.0 0.362204 21.0 0.366423 22.0 0.370330 23.0 0.373931 24.0 0.377245 25.0 0.380279 26.0 0.383047 27.0 0.385568 28.0 0.387862 29.0 0.389952 30.0 0.391868
2.572619  0.0 0.155952 1.0 0.177481 2.0 0.196868 3.0 0.214370 4.0 0.230213 5.0 0.244598 6.0 0.257700 7.0 0.269671 8.0 0.280646 9.0 0.290740 10.0 0.300053 11.0 0.308673 12.0 0.316670 13.0 0.324107 14.0 0.331036 15.0 0.337501 16.0 0.343536 17.0 0.349173 18.0 0.354433 19.0 0.359337 20.0 0.363901 21.0 0.368139 22.0 0.372061 23.0 0.375680 24.0 0.379006 25.0 0.382053 26.0 0.384834 27.0 0.387366 28.0 0.389669 29.0 0.391768 30.0 0.393690
2.720963  0.0 0.156709 1.0 0.178340 2.0 0.197818 3.0 0.215402 4.0 0.231319 5.0 0.245769 6.0 0.258931 7.0 0.270958 8.0 0.281984 9.0 0.292124 10.0 0.301480 11.0 0.310137 12.0 0.318170 13.0 0.325643 14.0 0.332602 15.0 0.339096 16.0 0.345159 17.0 0.350820 18.0 0.356105 19.0 0.361030 20.0 0.365614 21.0 0.369870 22.0 0.373808 23.0 0.377444 24.0 0.380784 25.0 0.383844 26.0 0.386637 27.0 0.389180 28.0 0.391492 29.0 0.393599 30.0 0.395532
2.877861  0.0 0.157473 1.0 0.179207 2.0 0.198777 3.0 0.216443 4.0 0.232434 5.0 0.246953 6.0 0.260175 7.0 0.272257 8.0 0.283333 9.0 0.293521 10.0 0.302920 11.0 0.311617 12.0 0.319687 13.0 0.327192 14.0 0.334184 15.0 0.340707 16.0 0.346797 17.0 0.352483 18.0 0.357790 19.0 0.362738 20.0 0.367343 21.0 0.371616 22.0 0.375574 23.0 0.379224 24.0 0.382580 25.0 0.385652 26.0 0.388456 27.0 0.391010 28.0 0.393333 29.0 0.395450 30.0 0.397390
3.043807  0.0 0.158246 1.0 0.180084 2.0 0.199746 3.0 0.217494 4.0 0.233560 5.0 0.248147 6.0 0.261432 7.0 0.273570 8.0 0.284697 9.0 0.294931 10.0 0.304373 11.0 0.313111 12.0 0.321218 13.0 0.328755 14.0 0.335780 15.0 0.342333 16.0 0.348449 17.0 0.354162 18.0 0.359492 19.0 0.364462 20.0 0.369086 21.0 0.373380 22.0 0.377355 23.0 0.381020 24.0 0.384392 25.0 0.387478 26.0 0.390295 27.0 0.392860 28.0 0.395193 29.0 0.397318 30.0 0.399265
3.219321  0.0 0.159027 1.0 0.180968 2.0 0.200724 3.0 0.218557 4.0 0.234698 5.0 0.249353 6.0 0.262700 7.0 0.274894 8.0 0.286073 9.0 0.296353 10.0 0.305840 11.0 0.314618 12.0 0.322762 13.0 0.330335 14.0 0.337391 15.0 0.343973 16.0 0.350119 17.0 0.355857 18.0 0.361212 19.0 0.366204 20.0 0.370849 21.0 0.375162 22.0 0.379153 23.0 0.382836 24.0 0.386220 25.0 0.389321 26.0 0.392151 27.0 0.394726 28.0 0.397069 29.0 0.399203 30.0 0.401158
3.404956  0.0 0.159814 1.0 0.181862 2.0 0.201712 3.0 0.219630 4.0 0.235848 5.0 0.250570 6.0 0.263979 7.0 0.276231 8.0 0.287463 9.0 0.297792 10.0 0.307322 11.0 0.316139 12.0 0.324321 13.0 0.331931 14.0 0.339018 15.0 0.345630 16.0 0.351804 17.0 0.357567 18.0 0.362948 19.0 0.367962 20.0 0.372628 21.0 0.376960 22.0 0.380968 23.0 0.384668 24.0 0.388067 25.0 0.391180 26.0 0.394022 27.0 0.396609 28.0 0.398962 29.0 0.401105 30.0 0.403071
3.601296  0.0 0.160609 1.0 0.182763 2.0 0.202709 3.0 0.220713 4.0 0.237008 5.0 0.251801 6.0 0.265273 7.0 0.277582 8.0 0.288865 9.0 0.299244 10.0 0.308818 11.0 0.317677 12.0 0.325897 13.0 0.333541 14.0 0.340662 15.0 0.347304 16.0 0.353506 17.0 0.359295 18.0 0.364699 19.0 0.369737 20.0 0.374423 21.0 0.378773 22.0 0.382802 23.0 0.386517 24.0 0.389933 25.0 0.393059 26.0 0.395913 27.0 0.398511 28.0 0.400874 29.0 0.403028 30.0 0.405001
3.808956  0.0 0.161413 1.0 0.183675 2.0 0.203716 3.0 0.221806 4.0 0.238179 5.0 0.253043 6.0 0.266579 7.0 0.278946 8.0 0.290283 9.0 0.300710 10.0 0.310328 11.0 0.319230 12.0 0.327488 13.0 0.335165 14.0 0.342320 15.0 0.348994 16.0 0.355223 17.0 0.361041 18.0 0.366468 19.0 0.371527 20.0 0.376235 21.0 0.380607 22.0 0.384653 23.0 0.388384 24.0 0.391815 25.0 0.394956 26.0 0.397823 27.0 0.400432 28.0 0.402806 29.0 0.404968 30.0 0.406948
4.028591  0.0 0.162225 1.0 0.184595 2.0 0.204734 3.0 0.222910 4.0 0.239362 5.0 0.254297 6.0 0.267898 7.0 0.280324 8.0 0.291714 9.0 0.302189 10.0 0.311853 11.0 0.320797 12.0 0.329093 13.0 0.336808 14.0 0.343995 15.0 0.350699 16.0 0.356958 17.0 0.362802 18.0 0.368255 19.0 0.373338 20.0 0.378067 21.0 0.382458 22.0 0.386521 23.0 0.390270 24.0 0.393714 25.0 0.396871 26.0 0.399750 27.0 0.402372 28.0 0.404755 29.0 0.406926 30.0 0.408915
4.260891  0.0 0.163045 1.0 0.185525 2.0 0.205762 3.0 0.224027 4.0 0.240557 5.0 0.255563 6.0 0.269229 7.0 0.281714 8.0 0.293159 9.0 0.303684 10.0 0.313395 11.0 0.322378 12.0 0.330714 13.0 0.338466 14.0 0.345686 15.0 0.352422 16.0 0.358710 17.0 0.364580 18.0 0.370059 19.0 0.375165 20.0 0.379917 21.0 0.384327 22.0 0.388408 23.0 0.392175 24.0 0.395635 25.0 0.398803 26.0 0.401696 27.0 0.404329 28.0 0.406722 29.0 0.408903 30.0 0.410903
4.506586  0.0 0.163873 1.0 0.186463 2.0 0.206800 3.0 0.225153 4.0 0.241764 5.0 0.256843 6.0 0.270574 7.0 0.283119 8.0 0.294618 9.0 0.305195 10.0 0.314951 11.0 0.323978 12.0 0.332353 13.0 0.340141 14.0 0.347395 15.0 0.354162 16.0 0.360479 17.0 0.366376 18.0 0.371880 19.0 0.377010 20.0 0.381783 21.0 0.386213 22.0 0.390314 23.0 0.394096 24.0 0.397574 25.0 0.400756 26.0 0.403661 27.0 0.406305 28.0 0.408710 29.0 0.410902 30.0 0.412909
4.766448  0.0 0.164709 1.0 0.187411 2.0 0.207847 3.0 0.226291 4.0 0.242983 5.0 0.258135 6.0 0.271933 7.0 0.284538 8.0 0.296093 9.0 0.306719 10.0 0.316522 11.0 0.325593 12.0 0.334007 13.0 0.341831 14.0 0.349121 15.0 0.355919 16.0 0.362265 17.0 0.368191 18.0 0.373719 19.0 0.378873 20.0 0.383667 21.0 0.388119 22.0 0.392239 23.0 0.396037 24.0 0.399531 25.0 0.402729 26.0 0.405647 27.0 0.408303 28.0 0.410719 29.0 0.412919 30.0 0.414934
5.041295  0.0 0.165555 1.0 0.188370 2.0 0.208907 3.0 0.227440 4.0 0.244214 5.0 0.259441 6.0 0.273305 7.0 0.285972 8.0 0.297582 9.0 0.308259 10.0 0.318108 11.0 0.327223 12.0 0.335678 13.0 0.343538 14.0 0.350862 15.0 0.357693 16.0 0.364069 17.0 0.370024 18.0 0.375578 19.0 0.380755 20.0 0.385572 21.0 0.390044 22.0 0.394182 23.0 0.397999 24.0 0.401506 25.0 0.404720 26.0 0.407651 27.0 0.410320 28.0 0.412746 29.0 0.414955 30.0 0.416978
5.331990  0.0 0.166409 1.0 0.189338 2.0 0.209977 3.0 0.228603 4.0 0.245458 5.0 0.260759 6.0 0.274691 7.0 0.287419 8.0 0.299086 9.0 0.309814 10.0 0.319712 11.0 0.328869 12.0 0.337364 13.0 0.345265 14.0 0.352622 15.0 0.359485 16.0 0.365893 17.0 0.371873 18.0 0.377455 19.0 0.382657 20.0 0.387496 21.0 0.391988 22.0 0.396144 23.0 0.399980 24.0 0.403503 25.0 0.406730 26.0 0.409675 27.0 0.412355 28.0 0.414792 29.0 0.417011 30.0 0.419046
5.639448  0.0 0.167271 1.0 0.190316 2.0 0.211058 3.0 0.229777 4.0 0.246716 5.0 0.262090 6.0 0.276090 7.0 0.288881 8.0 0.300605 9.0 0.311386 10.0 0.321332 11.0 0.330532 12.0 0.339069 13.0 0.347007 14.0 0.354400 15.0 0.361297 16.0 0.367734 17.0 0.373742 18.0 0.379350 19.0 0.384577 20.0 0.389439 21.0 0.393951 22.0 0.398128 23.0 0.401980 24.0 0.405521 25.0 0.408761 26.0 0.411718 27.0 0.414411 28.0 0.416859 29.0 0.419090 30.0 0.421133
5.964634  0.0 0.168143 1.0 0.191304 2.0 0.212150 3.0 0.230962 4.0 0.247985 5.0 0.263436 6.0 0.277506 7.0 0.290359 8.0 0.302139 9.0 0.312974 10.0 0.322968 11.0 0.332214 12.0 0.340792 13.0 0.348767 14.0 0.356196 15.0 0.363126 16.0 0.369593 17.0 0.375631 18.0 0.381264 19.0 0.386515 20.0 0.391400 21.0 0.395933 22.0 0.400131 23.0 0.403999 24.0 0.407558 25.0 0.410814 26.0 0.413785 27.0 0.416489 28.0 0.418949 29.0 0.421189 30.0 0.423240
6.308571  0.0 0.169023 1.0 0.192302 2.0 0.213253 3.0 0.232159 4.0 0.249268 5.0 0.264796 6.0 0.278935 7.0 0.291852 8.0 0.303690 9.0 0.314577 10.0 0.324619 11.0 0.333912 12.0 0.342531 13.0 0.350544 14.0 0.358010 15.0 0.364973 16.0 0.371470 17.0 0.377539 18.0 0.383198 19.0 0.388473 20.0 0.393381 21.0 0.397938 22.0 0.402153 23.0 0.406041 24.0 0.409614 25.0 0.412886 26.0 0.415872 27.0 0.418588 28.0 0.421059 29.0 0.423308 30.0 0.425367
6.672341  0.0 0.169914 1.0 0.193311 2.0 0.214369 3.0 0.233369 4.0 0.250563 5.0 0.266170 6.0 0.280379 7.0 0.293360 8.0 0.305258 9.0 0.316197 10.0 0.326289 11.0 0.335627 12.0 0.344288 13.0 0.352341 14.0 0.359842 15.0 0.366838 16.0 0.373369 17.0 0.379465 18.0 0.385153 19.0 0.390453 20.0 0.395385 21.0 0.399962 22.0 0.404196 23.0 0.408103 24.0 0.411691 25.0 0.414979 26.0 0.417979 27.0 0.420708 28.0 0.423189 29.0 0.425448 30.0 0.427518
7.057087  0.0 0.170813 1.0 0.194331 2.0 0.215496 3.0 0.234593 4.0 0.251873 5.0 0.267557 6.0 0.281838 7.0 0.294883 8.0 0.306840 9.0 0.317834 10.0 0.327977 11.0 0.337359 12.0 0.346063 13.0 0.354157 14.0 0.361693 15.0 0.368724 16.0 0.375287 17.0 0.381411 18.0 0.387127 19.0 0.392453 20.0 0.397408 21.0 0.402006 22.0 0.406260 23.0 0.410186 24.0 0.413792 25.0 0.417093 26.0 0.420106 27.0 0.422848 28.0 0.425340 29.0 0.427611 30.0 0.429691
7.464018  0.0 0.171722 1.0 0.195361 2.0 0.216634 3.0 0.235829 4.0 0.253197 5.0 0.268959 6.0 0.283311 7.0 0.296422 8.0 0.308439 9.0 0.319489 10.0 0.329681 11.0 0.339110 12.0 0.347857 13.0 0.355990 14.0 0.363565 15.0 0.370630 16.0 0.377224 17.0 0.383377 18.0 0.389121 19.0 0.394473 20.0 0.399451 21.0 0.404070 22.0 0.408347 23.0 0.412290 24.0 0.415914 25.0 0.419231 26.0 0.422257 27.0 0.425011 28.0 0.427516 29.0 0.429797 30.0 0.431886
7.894415  0.0 0.172641 1.0 0.196402 2.0 0.217785 3.0 0.237078 4.0 0.254534 5.0 0.270377 6.0 0.284802 7.0 0.297978 8.0 0.310054 9.0 0.321161 10.0 0.331403 11.0 0.340880 12.0 0.349670 13.0 0.357843 14.0 0.365455 15.0 0.372555 16.0 0.379180 17.0 0.385365 18.0 0.391134 19.0 0.396513 20.0 0.401515 21.0 0.406157 22.0 0.410454 23.0 0.414414 24.0 0.418057 25.0 0.421390 26.0 0.424431 27.0 0.427198 28.0 0.429714 29.0 0.432005 30.0 0.434102
8.349629  0.0 0.173569 1.0 0.197454 2.0 0.218947 3.0 0.238340 4.0 0.255886 5.0 0.271810 6.0 0.286308 7.0 0.299551 8.0 0.311688 9.0 0.322849 10.0 0.333143 11.0 0.342668 12.0 0.351502 13.0 0.359714 14.0 0.367365 15.0 0.374499 16.0 0.381156 17.0 0.387374 18.0 0.393171 19.0 0.398574 20.0 0.403601 21.0 0.408267 22.0 0.412583 23.0 0.416564 24.0 0.420221 25.0 0.423571 26.0 0.426626 27.0 0.429407 28.0 0.431934 29.0 0.434235 30.0 0.436341
8.831092  0.0 0.174508 1.0 0.198518 2.0 0.220123 3.0 0.239615 4.0 0.257251 5.0 0.273257 6.0 0.287829 7.0 0.301140 8.0 0.313339 9.0 0.324555 10.0 0.334901 11.0 0.344474 12.0 0.353353 13.0 0.361607 14.0 0.369294 15.0 0.376464 16.0 0.383156 17.0 0.389402 18.0 0.395229 19.0 0.400659 20.0 0.405710 21.0 0.410398 22.0 0.414734 23.0 0.418735 24.0 0.422408 25.0 0.425774 26.0 0.428844 27.0 0.431638 28.0 0.434177 29.0 0.436488 30.0 0.438606
9.340317  0.0 0.175457 1.0 0.199593 2.0 0.221312 3.0 0.240905 4.0 0.258632 5.0 0.274720 6.0 0.289367 7.0 0.302746 8.0 0.315007 9.0 0.326280 10.0 0.336679 11.0 0.346299 12.0 0.355222 13.0 0.363519 14.0 0.371244 15.0 0.378450 16.0 0.385176 17.0 0.391452 18.0 0.397308 19.0 0.402765 20.0 0.407841 21.0 0.412550 22.0 0.416907 23.0 0.420928 24.0 0.424621 25.0 0.428000 26.0 0.431085 27.0 0.433892 28.0 0.436442 29.0 0.438766 30.0 0.440894
9.878906  0.0 0.176416 1.0 0.200680 2.0 0.222513 3.0 0.242208 4.0 0.260028 5.0 0.276198 6.0 0.290920 7.0 0.304368 8.0 0.316693 9.0 0.328024 10.0 0.338476 11.0 0.348144 12.0 0.357113 13.0 0.365452 14.0 0.373217 15.0 0.380458 16.0 0.387217 17.0 0.393523 18.0 0.399409 19.0 0.404893 20.0 0.409993 21.0 0.414725 22.0 0.419106 23.0 0.423144 24.0 0.426855 25.0 0.430252 26.0 0.433350 27.0 0.436170 28.0 0.438734 29.0 0.441069 30.0 0.443205
10.448551  0.0 0.177386 1.0 0.201779 2.0 0.223727 3.0 0.243526 4.0 0.261439 5.0 0.277693 6.0 0.292491 7.0 0.306008 8.0 0.318396 9.0 0.329787 10.0 0.340292 11.0 0.350010 12.0 0.359024 13.0 0.367404 14.0 0.375209 15.0 0.382487 16.0 0.389279 17.0 0.395618 18.0 0.401531 19.0 0.407043 20.0 0.412168 21.0 0.416924 22.0 0.421326 23.0 0.425383 24.0 0.429113 25.0 0.432527 26.0 0.435640 27.0 0.438474 28.0 0.441050 29.0 0.443395 30.0 0.445540
11.051044  0.0 0.178366 1.0 0.202890 2.0 0.224954 3.0 0.244858 4.0 0.262865 5.0 0.279204 6.0 0.294080 7.0 0.307667 8.0 0.320118 9.0 0.331568 10.0 0.342127 11.0 0.351895 12.0 0.360956 13.0 0.369378 14.0 0.377223 15.0 0.384538 16.0 0.391363 17.0 0.397736 18.0 0.403678 19.0 0.409215 20.0 0.414366 21.0 0.419147 22.0 0.423570 23.0 0.427647 24.0 0.431395 25.0 0.434825 26.0 0.437954 27.0 0.440802 28.0 0.443389 29.0 0.445745 30.0 0.447900
11.688278  0.0 0.179357 1.0 0.204013 2.0 0.226195 3.0 0.246204 4.0 0.264306 5.0 0.280732 6.0 0.295686 7.0 0.309344 8.0 0.321860 9.0 0.333368 10.0 0.343981 11.0 0.353801 12.0 0.362908 13.0 0.371372 14.0 0.379258 15.0 0.386610 16.0 0.393470 17.0 0.399875 18.0 0.405848 19.0 0.411413 20.0 0.416590 21.0 0.421394 22.0 0.425838 23.0 0.429937 24.0 0.433700 25.0 0.437148 26.0 0.440293 27.0 0.443154 28.0 0.445754 29.0 0.448120 30.0 0.450287
12.362256  0.0 0.180359 1.0 0.205148 2.0 0.227449 3.0 0.247565 4.0 0.265763 5.0 0.282277 6.0 0.297309 7.0 0.311039 8.0 0.323620 9.0 0.335188 10.0 0.345856 11.0 0.355727 12.0 0.364881 13.0 0.373390 14.0 0.381315 15.0 0.388704 16.0 0.395601 17.0 0.402037 18.0 0.408041 19.0 0.413635 20.0 0.418837 21.0 0.423665 22.0 0.428130 23.0 0.432250 24.0 0.436033 25.0 0.439496 26.0 0.442656 27.0 0.445531 28.0 0.448143 29.0 0.450521 30.0 0.452699
13.075099  0.0 0.181373 1.0 0.206297 2.0 0.228718 3.0 0.248941 4.0 0.267236 5.0 0.283838 6.0 0.298950 7.0 0.312752 8.0 0.325400 9.0 0.337028 10.0 0.347753 11.0 0.357674 12.0 0.366875 13.0 0.375430 14.0 0.383395 15.0 0.390823 16.0 0.397755 17.0 0.404223 18.0 0.410258 19.0 0.415880 20.0 0.421109 21.0 0.425960 22.0 0.430448 23.0 0.434588 24.0 0.438390 25.0 0.441869 26.0 0.445044 27.0 0.447933 28.0 0.450558 29.0 0.452949 30.0 0.455137
13.829045  0.0 0.182398 1.0 0.207458 2.0 0.230001 3.0 0.250334 4.0 0.268727 5.0 0.285416 6.0 0.300608 7.0 0.314484 8.0 0.327199 9.0 0.338889 10.0 0.349671 11.0 0.359642 12.0 0.368892 13.0 0.377492 14.0 0.385498 15.0 0.392965 16.0 0.399932 17.0 0.406432 18.0 0.412499 19.0 0.418150 20.0 0.423405 21.0 0.428280 22.0 0.432792 23.0 0.436951 24.0 0.440773 25.0 0.444270 26.0 0.447460 27.0 0.450363 28.0 0.453002 29.0 0.455404 30.0 0.457601
14.626467  0.0 0.183435 1.0 0.208633 2.0 0.231299 3.0 0.251742 4.0 0.270234 5.0 0.287012 6.0 0.302286 7.0 0.316235 8.0 0.329018 9.0 0.340771 10.0 0.351609 11.0 0.361634 12.0 0.370932 13.0 0.379576 14.0 0.387625 15.0 0.395130 16.0 0.402133 17.0 0.408668 18.0 0.414764 19.0 0.420444 20.0 0.425725 21.0 0.430625 22.0 0.435161 23.0 0.439340 24.0 0.443182 25.0 0.446697 26.0 0.449903 27.0 0.452820 28.0 0.455472 29.0 0.457885 30.0 0.460092
15.469869  0.0 0.184483 1.0 0.209820 2.0 0.232611 3.0 0.253166 4.0 0.271758 5.0 0.288626 6.0 0.303982 7.0 0.318006 8.0 0.330857 9.0 0.342673 10.0 0.353569 11.0 0.363647 12.0 0.372995 13.0 0.381683 14.0 0.389775 15.0 0.397319 16.0 0.404358 17.0 0.410928 18.0 0.417054 19.0 0.422763 20.0 0.428071 21.0 0.432999 22.0 0.437556 23.0 0.441756 24.0 0.445617 25.0 0.449150 26.0 0.452373 27.0 0.455304 28.0 0.457968 29.0 0.460393 30.0 0.462610
16.361905  0.0 0.185544 1.0 0.211022 2.0 0.233938 3.0 0.254605 4.0 0.273299 5.0 0.290260 6.0 0.305698 7.0 0.319798 8.0 0.332717 9.0 0.344597 10.0 0.355550 11.0 0.365683 12.0 0.375080 13.0 0.383814 14.0 0.391949 15.0 0.399533 16.0 0.406608 17.0 0.413213 18.0 0.419371 19.0 0.425109 20.0 0.430445 21.0 0.435398 22.0 0.439977 23.0 0.444200 24.0 0.448078 25.0 0.451630 26.0 0.454869 27.0 0.457815 28.0 0.460492 29.0 0.462928 30.0 0.465157
17.305378  0.0 0.186617 1.0 0.212236 2.0 0.235280 3.0 0.256061 4.0 0.274857 5.0 0.291911 6.0 0.307434 7.0 0.321610 8.0 0.334599 9.0 0.346542 10.0 0.357554 11.0 0.367742 12.0 0.377189 13.0 0.385969 14.0 0.394147 15.0 0.401771 16.0 0.408884 17.0 0.415523 18.0 0.421714 19.0 0.427482 20.0 0.432846 21.0 0.437823 22.0 0.442425 23.0 0.446671 24.0 0.450568 25.0 0.454138 26.0 0.457393 27.0 0.460354 28.0 0.463044 29.0 0.465491 30.0 0.467733
18.303255  0.0 0.187701 1.0 0.213465 2.0 0.236637 3.0 0.257534 4.0 0.276434 5.0 0.293581 6.0 0.309189 7.0 0.323442 8.0 0.336503 9.0 0.348509 10.0 0.359580 11.0 0.369824 12.0 0.379321 13.0 0.388149 14.0 0.396369 15.0 0.404034 16.0 0.411186 17.0 0.417859 18.0 0.424084 19.0 0.429881 20.0 0.435273 21.0 0.440276 22.0 0.444901 23.0 0.449169 24.0 0.453087 25.0 0.456673 26.0 0.459945 27.0 0.462921 28.0 0.465624 29.0 0.468085 30.0 0.470338
19.358672  0.0 0.188799 1.0 0.214708 2.0 0.238010 3.0 0.259023 4.0 0.278028 5.0 0.295271 6.0 0.310964 7.0 0.325296 8.0 0.338427 9.0 0.350498 10.0 0.361631 11.0 0.371929 12.0 0.381478 13.0 0.390354 14.0 0.398618 15.0 0.406323 16.0 0.413514 17.0 0.420222 18.0 0.426479 19.0 0.432308 20.0 0.437728 21.0 0.442756 22.0 0.447406 23.0 0.451695 24.0 0.455634 25.0 0.459238 26.0 0.462525 27.0 0.465516 28.0 0.468234 29.0 0.470709 30.0 0.472972
20.474947  0.0 0.189910 1.0 0.215966 2.0 0.239399 3.0 0.260530 4.0 0.279641 5.0 0.296979 6.0 0.312760 7.0 0.327170 8.0 0.340374 9.0 0.352511 10.0 0.363705 11.0 0.374058 12.0 0.383659 13.0 0.392584 14.0 0.400893 15.0 0.408640 16.0 0.415868 17.0 0.422611 18.0 0.428902 19.0 0.434762 20.0 0.440210 21.0 0.445264 22.0 0.449940 23.0 0.454250 24.0 0.458210 25.0 0.461833 26.0 0.465137 27.0 0.468143 28.0 0.470875 29.0 0.473361 30.0 0.475635
21.655589  0.0 0.191034 1.0 0.217239 2.0 0.240805 3.0 0.262055 4.0 0.281273 5.0 0.298708 6.0 0.314576 7.0 0.329066 8.0 0.342344 9.0 0.354548 10.0 0.365803 11.0 0.376212 12.0 0.385866 13.0 0.394840 14.0 0.403194 15.0 0.410983 16.0 0.418250 17.0 0.425029 18.0 0.431353 19.0 0.437244 20.0 0.442721 21.0 0.447800 22.0 0.452502 23.0 0.456834 24.0 0.460815 25.0 0.464457 26.0 0.467779 27.0 0.470800 28.0 0.473546 29.0 0.476044 30.0 0.478329
22.904311  0.0 0.192171 1.0 0.218527 2.0 0.242228 3.0 0.263598 4.0 0.282924 5.0 0.300456 6.0 0.316413 7.0 0.330984 8.0 0.344336 9.0 0.356609 10.0 0.367926 11.0 0.378392 12.0 0.388099 13.0 0.397121 14.0 0.405521 15.0 0.413352 16.0 0.420658 17.0 0.427475 18.0 0.433831 19.0 0.439754 20.0 0.445260 21.0 0.450368 22.0 0.455094 23.0 0.459448 24.0 0.463450 25.0 0.467112 26.0 0.470450 27.0 0.473488 28.0 0.476247 29.0 0.478757 30.0 0.481053
24.225038  0.0 0.193322 1.0 0.219831 2.0 0.243667 3.0 0.265159 4.0 0.284595 5.0 0.302226 6.0 0.318272 7.0 0.332925 8.0 0.346351 9.0 0.358693 10.0 0.370072 11.0 0.380597 12.0 0.390358 13.0 0.399429 14.0 0.407876 15.0 0.415750 16.0 0.423095 17.0 0.429949 18.0 0.436339 19.0 0.442293 20.0 0.447828 21.0 0.452965 22.0 0.457716 23.0 0.462093 24.0 0.466115 25.0 0.469797 26.0 0.473153 27.0 0.476206 28.0 0.478979 29.0 0.481502 30.0 0.483808
25.621921  0.0 0.194487 1.0 0.221150 2.0 0.245124 3.0 0.266739 4.0 0.286286 5.0 0.304016 6.0 0.320153 7.0 0.334889 8.0 0.348390 9.0 0.360802 10.0 0.372244 11.0 0.382829 12.0 0.392643 13.0 0.401764 14.0 0.410258 15.0 0.418175 16.0 0.425560 17.0 0.432452 18.0 0.438877 19.0 0.444862 20.0 0.450429 21.0 0.455593 22.0 0.460368 23.0 0.464769 24.0 0.468812 25.0 0.472513 26.0 0.475887 27.0 0.478955 28.0 0.481743 29.0 0.484278 30.0 0.486598
27.099352  0.0 0.195666 1.0 0.222484 2.0 0.246598 3.0 0.268338 4.0 0.287997 5.0 0.305828 6.0 0.322057 7.0 0.336877 8.0 0.350453 9.0 0.362935 10.0 0.374442 11.0 0.385086 12.0 0.394956 13.0 0.404127 14.0 0.412668 15.0 0.420628 16.0 0.428053 17.0 0.434985 18.0 0.441445 19.0 0.447463 20.0 0.453059 21.0 0.458251 22.0 0.463051 23.0 0.467477 24.0 0.471539 25.0 0.475260 26.0 0.478652 27.0 0.481737 28.0 0.484539 29.0 0.487087 30.0 0.489420
28.661977  0.0 0.196859 1.0 0.223835 2.0 0.248089 3.0 0.269956 4.0 0.289728 5.0 0.307662 6.0 0.323984 7.0 0.338888 8.0 0.352542 9.0 0.365094 10.0 0.376666 11.0 0.387370 12.0 0.397295 13.0 0.406517 14.0 0.415106 15.0 0.423111 16.0 0.430578 17.0 0.437547 18.0 0.444044 19.0 0.450095 20.0 0.455721 21.0 0.460940 22.0 0.465765 23.0 0.470216 24.0 0.474301 25.0 0.478040 26.0 0.481450 27.0 0.484551 28.0 0.487368 29.0 0.489930 30.0 0.492275
30.314706  0.0 0.198066 1.0 0.225202 2.0 0.249599 3.0 0.271593 4.0 0.291480 5.0 0.309518 6.0 0.325934 7.0 0.340924 8.0 0.354656 9.0 0.367279 10.0 0.378916 11.0 0.389682 12.0 0.399663 13.0 0.408937 14.0 0.417573 15.0 0.425623 16.0 0.433133 17.0 0.440140 18.0 0.446673 19.0 0.452757 20.0 0.458414 21.0 0.463662 22.0 0.468512 23.0 0.472988 24.0 0.477095 25.0 0.480853 26.0 0.484282 27.0 0.487399 28.0 0.490230 29.0 0.492807 30.0 0.495164
32.062737  0.0 0.199289 1.0 0.226587 2.0 0.251127 3.0 0.273250 4.0 0.293254 5.0 0.311397 6.0 0.327908 7.0 0.342984 8.0 0.356795 9.0 0.369490 10.0 0.381194 11.0 0.392021 12.0 0.402059 13.0 0.411386 14.0 0.420071 15.0 0.428166 16.0 0.435719 17.0 0.442764 18.0 0.449333 19.0 0.455451 20.0 0.461140 21.0 0.466415 22.0 0.471293 23.0 0.475793 24.0 0.479923 25.0 0.483701 26.0 0.487147 27.0 0.490281 28.0 0.493128 29.0 0.495719 30.0 0.498088
33.911564  0.0 0.200527 1.0 0.227988 2.0 0.252674 3.0 0.274928 4.0 0.295049 5.0 0.313298 6.0 0.329905 7.0 0.345069 8.0 0.358960 9.0 0.371728 10.0 0.383499 11.0 0.394389 12.0 0.404484 13.0 0.413865 14.0 0.422598 15.0 0.430739 16.0 0.438335 17.0 0.445419 18.0 0.452026 19.0 0.458178 20.0 0.463898 21.0 0.469202 22.0 0.474108 23.0 0.478631 24.0 0.482784 25.0 0.486583 26.0 0.490047 27.0 0.493198 28.0 0.496061 29.0 0.498665 30.0 0.501046
35.866999  0.0 0.201780 1.0 0.229406 2.0 0.254240 3.0 0.276626 4.0 0.296866 5.0 0.315223 6.0 0.331928 7.0 0.347179 8.0 0.361152 9.0 0.373993 10.0 0.385833 11.0 0.396785 12.0 0.406938 13.0 0.416374 14.0 0.425157 15.0 0.433345 16.0 0.440983 17.0 0.448107 18.0 0.454751 19.0 0.460938 20.0 0.466690 21.0 0.472023 22.0 0.476957 23.0 0.481504 24.0 0.485680 25.0 0.489500 26.0 0.492983 27.0 0.496151 28.0 0.499030 29.0 0.501648 30.0 0.504040
37.935191  0.0 0.203049 1.0 0.230842 2.0 0.255826 3.0 0.278346 4.0 0.298706 5.0 0.317172 6.0 0.333975 7.0 0.349316 8.0 0.363370 9.0 0.376286 10.0 0.388196 11.0 0.399211 12.0 0.409423 13.0 0.418914 14.0 0.427747 15.0 0.435982 16.0 0.443664 17.0 0.450828 18.0 0.457510 19.0 0.463732 20.0 0.469515 21.0 0.474878 22.0 0.479840 23.0 0.484412 24.0 0.488612 25.0 0.492453 26.0 0.495955 27.0 0.499140 28.0 0.502034 29.0 0.504666 30.0 0.507071
40.122640  0.0 0.204333 1.0 0.232297 2.0 0.257431 3.0 0.280087 4.0 0.300568 5.0 0.319144 6.0 0.336047 7.0 0.351479 8.0 0.365616 9.0 0.378608 10.0 0.390588 11.0 0.401667 12.0 0.411938 13.0 0.421485 14.0 0.430370 15.0 0.438652 16.0 0.446378 17.0 0.453582 18.0 0.460302 19.0 0.466560 20.0 0.472376 21.0 0.477769 22.0 0.482759 23.0 0.487356 24.0 0.491579 25.0 0.495442 26.0 0.498964 27.0 0.502166 28.0 0.505076 29.0 0.507721 30.0 0.510139
42.436223  0.0 0.205635 1.0 0.233769 2.0 0.259057 3.0 0.281850 4.0 0.302454 5.0 0.321142 6.0 0.338145 7.0 0.353669 8.0 0.367890 9.0 0.380960 10.0 0.393010 11.0 0.404153 12.0 0.414485 13.0 0.424088 14.0 0.433024 15.0 0.441355 16.0 0.449125 17.0 0.456371 18.0 0.463130 19.0 0.469423 20.0 0.475272 21.0 0.480695 22.0 0.485714 23.0 0.490336 24.0 0.494584 25.0 0.498468 26.0 0.502009 27.0 0.505230 28.0 0.508155 29.0 0.510815 30.0 0.513245
44.883214  0.0 0.206952 1.0 0.235261 2.0 0.260703 3.0 0.283635 4.0 0.304364 5.0 0.323165 6.0 0.340270 7.0 0.355887 8.0 0.370193 9.0 0.383340 10.0 0.395462 11.0 0.406671 12.0 0.417064 13.0 0.426723 14.0 0.435712 15.0 0.444092 16.0 0.451907 17.0 0.459195 18.0 0.465992 19.0 0.472321 20.0 0.478204 21.0 0.483659 22.0 0.488706 23.0 0.493353 24.0 0.497625 25.0 0.501532 26.0 0.505093 27.0 0.508331 28.0 0.511272 29.0 0.513946 30.0 0.516390
47.471306  0.0 0.208287 1.0 0.236772 2.0 0.262371 3.0 0.285443 4.0 0.306298 5.0 0.325213 6.0 0.342422 7.0 0.358133 8.0 0.372525 9.0 0.385751 10.0 0.397945 11.0 0.409220 12.0 0.419675 13.0 0.429392 14.0 0.438434 15.0 0.446863 16.0 0.454724 17.0 0.462055 18.0 0.468891 19.0 0.475257 20.0 0.481173 21.0 0.486660 22.0 0.491736 23.0 0.496409 24.0 0.500705 25.0 0.504634 26.0 0.508215 27.0 0.511471 28.0 0.514429 29.0 0.517118 30.0 0.519574
50.208634  0.0 0.209639 1.0 0.238302 2.0 0.264060 3.0 0.287274 4.0 0.308258 5.0 0.327287 6.0 0.344601 7.0 0.360407 8.0 0.374886 9.0 0.388192 10.0 0.400459 11.0 0.411802 12.0 0.422320 13.0 0.432094 14.0 0.441191 15.0 0.449669 16.0 0.457576 17.0 0.464951 18.0 0.471826 19.0 0.478229 20.0 0.484180 21.0 0.489699 22.0 0.494803 23.0 0.499504 24.0 0.503824 25.0 0.507775 26.0 0.511377 27.0 0.514651 28.0 0.517625 29.0 0.520329 30.0 0.522798
53.103804  0.0 0.211009 1.0 0.239852 2.0 0.265771 3.0 0.289129 4.0 0.310242 5.0 0.329389 6.0 0.346808 7.0 0.362711 8.0 0.377278 9.0 0.390665 10.0 0.403006 11.0 0.414417 12.0 0.424999 13.0 0.434831 14.0 0.443982 15.0 0.452511 16.0 0.460465 17.0 0.467883 18.0 0.474799 19.0 0.481239 20.0 0.487225 21.0 0.492776 22.0 0.497910 23.0 0.502638 24.0 0.506983 25.0 0.510956 26.0 0.514579 27.0 0.517872 28.0 0.520862 29.0 0.523581 30.0 0.526064
56.165917  0.0 0.212397 1.0 0.241422 2.0 0.267504 3.0 0.291008 4.0 0.312252 5.0 0.331517 6.0 0.349044 7.0 0.365044 8.0 0.379701 9.0 0.393169 10.0 0.405585 11.0 0.417066 12.0 0.427712 13.0 0.437604 14.0 0.446810 15.0 0.455390 16.0 0.463391 17.0 0.470854 18.0 0.477810 19.0 0.484288 20.0 0.490309 21.0 0.495893 22.0 0.501057 23.0 0.505813 24.0 0.510182 25.0 0.514179 26.0 0.517822 27.0 0.521134 28.0 0.524141 29.0 0.526875 30.0 0.529373
59.404601  0.0 0.213803 1.0 0.243013 2.0 0.269260 3.0 0.292911 4.0 0.314288 5.0 0.333673 6.0 0.351309 7.0 0.367408 8.0 0.382155 9.0 0.395706 10.0 0.408198 11.0 0.419749 12.0 0.430460 13.0 0.440412 14.0 0.449674 15.0 0.458305 16.0 0.466355 17.0 0.473862 18.0 0.480860 19.0 0.487377 20.0 0.493433 21.0 0.499051 22.0 0.504244 23.0 0.509028 24.0 0.513423 25.0 0.517443 26.0 0.521107 27.0 0.524438 28.0 0.527463 29.0 0.530212 30.0 0.532724
62.830036  0.0 0.215227 1.0 0.244625 2.0 0.271039 3.0 0.294840 4.0 0.316351 5.0 0.335858 6.0 0.353603 7.0 0.369803 8.0 0.384641 9.0 0.398276 10.0 0.410845 11.0 0.422467 12.0 0.433244 13.0 0.443257 14.0 0.452575 15.0 0.461259 16.0 0.469358 17.0 0.476910 18.0 0.483950 19.0 0.490506 20.0 0.496598 21.0 0.502249 22.0 0.507473 23.0 0.512286 24.0 0.516706 25.0 0.520749 26.0 0.524435 27.0 0.527785 28.0 0.530827 29.0 0.533592 30.0 0.536119
66.452991  0.0 0.216671 1.0 0.246259 2.0 0.272842 3.0 0.296794 4.0 0.318442 5.0 0.338071 6.0 0.355928 7.0 0.372229 8.0 0.387160 9.0 0.400880 10.0 0.413527 11.0 0.425221 12.0 0.436064 13.0 0.446139 14.0 0.455514 15.0 0.464252 16.0 0.472400 17.0 0.479998 18.0 0.487080 19.0 0.493676 20.0 0.499804 21.0 0.505490 22.0 0.510745 23.0 0.515586 24.0 0.520032 25.0 0.524099 26.0 0.527806 27.0 0.531176 28.0 0.534236 29.0 0.537017 30.0 0.539558
70.284856  0.0 0.218134 1.0 0.247914 2.0 0.274669 3.0 0.298775 4.0 0.320560 5.0 0.340314 6.0 0.358284 7.0 0.374687 8.0 0.389712 9.0 0.403518 10.0 0.416244 11.0 0.428011 12.0 0.438922 13.0 0.449059 14.0 0.458493 15.0 0.467284 16.0 0.475482 17.0 0.483127 18.0 0.490252 19.0 0.496888 20.0 0.503053 21.0 0.508773 22.0 0.514060 23.0 0.518930 24.0 0.523402 25.0 0.527494 26.0 0.531223 27.0 0.534613 28.0 0.537690 29.0 0.540487 30.0 0.543043
74.337677  0.0 0.219617 1.0 0.249592 2.0 0.276520 3.0 0.300782 4.0 0.322707 5.0 0.342587 6.0 0.360671 7.0 0.377179 8.0 0.392298 9.0 0.406192 10.0 0.418998 11.0 0.430839 12.0 0.441818 13.0 0.452019 14.0 0.461511 15.0 0.470357 16.0 0.478605 17.0 0.486298 18.0 0.493467 19.0 0.500143 20.0 0.506346 21.0 0.512100 22.0 0.517419 23.0 0.522318 24.0 0.526817 25.0 0.530933 26.0 0.534685 27.0 0.538095 28.0 0.541190 29.0 0.544004 30.0 0.546574
78.624195  0.0 0.221121 1.0 0.251293 2.0 0.278397 3.0 0.302816 4.0 0.324883 5.0 0.344890 6.0 0.363090 7.0 0.379704 8.0 0.394920 9.0 0.408901 10.0 0.421788 11.0 0.433705 12.0 0.444752 13.0 0.455018 14.0 0.464569 15.0 0.473471 16.0 0.481771 17.0 0.489511 18.0 0.496724 19.0 0.503441 20.0 0.509683 21.0 0.515471 22.0 0.520823 23.0 0.525752 24.0 0.530278 25.0 0.534419 26.0 0.538193 27.0 0.541623 28.0 0.544738 29.0 0.547568 30.0 0.550153
83.157886  0.0 0.222644 1.0 0.253017 2.0 0.280299 3.0 0.304878 4.0 0.327088 5.0 0.347225 6.0 0.365543 7.0 0.382263 8.0 0.397576 9.0 0.411647 10.0 0.424617 11.0 0.436609 12.0 0.447726 13.0 0.458057 14.0 0.467669 15.0 0.476627 16.0 0.484979 17.0 0.492767 18.0 0.500026 19.0 0.506785 20.0 0.513065 21.0 0.518889 22.0 0.524273 23.0 0.529232 24.0 0.533787 25.0 0.537953 26.0 0.541749 27.0 0.545200 28.0 0.548333 29.0 0.551180 30.0 0.553781
87.953002  0.0 0.224189 1.0 0.254764 2.0 0.282228 3.0 0.306968 4.0 0.329324 5.0 0.349592 6.0 0.368028 7.0 0.384857 8.0 0.400269 9.0 0.414430 10.0 0.427483 11.0 0.439553 12.0 0.450741 13.0 0.461138 14.0 0.470811 15.0 0.479826 16.0 0.488231 17.0 0.496068 18.0 0.503373 19.0 0.510174 20.0 0.516493 21.0 0.522353 22.0 0.527771 23.0 0.532760 24.0 0.537343 25.0 0.541534 26.0 0.545354 27.0 0.548826 28.0 0.551978 29.0 0.554842 30.0 0.557458
93.024617  0.0 0.225756 1.0 0.256536 2.0 0.284183 3.0 0.309087 4.0 0.331590 5.0 0.351991 6.0 0.370548 7.0 0.387486 8.0 0.402999 9.0 0.417253 10.0 0.430389 11.0 0.442538 12.0 0.453798 13.0 0.464262 14.0 0.473997 15.0 0.483069 16.0 0.491528 17.0 0.499414 18.0 0.506766 19.0 0.513610 20.0 0.519968 21.0 0.525864 22.0 0.531317 23.0 0.536336 24.0 0.540948 25.0 0.545165 26.0 0.549008 27.0 0.552502 28.0 0.555673 29.0 0.558555 30.0 0.561185
98.388676  0.0 0.227344 1.0 0.258333 2.0 0.286165 3.0 0.311235 4.0 0.333888 5.0 0.354423 6.0 0.373103 7.0 0.390152 8.0 0.405767 9.0 0.420114 10.0 0.433335 11.0 0.445564 12.0 0.456898 13.0 0.467428 14.0 0.477226 15.0 0.486356 16.0 0.494870 17.0 0.502806 18.0 0.510206 19.0 0.517093 20.0 0.523492 21.0 0.529424 22.0 0.534911 23.0 0.539962 24.0 0.544603 25.0 0.548846 26.0 0.552713 27.0 0.556229 28.0 0.559420 29.0 0.562319 30.0 0.564966
104.062042  0.0 0.228954 1.0 0.260155 2.0 0.288175 3.0 0.313414 4.0 0.336218 5.0 0.356889 6.0 0.375693 7.0 0.392855 8.0 0.408573 9.0 0.423015 10.0 0.436323 11.0 0.448632 12.0 0.460040 13.0 0.470639 14.0 0.480500 15.0 0.489690 16.0 0.498259 17.0 0.506246 18.0 0.513694 19.0 0.520625 20.0 0.527065 21.0 0.533034 22.0 0.538556 23.0 0.543639 24.0 0.548310 25.0 0.552579 26.0 0.556470 27.0 0.560008 28.0 0.563219 29.0 0.566136 30.0 0.568799
110.062550  0.0 0.230589 1.0 0.262002 2.0 0.290214 3.0 0.315623 4.0 0.338581 5.0 0.359390 6.0 0.378320 7.0 0.395597 8.0 0.411418 9.0 0.425958 10.0 0.439352 11.0 0.451744 12.0 0.463227 13.0 0.473895 14.0 0.483820 15.0 0.493070 16.0 0.501696 17.0 0.509736 18.0 0.517231 19.0 0.524207 20.0 0.530688 21.0 0.536696 22.0 0.542253 23.0 0.547369 24.0 0.552069 25.0 0.556365 26.0 0.560281 27.0 0.563840 28.0 0.567072 29.0 0.570008 30.0 0.572687
116.409064  0.0 0.232246 1.0 0.263876 2.0 0.292281 3.0 0.317863 4.0 0.340977 5.0 0.361926 6.0 0.380983 7.0 0.398376 8.0 0.414304 9.0 0.428941 10.0 0.442425 11.0 0.454899 12.0 0.466459 13.0 0.477196 14.0 0.487189 15.0 0.496499 16.0 0.505181 17.0 0.513274 18.0 0.520818 19.0 0.527840 20.0 0.534363 21.0 0.540410 22.0 0.546002 23.0 0.551152 24.0 0.555881 25.0 0.560204 26.0 0.564145 27.0 0.567727 28.0 0.570979 29.0 0.573934 30.0 0.576631
123.121536  0.0 0.233928 1.0 0.265778 2.0 0.294378 3.0 0.320136 4.0 0.343407 5.0 0.364500 6.0 0.383685 7.0 0.401196 8.0 0.417231 9.0 0.431968 10.0 0.445542 11.0 0.458099 12.0 0.469737 13.0 0.480545 14.0 0.490605 15.0 0.499977 16.0 0.508716 17.0 0.516864 18.0 0.524457 19.0 0.531524 20.0 0.538091 21.0 0.544177 22.0 0.549804 23.0 0.554989 24.0 0.559748 25.0 0.564099 26.0 0.568065 27.0 0.571670 28.0 0.574943 29.0 0.577917 30.0 0.580632
130.221067  0.0 0.235634 1.0 0.267707 2.0 0.296506 3.0 0.322442 4.0 0.345872 5.0 0.367111 6.0 0.386427 7.0 0.404056 8.0 0.420201 9.0 0.435037 10.0 0.448704 11.0 0.461345 12.0 0.473061 13.0 0.483942 14.0 0.494071 15.0 0.503506 16.0 0.512302 17.0 0.520505 18.0 0.528148 19.0 0.535262 20.0 0.541872 21.0 0.547999 22.0 0.553662 23.0 0.558881 24.0 0.563671 25.0 0.568050 26.0 0.572041 27.0 0.575670 28.0 0.578965 29.0 0.581958 30.0 0.584691
137.729977  0.0 0.237364 1.0 0.269664 2.0 0.298665 3.0 0.324781 4.0 0.348374 5.0 0.369759 6.0 0.389209 7.0 0.406959 8.0 0.423215 9.0 0.438151 10.0 0.451911 11.0 0.464638 12.0 0.476434 13.0 0.487390 14.0 0.497587 15.0 0.507086 16.0 0.515940 17.0 0.524199 18.0 0.531893 19.0 0.539054 20.0 0.545708 21.0 0.551877 22.0 0.557575 23.0 0.562831 24.0 0.567651 25.0 0.572059 26.0 0.576077 27.0 0.579729 28.0 0.583045 29.0 0.586059 30.0 0.588809
145.671872  0.0 0.239120 1.0 0.271650 2.0 0.300856 3.0 0.327155 4.0 0.350912 5.0 0.372446 6.0 0.392031 7.0 0.409904 8.0 0.426272 9.0 0.441311 10.0 0.455165 11.0 0.467979 12.0 0.479856 13.0 0.490888 14.0 0.501155 15.0 0.510718 16.0 0.519632 17.0 0.527947 18.0 0.535692 19.0 0.542901 20.0 0.549600 21.0 0.555811 22.0 0.561549 23.0 0.566838 24.0 0.571690 25.0 0.576128 26.0 0.580174 27.0 0.583850 28.0 0.587185 29.0 0.590219 30.0 0.592988
154.071719  0.0 0.240902 1.0 0.273665 2.0 0.303078 3.0 0.329564 4.0 0.353488 5.0 0.375173 6.0 0.394894 7.0 0.412892 8.0 0.429374 9.0 0.444516 10.0 0.458467 11.0 0.471369 12.0 0.483329 13.0 0.494438 14.0 0.504775 15.0 0.514404 16.0 0.523380 17.0 0.531751 18.0 0.539548 19.0 0.546806 20.0 0.553550 21.0 0.559804 22.0 0.565581 23.0 0.570905 24.0 0.575789 25.0 0.580258 26.0 0.584331 27.0 0.588032 28.0 0.591390 29.0 0.594442 30.0 0.597230
162.955925  0.0 0.242711 1.0 0.275710 2.0 0.305334 3.0 0.332008 4.0 0.356102 5.0 0.377939 6.0 0.397799 7.0 0.415924 8.0 0.432521 9.0 0.447769 10.0 0.461818 11.0 0.474810 12.0 0.486852 13.0 0.498040 14.0 0.508448 15.0 0.518145 16.0 0.527184 17.0 0.535611 18.0 0.543461 19.0 0.550770 20.0 0.557559 21.0 0.563856 22.0 0.569674 23.0 0.575033 24.0 0.579951 25.0 0.584451 26.0 0.588551 27.0 0.592277 28.0 0.595659 29.0 0.598729 30.0 0.601536
172.352418  0.0 0.244548 1.0 0.277785 2.0 0.307623 3.0 0.334489 4.0 0.358755 5.0 0.380747 6.0 0.400748 7.0 0.419001 8.0 0.435716 9.0 0.451073 10.0 0.465218 11.0 0.478304 12.0 0.490430 13.0 0.501696 14.0 0.512176 15.0 0.521941 16.0 0.531044 17.0 0.539528 18.0 0.547436 19.0 0.554795 20.0 0.561631 21.0 0.567969 22.0 0.573829 23.0 0.579223 24.0 0.584177 25.0 0.588707 26.0 0.592835 27.0 0.596587 28.0 0.599992 29.0 0.603084 30.0 0.605907
182.290740  0.0 0.246412 1.0 0.279893 2.0 0.309947 3.0 0.337006 4.0 0.361447 5.0 0.383596 6.0 0.403741 7.0 0.422124 8.0 0.438958 9.0 0.454426 10.0 0.468670 11.0 0.481850 12.0 0.494063 13.0 0.505407 14.0 0.515961 15.0 0.525795 16.0 0.534963 17.0 0.543506 18.0 0.551470 19.0 0.558881 20.0 0.565765 21.0 0.572145 22.0 0.578046 23.0 0.583477 24.0 0.588467 25.0 0.593028 26.0 0.597185 27.0 0.600962 28.0 0.604391 29.0 0.607505 30.0 0.610345
192.802133  0.0 0.248305 1.0 0.282033 2.0 0.312307 3.0 0.339563 4.0 0.364180 5.0 0.386491 6.0 0.406780 7.0 0.425295 8.0 0.442250 9.0 0.457830 10.0 0.472177 11.0 0.485450 12.0 0.497751 13.0 0.509175 14.0 0.519806 15.0 0.529708 16.0 0.538942 17.0 0.547547 18.0 0.555567 19.0 0.563029 20.0 0.569962 21.0 0.576388 22.0 0.582329 23.0 0.587800 24.0 0.592824 25.0 0.597416 26.0 0.601601 27.0 0.605406 28.0 0.608859 29.0 0.611995 30.0 0.614856
203.919642  0.0 0.250226 1.0 0.284206 2.0 0.314704 3.0 0.342160 4.0 0.366957 5.0 0.389430 6.0 0.409867 7.0 0.428516 8.0 0.445595 9.0 0.461286 10.0 0.475737 11.0 0.489105 12.0 0.501495 13.0 0.513001 14.0 0.523710 15.0 0.533684 16.0 0.542981 17.0 0.551650 18.0 0.559726 19.0 0.567242 20.0 0.574225 21.0 0.580697 22.0 0.586678 23.0 0.592190 24.0 0.597248 25.0 0.601872 26.0 0.606087 27.0 0.609918 28.0 0.613396 29.0 0.616555 30.0 0.619438
215.678218  0.0 0.252177 1.0 0.286412 2.0 0.317137 3.0 0.344796 4.0 0.369776 5.0 0.392414 6.0 0.413001 7.0 0.431787 8.0 0.448990 9.0 0.464795 10.0 0.479351 11.0 0.492816 12.0 0.505297 13.0 0.516889 14.0 0.527675 15.0 0.537721 16.0 0.547084 17.0 0.555817 18.0 0.563951 19.0 0.571520 20.0 0.578553 21.0 0.585073 22.0 0.591095 23.0 0.596648 24.0 0.601741 25.0 0.606398 26.0 0.610644 27.0 0.614503 28.0 0.618005 29.0 0.621188 30.0 0.624092
228.114826  0.0 0.254161 1.0 0.288652 2.0 0.319608 3.0 0.347473 4.0 0.372639 5.0 0.395444 6.0 0.416183 7.0 0.435108 8.0 0.452438 9.0 0.468358 10.0 0.483022 11.0 0.496586 12.0 0.509158 13.0 0.520837 14.0 0.531701 15.0 0.541822 16.0 0.551255 17.0 0.560049 18.0 0.568241 19.0 0.575865 20.0 0.582950 21.0 0.589518 22.0 0.595586 23.0 0.601178 24.0 0.606306 25.0 0.611000 26.0 0.615277 27.0 0.619164 28.0 0.622690 29.0 0.625894 30.0 0.628820
241.268564  0.0 0.256175 1.0 0.290928 2.0 0.322116 3.0 0.350192 4.0 0.375547 5.0 0.398521 6.0 0.419415 7.0 0.438481 8.0 0.455940 9.0 0.471980 10.0 0.486750 11.0 0.500417 12.0 0.513081 13.0 0.524847 14.0 0.535791 15.0 0.545987 16.0 0.555491 17.0 0.564348 18.0 0.572602 19.0 0.580284 20.0 0.587418 21.0 0.594034 22.0 0.600149 23.0 0.605779 24.0 0.610948 25.0 0.615676 26.0 0.619984 27.0 0.623899 28.0 0.627452 29.0 0.630678 30.0 0.633624
255.180783  0.0 0.258220 1.0 0.293241 2.0 0.324667 3.0 0.352954 4.0 0.378499 5.0 0.401648 6.0 0.422698 7.0 0.441907 8.0 0.459496 9.0 0.475659 10.0 0.490539 11.0 0.504309 12.0 0.517069 13.0 0.528920 14.0 0.539945 15.0 0.550218 16.0 0.559794 17.0 0.568717 18.0 0.577034 19.0 0.584773 20.0 0.591961 21.0 0.598622 22.0 0.604785 23.0 0.610455 24.0 0.615665 25.0 0.620428 26.0 0.624767 27.0 0.628712 28.0 0.632292 29.0 0.635543 30.0 0.638507
269.895220  0.0 0.260298 1.0 0.295590 2.0 0.327258 3.0 0.355762 4.0 0.381501 5.0 0.404826 6.0 0.426036 7.0 0.445390 8.0 0.463113 9.0 0.479397 10.0 0.494389 11.0 0.508263 12.0 0.521120 13.0 0.533059 14.0 0.544171 15.0 0.554519 16.0 0.564167 17.0 0.573160 18.0 0.581538 19.0 0.589335 20.0 0.596577 21.0 0.603291 22.0 0.609496 23.0 0.615212 24.0 0.620459 25.0 0.625257 26.0 0.629629 27.0 0.633603 28.0 0.637211 29.0 0.640488 30.0 0.643476
285.458131  0.0 0.262410 1.0 0.297976 2.0 0.329890 3.0 0.358614 4.0 0.384551 5.0 0.408054 6.0 0.429426 7.0 0.448929 8.0 0.466787 9.0 0.483195 10.0 0.498302 11.0 0.512280 12.0 0.525236 13.0 0.537268 14.0 0.548464 15.0 0.558893 16.0 0.568611 17.0 0.577675 18.0 0.586116 19.0 0.593971 20.0 0.601269 21.0 0.608035 22.0 0.614284 23.0 0.620047 24.0 0.625333 25.0 0.630165 26.0 0.634571 27.0 0.638576 28.0 0.642212 29.0 0.645515 30.0 0.648528
301.918444  0.0 0.264557 1.0 0.300402 2.0 0.332564 3.0 0.361511 4.0 0.387650 5.0 0.411333 6.0 0.432871 7.0 0.452525 8.0 0.470521 9.0 0.487054 10.0 0.502277 11.0 0.516363 12.0 0.529418 13.0 0.541547 14.0 0.552828 15.0 0.563337 16.0 0.573132 17.0 0.582263 18.0 0.590768 19.0 0.598683 20.0 0.606038 21.0 0.612858 22.0 0.619158 23.0 0.624962 24.0 0.630287 25.0 0.635161 26.0 0.639602 27.0 0.643638 28.0 0.647299 29.0 0.650626 30.0 0.653665
319.327905  0.0 0.266739 1.0 0.302868 2.0 0.335283 3.0 0.364456 4.0 0.390798 5.0 0.414667 6.0 0.436372 7.0 0.456179 8.0 0.474315 9.0 0.490980 10.0 0.506318 11.0 0.520517 12.0 0.533674 13.0 0.545895 14.0 0.557263 15.0 0.567855 16.0 0.577728 17.0 0.586928 18.0 0.595502 19.0 0.603480 20.0 0.610890 21.0 0.617761 22.0 0.624113 23.0 0.629960 24.0 0.635330 25.0 0.640242 26.0 0.644717 27.0 0.648785 28.0 0.652477 29.0 0.655829 30.0 0.658889
337.741243  0.0 0.268956 1.0 0.305375 2.0 0.338047 3.0 0.367452 4.0 0.394000 5.0 0.418058 6.0 0.439933 7.0 0.459895 8.0 0.478174 9.0 0.494970 10.0 0.510429 11.0 0.524739 12.0 0.538000 13.0 0.550315 14.0 0.561776 15.0 0.572449 16.0 0.582401 17.0 0.591675 18.0 0.600317 19.0 0.608358 20.0 0.615827 21.0 0.622750 22.0 0.629152 23.0 0.635046 24.0 0.640460 25.0 0.645409 26.0 0.649920 27.0 0.654021 28.0 0.657743 29.0 0.661124 30.0 0.664206
357.216346  0.0 0.271212 1.0 0.307922 2.0 0.340857 3.0 0.370496 4.0 0.397257 5.0 0.421504 6.0 0.443554 7.0 0.463674 8.0 0.482099 9.0 0.499027 10.0 0.514609 11.0 0.529031 12.0 0.542399 13.0 0.554814 14.0 0.566366 15.0 0.577126 16.0 0.587152 17.0 0.596504 18.0 0.605213 19.0 0.613318 20.0 0.620847 21.0 0.627828 22.0 0.634277 23.0 0.640223 24.0 0.645678 25.0 0.650665 26.0 0.655212 27.0 0.659346 28.0 0.663100 29.0 0.666510 30.0 0.669620
377.814438  0.0 0.273505 1.0 0.310514 2.0 0.343712 3.0 0.373590 4.0 0.400566 5.0 0.425007 6.0 0.447234 7.0 0.467516 8.0 0.486089 9.0 0.503152 10.0 0.518858 11.0 0.533397 12.0 0.546871 13.0 0.559389 14.0 0.571034 15.0 0.581881 16.0 0.591991 17.0 0.601415 18.0 0.610193 19.0 0.618363 20.0 0.625954 21.0 0.632993 22.0 0.639497 23.0 0.645489 24.0 0.650986 25.0 0.656019 26.0 0.660605 27.0 0.664773 28.0 0.668555 29.0 0.671991 30.0 0.675129
399.600273  0.0 0.275836 1.0 0.313149 2.0 0.346619 3.0 0.376739 4.0 0.403931 5.0 0.428572 6.0 0.450977 7.0 0.471423 8.0 0.490145 9.0 0.507351 10.0 0.523181 11.0 0.537841 12.0 0.551425 13.0 0.564043 14.0 0.575781 15.0 0.586717 16.0 0.596912 17.0 0.606410 18.0 0.615265 19.0 0.623503 20.0 0.631154 21.0 0.638248 22.0 0.644809 23.0 0.650847 24.0 0.656395 25.0 0.661468 26.0 0.666092 27.0 0.670296 28.0 0.674111 29.0 0.677576 30.0 0.680736
422.642341  0.0 0.278208 1.0 0.315828 2.0 0.349575 3.0 0.379941 4.0 0.407357 5.0 0.432198 6.0 0.454787 7.0 0.475400 8.0 0.494276 9.0 0.511621 10.0 0.527582 11.0 0.542360 12.0 0.556058 13.0 0.568778 14.0 0.580616 15.0 0.591642 16.0 0.601919 17.0 0.611501 18.0 0.620427 19.0 0.628732 20.0 0.636448 21.0 0.643602 22.0 0.650214 23.0 0.656307 24.0 0.661901 25.0 0.667015 26.0 0.671678 27.0 0.675917 28.0 0.679767 29.0 0.683263 30.0 0.686452
447.013078  0.0 0.280621 1.0 0.318555 2.0 0.352579 3.0 0.383198 4.0 0.410841 5.0 0.435885 6.0 0.458661 7.0 0.479445 8.0 0.498478 9.0 0.515964 10.0 0.532058 11.0 0.546957 12.0 0.560770 13.0 0.573600 14.0 0.585536 15.0 0.596655 16.0 0.607018 17.0 0.616680 18.0 0.625679 19.0 0.634054 20.0 0.641836 21.0 0.649053 22.0 0.655720 23.0 0.661866 24.0 0.667504 25.0 0.672664 26.0 0.677369 27.0 0.681645 28.0 0.685525 29.0 0.689054 30.0 0.692274
472.789100  0.0 0.283075 1.0 0.321329 2.0 0.355639 3.0 0.386512 4.0 0.414383 5.0 0.439638 6.0 0.462602 7.0 0.483560 8.0 0.502752 9.0 0.520388 10.0 0.536612 11.0 0.551642 12.0 0.565569 13.0 0.578507 14.0 0.590543 15.0 0.601757 16.0 0.612210 17.0 0.621951 18.0 0.631029 19.0 0.639477 20.0 0.647324 21.0 0.654602 22.0 0.661330 23.0 0.667525 24.0 0.673216 25.0 0.678423 26.0 0.683168 27.0 0.687483 28.0 0.691399 29.0 0.694956 30.0 0.698203
500.051440  0.0 0.285573 1.0 0.324150 2.0 0.358751 3.0 0.389885 4.0 0.417991 5.0 0.443458 6.0 0.466617 7.0 0.487751 8.0 0.507105 9.0 0.524891 10.0 0.541252 11.0 0.556408 12.0 0.570456 13.0 0.583501 14.0 0.595644 15.0 0.606953 16.0 0.617496 17.0 0.627324 18.0 0.636481 19.0 0.645001 20.0 0.652917 21.0 0.660257 22.0 0.667043 23.0 0.673295 24.0 0.679037 25.0 0.684288 26.0 0.689075 27.0 0.693429 28.0 0.697382 29.0 0.700974 30.0 0.704249
528.885802  0.0 0.288116 1.0 0.327023 2.0 0.361917 3.0 0.393316 4.0 0.421663 5.0 0.447344 6.0 0.470701 7.0 0.492016 8.0 0.511536 9.0 0.529472 10.0 0.545974 11.0 0.561259 12.0 0.575429 13.0 0.588592 14.0 0.600839 15.0 0.612248 16.0 0.622881 17.0 0.632796 18.0 0.642031 19.0 0.650625 20.0 0.658613 21.0 0.666021 22.0 0.672865 23.0 0.679175 24.0 0.684965 25.0 0.690264 26.0 0.695097 27.0 0.699491 28.0 0.703478 29.0 0.707106 30.0 0.710415
559.382834  0.0 0.290702 1.0 0.329947 2.0 0.365143 3.0 0.396811 4.0 0.425398 5.0 0.451302 6.0 0.474859 7.0 0.496357 8.0 0.516045 9.0 0.534141 10.0 0.550782 11.0 0.566204 12.0 0.580497 13.0 0.593775 14.0 0.606128 15.0 0.617638 16.0 0.628369 17.0 0.638368 18.0 0.647689 19.0 0.656362 20.0 0.664418 21.0 0.671891 22.0 0.678803 23.0 0.685165 24.0 0.691013 25.0 0.696363 26.0 0.701240 27.0 0.705675 28.0 0.709703 29.0 0.713361 30.0 0.716699
591.638410  0.0 0.293337 1.0 0.332922 2.0 0.368425 3.0 0.400368 4.0 0.429205 5.0 0.455333 6.0 0.479095 7.0 0.500781 8.0 0.520643 9.0 0.538895 10.0 0.555683 11.0 0.571239 12.0 0.585661 13.0 0.599055 14.0 0.611522 15.0 0.623134 16.0 0.633959 17.0 0.644053 18.0 0.653457 19.0 0.662208 20.0 0.670339 21.0 0.677881 22.0 0.684852 23.0 0.691279 24.0 0.697180 25.0 0.702577 26.0 0.707500 27.0 0.711978 28.0 0.716046 29.0 0.719743 30.0 0.723115
625.753932  0.0 0.296019 1.0 0.335954 2.0 0.371767 3.0 0.403988 4.0 0.433079 5.0 0.459434 6.0 0.483407 7.0 0.505286 8.0 0.525323 9.0 0.543737 10.0 0.560672 11.0 0.576369 12.0 0.590918 13.0 0.604439 14.0 0.617017 15.0 0.628736 16.0 0.639661 17.0 0.649845 18.0 0.659333 19.0 0.668165 20.0 0.676372 21.0 0.683988 22.0 0.691026 23.0 0.697512 24.0 0.703466 25.0 0.708920 26.0 0.713892 27.0 0.718414 28.0 0.722520 29.0 0.726251 30.0 0.729661
661.836651  0.0 0.298750 1.0 0.339039 2.0 0.375171 3.0 0.407679 4.0 0.437025 5.0 0.463617 6.0 0.487801 7.0 0.509874 8.0 0.530091 9.0 0.548674 10.0 0.565759 11.0 0.581600 12.0 0.596284 13.0 0.609923 14.0 0.622617 15.0 0.634444 16.0 0.645473 17.0 0.655751 18.0 0.665332 19.0 0.674247 20.0 0.682531 21.0 0.690214 22.0 0.697323 23.0 0.703870 24.0 0.709887 25.0 0.715392 26.0 0.720413 27.0 0.724981 28.0 0.729130 29.0 0.732901 30.0 0.736340
700.000000  0.0 0.301532 1.0 0.342183 2.0 0.378636 3.0 0.411436 4.0 0.441046 5.0 0.467875 6.0 0.492279 7.0 0.514552 8.0 0.534953 9.0 0.553702 10.0 0.570944 11.0 0.586927 12.0 0.601749 13.0 0.615518 14.0 0.628332 15.0 0.640271 16.0 0.651399 17.0 0.661779 18.0 0.671447 19.0 0.680447 20.0 0.688812 21.0 0.696574 22.0 0.703746 23.0 0.710363 24.0 0.716436 25.0 0.721995 26.0 0.727068 27.0 0.731683 28.0 0.735873 29.0 0.739687 30.0 0.743167
