0.010000  0.0 0.141123 1.0 0.160659 2.0 0.178262 3.0 0.194162 4.0 0.208561 5.0 0.221638 6.0 0.233554 7.0 0.244445 8.0 0.254433 9.0 0.263621 10.0 0.272101 11.0 0.279950 12.0 0.287235 13.0 0.294012 14.0 0.300328 15.0 0.306223 16.0 0.311728 17.0 0.316872 18.0 0.321673 19.0 0.326151 20.0 0.330320 21.0 0.334193 22.0 0.337779 23.0 0.341089 24.0 0.344132 25.0 0.346922 26.0 0.349468 27.0 0.351788 28.0 0.353899 29.0 0.355824 30.0 0.357589
0.010577  0.0 0.141744 1.0 0.161364 2.0 0.179041 3.0 0.195008 4.0 0.209468 5.0 0.222601 6.0 0.234567 7.0 0.245503 8.0 0.255532 9.0 0.264760 10.0 0.273275 11.0 0.281156 12.0 0.288471 13.0 0.295277 14.0 0.301619 15.0 0.307538 16.0 0.313066 17.0 0.318228 18.0 0.323051 19.0 0.327548 20.0 0.331734 21.0 0.335621 22.0 0.339221 23.0 0.342545 24.0 0.345600 25.0 0.348399 26.0 0.350957 27.0 0.353286 28.0 0.355405 29.0 0.357336 30.0 0.359110
0.011187  0.0 0.142370 1.0 0.162074 2.0 0.179828 3.0 0.195862 4.0 0.210383 5.0 0.223572 6.0 0.235588 7.0 0.246571 8.0 0.256642 9.0 0.265907 10.0 0.274457 11.0 0.282373 12.0 0.289719 13.0 0.296551 14.0 0.302920 15.0 0.308864 16.0 0.314414 17.0 0.319599 18.0 0.324439 19.0 0.328955 20.0 0.333158 21.0 0.337060 22.0 0.340677 23.0 0.344012 24.0 0.347081 25.0 0.349892 26.0 0.352458 27.0 0.354796 28.0 0.356924 29.0 0.358865 30.0 0.360645
0.011832  0.0 0.143001 1.0 0.162790 2.0 0.180620 3.0 0.196723 4.0 0.211306 5.0 0.224550 6.0 0.236618 7.0 0.247647 8.0 0.257761 9.0 0.267065 10.0 0.275651 11.0 0.283599 12.0 0.290976 13.0 0.297838 14.0 0.304232 15.0 0.310200 16.0 0.315774 17.0 0.320981 18.0 0.325842 19.0 0.330374 20.0 0.334595 21.0 0.338515 22.0 0.342144 23.0 0.345494 24.0 0.348574 25.0 0.351397 26.0 0.353974 27.0 0.356322 28.0 0.358458 29.0 0.360405 30.0 0.362191
0.012514  0.0 0.143638 1.0 0.163513 2.0 0.181419 3.0 0.197592 4.0 0.212238 5.0 0.225539 6.0 0.237657 7.0 0.248733 8.0 0.258889 9.0 0.268234 10.0 0.276856 11.0 0.284837 12.0 0.292244 13.0 0.299135 14.0 0.305557 15.0 0.311550 16.0 0.317147 17.0 0.322373 18.0 0.327256 19.0 0.331808 20.0 0.336045 21.0 0.339980 22.0 0.343624 23.0 0.346989 24.0 0.350081 25.0 0.352914 26.0 0.355502 27.0 0.357859 28.0 0.360003 29.0 0.361958 30.0 0.363753
0.013235  0.0 0.144281 1.0 0.164243 2.0 0.182227 3.0 0.198469 4.0 0.213177 5.0 0.226536 6.0 0.238706 7.0 0.249829 8.0 0.260029 9.0 0.269412 10.0 0.278070 11.0 0.286086 12.0 0.293525 13.0 0.300444 14.0 0.306893 15.0 0.312911 16.0 0.318530 17.0 0.323780 18.0 0.328681 19.0 0.333252 20.0 0.337507 21.0 0.341458 22.0 0.345118 23.0 0.348495 24.0 0.351601 25.0 0.354446 26.0 0.357043 27.0 0.359409 28.0 0.361563 29.0 0.363527 30.0 0.365328
0.013999  0.0 0.144929 1.0 0.164978 2.0 0.183041 3.0 0.199354 4.0 0.214126 5.0 0.227541 6.0 0.239763 7.0 0.250934 8.0 0.261178 9.0 0.270600 10.0 0.279296 11.0 0.287346 12.0 0.294816 13.0 0.301764 14.0 0.308240 15.0 0.314283 16.0 0.319927 17.0 0.325199 18.0 0.330120 19.0 0.334709 20.0 0.338982 21.0 0.342951 22.0 0.346625 23.0 0.350016 24.0 0.353134 25.0 0.355991 26.0 0.358600 27.0 0.360975 28.0 0.363137 29.0 0.365108 30.0 0.366915
0.014806  0.0 0.145583 1.0 0.165721 2.0 0.183862 3.0 0.200246 4.0 0.215082 5.0 0.228556 6.0 0.240831 7.0 0.252049 8.0 0.262336 9.0 0.271801 10.0 0.280534 11.0 0.288616 12.0 0.296118 13.0 0.303097 14.0 0.309600 15.0 0.315668 16.0 0.321336 17.0 0.326629 18.0 0.331572 19.0 0.336181 20.0 0.340471 21.0 0.344456 22.0 0.348144 23.0 0.351550 24.0 0.354680 25.0 0.357548 26.0 0.360168 27.0 0.362554 28.0 0.364724 29.0 0.366702 30.0 0.368518
0.015659  0.0 0.146244 1.0 0.166470 2.0 0.184692 3.0 0.201146 4.0 0.216046 5.0 0.229580 6.0 0.241908 7.0 0.253175 8.0 0.263506 9.0 0.273011 10.0 0.281781 11.0 0.289899 12.0 0.297433 13.0 0.304440 14.0 0.310972 15.0 0.317066 16.0 0.322757 17.0 0.328073 18.0 0.333036 19.0 0.337664 20.0 0.341972 21.0 0.345972 22.0 0.349679 23.0 0.353097 24.0 0.356242 25.0 0.359121 26.0 0.361750 27.0 0.364145 28.0 0.366325 29.0 0.368313 30.0 0.370136
0.016562  0.0 0.146910 1.0 0.167226 2.0 0.185528 3.0 0.202056 4.0 0.217021 5.0 0.230612 6.0 0.242994 7.0 0.254310 8.0 0.264687 9.0 0.274231 10.0 0.283039 11.0 0.291193 12.0 0.298759 13.0 0.305796 14.0 0.312355 15.0 0.318476 16.0 0.324191 17.0 0.329531 18.0 0.334514 19.0 0.339161 20.0 0.343487 21.0 0.347506 22.0 0.351226 23.0 0.354658 24.0 0.357816 25.0 0.360708 26.0 0.363349 27.0 0.365754 28.0 0.367942 29.0 0.369937 30.0 0.371766
0.017518  0.0 0.147582 1.0 0.167989 2.0 0.186372 3.0 0.202972 4.0 0.218004 5.0 0.231654 6.0 0.244090 7.0 0.255455 8.0 0.265877 9.0 0.275464 10.0 0.284310 11.0 0.292497 12.0 0.300096 13.0 0.307166 14.0 0.313752 15.0 0.319898 16.0 0.325639 17.0 0.331000 18.0 0.336005 19.0 0.340672 20.0 0.345017 21.0 0.349051 22.0 0.352786 23.0 0.356235 24.0 0.359404 25.0 0.362308 26.0 0.364960 27.0 0.367375 28.0 0.369572 29.0 0.371575 30.0 0.373412
0.018528  0.0 0.148261 1.0 0.168759 2.0 0.187224 3.0 0.203897 4.0 0.218995 5.0 0.232707 6.0 0.245197 7.0 0.256612 8.0 0.267078 9.0 0.276708 10.0 0.285592 11.0 0.293816 12.0 0.301448 13.0 0.308546 14.0 0.315162 15.0 0.321335 16.0 0.327099 17.0 0.332483 18.0 0.337509 19.0 0.342197 20.0 0.346559 21.0 0.350610 22.0 0.354362 23.0 0.357824 24.0 0.361008 25.0 0.363923 26.0 0.366585 27.0 0.369010 28.0 0.371217 29.0 0.373229 30.0 0.375074
0.019596  0.0 0.148946 1.0 0.169536 2.0 0.188084 3.0 0.204832 4.0 0.219996 5.0 0.233768 6.0 0.246313 7.0 0.257779 8.0 0.268292 9.0 0.277961 10.0 0.286884 11.0 0.295145 12.0 0.302810 13.0 0.309939 14.0 0.316583 15.0 0.322783 16.0 0.328571 17.0 0.333980 18.0 0.339027 19.0 0.343733 20.0 0.348115 21.0 0.352185 22.0 0.355952 23.0 0.359428 24.0 0.362625 25.0 0.365554 26.0 0.368228 27.0 0.370662 28.0 0.372878 29.0 0.374898 30.0 0.376750
0.020726  0.0 0.149637 1.0 0.170320 2.0 0.188951 3.0 0.205774 4.0 0.221007 5.0 0.234838 6.0 0.247439 7.0 0.258955 8.0 0.269515 9.0 0.279228 10.0 0.288191 11.0 0.296486 12.0 0.304184 13.0 0.311346 14.0 0.318018 15.0 0.324244 16.0 0.330060 17.0 0.335490 18.0 0.340560 19.0 0.345287 20.0 0.349687 21.0 0.353773 22.0 0.357556 23.0 0.361048 24.0 0.364256 25.0 0.367198 26.0 0.369884 27.0 0.372329 28.0 0.374553 29.0 0.376581 30.0 0.378440
0.021921  0.0 0.150335 1.0 0.171112 2.0 0.189826 3.0 0.206725 4.0 0.222026 5.0 0.235920 6.0 0.248577 7.0 0.260144 8.0 0.270749 9.0 0.280507 10.0 0.289509 11.0 0.297840 12.0 0.305573 13.0 0.312765 14.0 0.319467 15.0 0.325721 16.0 0.331561 17.0 0.337013 18.0 0.342106 19.0 0.346854 20.0 0.351273 21.0 0.355375 22.0 0.359175 23.0 0.362682 24.0 0.365905 25.0 0.368857 26.0 0.371553 27.0 0.374009 28.0 0.376243 29.0 0.378280 30.0 0.380148
0.023185  0.0 0.151039 1.0 0.171911 2.0 0.190711 3.0 0.207685 4.0 0.223054 5.0 0.237011 6.0 0.249725 7.0 0.261344 8.0 0.271997 9.0 0.281796 10.0 0.290837 11.0 0.299207 12.0 0.306974 13.0 0.314196 14.0 0.320929 15.0 0.327210 16.0 0.333074 17.0 0.338553 18.0 0.343665 19.0 0.348434 20.0 0.352871 21.0 0.356993 22.0 0.360810 23.0 0.364329 24.0 0.367568 25.0 0.370534 26.0 0.373241 27.0 0.375707 28.0 0.377951 29.0 0.379996 30.0 0.381871
0.024522  0.0 0.151750 1.0 0.172717 2.0 0.191603 3.0 0.208655 4.0 0.224093 5.0 0.238112 6.0 0.250883 7.0 0.262554 8.0 0.273255 9.0 0.283097 10.0 0.292180 11.0 0.300586 12.0 0.308387 13.0 0.315643 14.0 0.322403 15.0 0.328712 16.0 0.334603 17.0 0.340106 18.0 0.345242 19.0 0.350030 20.0 0.354487 21.0 0.358627 22.0 0.362458 23.0 0.365995 24.0 0.369245 25.0 0.372225 26.0 0.374944 27.0 0.377420 28.0 0.379673 29.0 0.381726 30.0 0.383608
0.025936  0.0 0.152467 1.0 0.173531 2.0 0.192503 3.0 0.209633 4.0 0.225142 5.0 0.239224 6.0 0.252052 7.0 0.263775 8.0 0.274524 9.0 0.284412 10.0 0.293535 11.0 0.301978 12.0 0.309813 13.0 0.317102 14.0 0.323893 15.0 0.330230 16.0 0.336147 17.0 0.341672 18.0 0.346831 19.0 0.351641 20.0 0.356118 21.0 0.360274 22.0 0.364122 23.0 0.367675 24.0 0.370940 25.0 0.373930 26.0 0.376662 27.0 0.379148 28.0 0.381411 29.0 0.383472 30.0 0.385365
0.027432  0.0 0.153192 1.0 0.174353 2.0 0.193412 3.0 0.210619 4.0 0.226199 5.0 0.240347 6.0 0.253233 7.0 0.265009 8.0 0.275806 9.0 0.285738 10.0 0.294902 11.0 0.303384 12.0 0.311255 13.0 0.318575 14.0 0.325397 15.0 0.331761 16.0 0.337704 17.0 0.343254 18.0 0.348435 19.0 0.353266 20.0 0.357763 21.0 0.361936 22.0 0.365804 23.0 0.369370 24.0 0.372650 25.0 0.375654 26.0 0.378396 27.0 0.380893 28.0 0.383166 29.0 0.385237 30.0 0.387136
0.029013  0.0 0.153923 1.0 0.175183 2.0 0.194330 3.0 0.211617 4.0 0.227267 5.0 0.241479 6.0 0.254424 7.0 0.266254 8.0 0.277100 9.0 0.287076 10.0 0.296281 11.0 0.304802 12.0 0.312708 13.0 0.320061 14.0 0.326913 15.0 0.333307 16.0 0.339275 17.0 0.344852 18.0 0.350055 19.0 0.354906 20.0 0.359423 21.0 0.363617 22.0 0.367500 23.0 0.371081 24.0 0.374376 25.0 0.377393 26.0 0.380148 27.0 0.382656 28.0 0.384938 29.0 0.387018 30.0 0.388924
0.030686  0.0 0.154661 1.0 0.176020 2.0 0.195256 3.0 0.212623 4.0 0.228346 5.0 0.242622 6.0 0.255626 7.0 0.267510 8.0 0.278407 9.0 0.288428 10.0 0.297675 11.0 0.306233 12.0 0.314175 13.0 0.321563 14.0 0.328444 15.0 0.334866 16.0 0.340864 17.0 0.346463 18.0 0.351691 19.0 0.356565 20.0 0.361101 21.0 0.365313 22.0 0.369211 23.0 0.372811 24.0 0.376117 25.0 0.379148 26.0 0.381915 27.0 0.384434 28.0 0.386726 29.0 0.388814 30.0 0.390729
0.032456  0.0 0.155406 1.0 0.176865 2.0 0.196191 3.0 0.213639 4.0 0.229435 5.0 0.243777 6.0 0.256841 7.0 0.268779 8.0 0.279724 9.0 0.289794 10.0 0.299082 11.0 0.307679 12.0 0.315657 13.0 0.323078 14.0 0.329992 15.0 0.336443 16.0 0.342466 17.0 0.348090 18.0 0.353342 19.0 0.358237 20.0 0.362793 21.0 0.367023 22.0 0.370940 23.0 0.374555 24.0 0.377877 25.0 0.380920 26.0 0.383698 27.0 0.386228 28.0 0.388530 29.0 0.390628 30.0 0.392553
0.034327  0.0 0.156160 1.0 0.177720 2.0 0.197136 3.0 0.214664 4.0 0.230533 5.0 0.244943 6.0 0.258068 7.0 0.270061 8.0 0.281056 9.0 0.291171 10.0 0.300502 11.0 0.309140 12.0 0.317154 13.0 0.324607 14.0 0.331553 15.0 0.338033 16.0 0.344083 17.0 0.349734 18.0 0.355007 19.0 0.359925 20.0 0.364501 21.0 0.368751 22.0 0.372686 23.0 0.376315 24.0 0.379654 25.0 0.382711 26.0 0.385501 27.0 0.388042 28.0 0.390354 29.0 0.392461 30.0 0.394392
0.036307  0.0 0.156920 1.0 0.178582 2.0 0.198090 3.0 0.215701 4.0 0.231644 5.0 0.246120 6.0 0.259305 7.0 0.271354 8.0 0.282401 9.0 0.292561 10.0 0.301935 11.0 0.310613 12.0 0.318664 13.0 0.326152 14.0 0.333129 15.0 0.339638 16.0 0.345716 17.0 0.351393 18.0 0.356691 19.0 0.361630 20.0 0.366227 21.0 0.370497 22.0 0.374448 23.0 0.378094 24.0 0.381446 25.0 0.384517 26.0 0.387320 27.0 0.389873 28.0 0.392195 29.0 0.394310 30.0 0.396249
0.038400  0.0 0.157687 1.0 0.179453 2.0 0.199053 3.0 0.216747 4.0 0.232765 5.0 0.247307 6.0 0.260554 7.0 0.272660 8.0 0.283758 9.0 0.293966 10.0 0.303384 11.0 0.312100 12.0 0.320188 13.0 0.327712 14.0 0.334720 15.0 0.341260 16.0 0.347367 17.0 0.353068 18.0 0.358391 19.0 0.363353 20.0 0.367970 21.0 0.372258 22.0 0.376226 23.0 0.379890 24.0 0.383256 25.0 0.386341 26.0 0.389157 27.0 0.391720 28.0 0.394052 29.0 0.396176 30.0 0.398126
0.040614  0.0 0.158462 1.0 0.180331 2.0 0.200024 3.0 0.217803 4.0 0.233896 5.0 0.248508 6.0 0.261817 7.0 0.273979 8.0 0.285128 9.0 0.295385 10.0 0.304846 11.0 0.313603 12.0 0.321729 13.0 0.329287 14.0 0.336328 15.0 0.342898 16.0 0.349032 17.0 0.354759 18.0 0.360106 19.0 0.365091 20.0 0.369730 21.0 0.374036 22.0 0.378024 23.0 0.381703 24.0 0.385086 25.0 0.388183 26.0 0.391010 27.0 0.393585 28.0 0.395928 29.0 0.398064 30.0 0.400021
0.042956  0.0 0.159245 1.0 0.181220 2.0 0.201007 3.0 0.218868 4.0 0.235038 5.0 0.249720 6.0 0.263092 7.0 0.275311 8.0 0.286513 9.0 0.296817 10.0 0.306322 11.0 0.315121 12.0 0.323285 13.0 0.330876 14.0 0.337951 15.0 0.344551 16.0 0.350713 17.0 0.356468 18.0 0.361838 19.0 0.366845 20.0 0.371505 21.0 0.375832 22.0 0.379839 23.0 0.383533 24.0 0.386932 25.0 0.390044 26.0 0.392885 27.0 0.395471 28.0 0.397825 29.0 0.399969 30.0 0.401934
0.045433  0.0 0.160036 1.0 0.182116 2.0 0.201999 3.0 0.219946 4.0 0.236193 5.0 0.250944 6.0 0.264379 7.0 0.276656 8.0 0.287911 9.0 0.298262 10.0 0.307813 11.0 0.316653 12.0 0.324855 13.0 0.332482 14.0 0.339589 15.0 0.346220 16.0 0.352411 17.0 0.358193 18.0 0.363589 19.0 0.368619 20.0 0.373300 21.0 0.377647 22.0 0.381671 23.0 0.385384 24.0 0.388796 25.0 0.391923 26.0 0.394777 27.0 0.397375 28.0 0.399739 29.0 0.401892 30.0 0.403865
0.048053  0.0 0.160834 1.0 0.183022 2.0 0.203000 3.0 0.221034 4.0 0.237359 5.0 0.252179 6.0 0.265678 7.0 0.278013 8.0 0.289322 9.0 0.299724 10.0 0.309319 11.0 0.318199 12.0 0.326440 13.0 0.334105 14.0 0.341245 15.0 0.347907 16.0 0.354127 17.0 0.359935 18.0 0.365356 19.0 0.370410 20.0 0.375113 21.0 0.379480 22.0 0.383520 23.0 0.387252 24.0 0.390679 25.0 0.393819 26.0 0.396687 27.0 0.399297 28.0 0.401671 29.0 0.403833 30.0 0.405818
0.050824  0.0 0.161640 1.0 0.183936 2.0 0.204011 3.0 0.222133 4.0 0.238536 5.0 0.253428 6.0 0.266991 7.0 0.279385 8.0 0.290747 9.0 0.301199 10.0 0.310840 11.0 0.319763 12.0 0.328043 13.0 0.335743 14.0 0.342918 15.0 0.349611 16.0 0.355860 17.0 0.361694 18.0 0.367141 19.0 0.372218 20.0 0.376943 21.0 0.381329 22.0 0.385391 23.0 0.389138 24.0 0.392583 25.0 0.395736 26.0 0.398615 27.0 0.401237 28.0 0.403623 29.0 0.405797 30.0 0.407790
0.053755  0.0 0.162455 1.0 0.184860 2.0 0.205033 3.0 0.223242 4.0 0.239724 5.0 0.254689 6.0 0.268318 7.0 0.280771 8.0 0.292188 9.0 0.302689 10.0 0.312375 11.0 0.321342 12.0 0.329661 13.0 0.337397 14.0 0.344606 15.0 0.351331 16.0 0.357609 17.0 0.363472 18.0 0.368943 19.0 0.374044 20.0 0.378791 21.0 0.383199 22.0 0.387280 23.0 0.391042 24.0 0.394504 25.0 0.397673 26.0 0.400566 27.0 0.403200 28.0 0.405596 29.0 0.407780 30.0 0.409780
0.056854  0.0 0.163278 1.0 0.185794 2.0 0.206065 3.0 0.224363 4.0 0.240925 5.0 0.255962 6.0 0.269658 7.0 0.282171 8.0 0.293643 9.0 0.304193 10.0 0.313926 11.0 0.322936 12.0 0.331295 13.0 0.339069 14.0 0.346311 15.0 0.353068 16.0 0.359376 17.0 0.365268 18.0 0.370765 19.0 0.375890 20.0 0.380659 21.0 0.385088 22.0 0.389186 23.0 0.392968 24.0 0.396444 25.0 0.399629 26.0 0.402536 27.0 0.405182 28.0 0.407589 29.0 0.409782 30.0 0.411790
0.060133  0.0 0.164109 1.0 0.186736 2.0 0.207108 3.0 0.225496 4.0 0.242139 5.0 0.257248 6.0 0.271010 7.0 0.283584 8.0 0.295112 9.0 0.305714 10.0 0.315495 11.0 0.324546 12.0 0.332945 13.0 0.340758 14.0 0.348034 15.0 0.354823 16.0 0.361163 17.0 0.367081 18.0 0.372606 19.0 0.377755 20.0 0.382547 21.0 0.386995 22.0 0.391112 23.0 0.394913 24.0 0.398405 25.0 0.401604 26.0 0.404524 27.0 0.407183 28.0 0.409601 29.0 0.411803 30.0 0.413824
0.063600  0.0 0.164949 1.0 0.187689 2.0 0.208161 3.0 0.226640 4.0 0.243365 5.0 0.258548 6.0 0.272377 7.0 0.285012 8.0 0.296596 9.0 0.307251 10.0 0.317078 11.0 0.326174 12.0 0.334614 13.0 0.342464 14.0 0.349776 15.0 0.356598 16.0 0.362967 17.0 0.368913 18.0 0.374464 19.0 0.379638 20.0 0.384453 21.0 0.388922 22.0 0.393060 23.0 0.396878 24.0 0.400387 25.0 0.403600 26.0 0.406533 27.0 0.409204 28.0 0.411634 29.0 0.413849 30.0 0.415878
0.067268  0.0 0.165797 1.0 0.188650 2.0 0.209225 3.0 0.227795 4.0 0.244603 5.0 0.259862 6.0 0.273758 7.0 0.286456 8.0 0.298095 9.0 0.308803 10.0 0.318678 11.0 0.327819 12.0 0.336300 13.0 0.344186 14.0 0.351535 15.0 0.358390 16.0 0.364789 17.0 0.370765 18.0 0.376341 19.0 0.381540 20.0 0.386377 21.0 0.390868 22.0 0.395027 23.0 0.398861 24.0 0.402389 25.0 0.405618 26.0 0.408565 27.0 0.411249 28.0 0.413690 29.0 0.415914 30.0 0.417952
0.071146  0.0 0.166654 1.0 0.189623 2.0 0.210300 3.0 0.228962 4.0 0.245853 5.0 0.261188 6.0 0.275154 7.0 0.287914 8.0 0.299611 9.0 0.310370 10.0 0.320293 11.0 0.329480 12.0 0.338003 13.0 0.345927 14.0 0.353312 15.0 0.360200 16.0 0.366630 17.0 0.372636 18.0 0.378239 19.0 0.383462 20.0 0.388323 21.0 0.392837 22.0 0.397015 23.0 0.400868 24.0 0.404411 25.0 0.407656 26.0 0.410618 27.0 0.413314 28.0 0.415767 29.0 0.418001 30.0 0.420047
0.075249  0.0 0.167521 1.0 0.190606 2.0 0.211387 3.0 0.230142 4.0 0.247118 5.0 0.262528 6.0 0.276563 7.0 0.289387 8.0 0.301143 9.0 0.311953 10.0 0.321927 11.0 0.331158 12.0 0.339722 13.0 0.347687 14.0 0.355106 15.0 0.362029 16.0 0.368492 17.0 0.374526 18.0 0.380157 19.0 0.385406 20.0 0.390291 21.0 0.394826 22.0 0.399022 23.0 0.402896 24.0 0.406454 25.0 0.409715 26.0 0.412691 27.0 0.415401 28.0 0.417865 29.0 0.420109 30.0 0.422166
0.079588  0.0 0.168396 1.0 0.191598 2.0 0.212485 3.0 0.231335 4.0 0.248395 5.0 0.263882 6.0 0.277987 7.0 0.290875 8.0 0.302689 9.0 0.313555 10.0 0.323577 11.0 0.332853 12.0 0.341460 13.0 0.349466 14.0 0.356922 15.0 0.363878 16.0 0.370373 17.0 0.376435 18.0 0.382095 19.0 0.387370 20.0 0.392278 21.0 0.396834 22.0 0.401051 23.0 0.404944 24.0 0.408521 25.0 0.411795 26.0 0.414786 27.0 0.417509 28.0 0.419984 29.0 0.422240 30.0 0.424308
0.084177  0.0 0.169280 1.0 0.192601 2.0 0.213594 3.0 0.232540 4.0 0.249686 5.0 0.265251 6.0 0.279427 7.0 0.292379 8.0 0.304252 9.0 0.315173 10.0 0.325245 11.0 0.334568 12.0 0.343218 13.0 0.351262 14.0 0.358756 15.0 0.365747 16.0 0.372273 17.0 0.378366 18.0 0.384053 19.0 0.389354 20.0 0.394286 21.0 0.398864 22.0 0.403104 23.0 0.407014 24.0 0.410609 25.0 0.413900 26.0 0.416904 27.0 0.419639 28.0 0.422128 29.0 0.424396 30.0 0.426473
0.089031  0.0 0.170174 1.0 0.193614 2.0 0.214714 3.0 0.233757 4.0 0.250990 5.0 0.266635 6.0 0.280882 7.0 0.293899 8.0 0.305832 9.0 0.316808 10.0 0.326930 11.0 0.336300 12.0 0.344994 13.0 0.353077 14.0 0.360610 15.0 0.367635 16.0 0.374193 17.0 0.380318 18.0 0.386031 19.0 0.391358 20.0 0.396315 21.0 0.400917 22.0 0.405178 23.0 0.409105 24.0 0.412719 25.0 0.416027 26.0 0.419046 27.0 0.421795 28.0 0.424296 29.0 0.426573 30.0 0.428660
0.094165  0.0 0.171078 1.0 0.194639 2.0 0.215847 3.0 0.234986 4.0 0.252308 5.0 0.268033 6.0 0.282352 7.0 0.295436 8.0 0.307429 9.0 0.318460 10.0 0.328632 11.0 0.338051 12.0 0.346788 13.0 0.354912 14.0 0.362482 15.0 0.369543 16.0 0.376134 17.0 0.382290 18.0 0.388033 19.0 0.393385 20.0 0.398367 21.0 0.402993 22.0 0.407273 23.0 0.411222 24.0 0.414851 25.0 0.418177 26.0 0.421211 27.0 0.423973 28.0 0.426486 29.0 0.428774 30.0 0.430870
0.099595  0.0 0.171991 1.0 0.195675 2.0 0.216993 3.0 0.236230 4.0 0.253640 5.0 0.269445 6.0 0.283838 7.0 0.296989 8.0 0.309044 9.0 0.320129 10.0 0.330355 11.0 0.339820 12.0 0.348602 13.0 0.356768 14.0 0.364375 15.0 0.371471 16.0 0.378098 17.0 0.384283 18.0 0.390056 19.0 0.395436 20.0 0.400442 21.0 0.405090 22.0 0.409390 23.0 0.413361 24.0 0.417007 25.0 0.420349 26.0 0.423399 27.0 0.426175 28.0 0.428699 29.0 0.430998 30.0 0.433106
0.105338  0.0 0.172914 1.0 0.196722 2.0 0.218150 3.0 0.237488 4.0 0.254988 5.0 0.270873 6.0 0.285340 7.0 0.298557 8.0 0.310675 9.0 0.321818 10.0 0.332096 11.0 0.341608 12.0 0.350434 13.0 0.358644 14.0 0.366290 15.0 0.373423 16.0 0.380082 17.0 0.386297 18.0 0.392100 19.0 0.397508 20.0 0.402539 21.0 0.407210 22.0 0.411532 23.0 0.415522 24.0 0.419188 25.0 0.422544 26.0 0.425610 27.0 0.428400 28.0 0.430936 29.0 0.433249 30.0 0.435368
0.111412  0.0 0.173847 1.0 0.197779 2.0 0.219320 3.0 0.238758 4.0 0.256349 5.0 0.272316 6.0 0.286857 7.0 0.300143 8.0 0.312323 9.0 0.323525 10.0 0.333855 11.0 0.343417 12.0 0.352289 13.0 0.360540 14.0 0.368225 15.0 0.375395 16.0 0.382088 17.0 0.388335 18.0 0.394166 19.0 0.399602 20.0 0.404659 21.0 0.409352 22.0 0.413699 23.0 0.417708 24.0 0.421393 25.0 0.424767 26.0 0.427846 27.0 0.430650 28.0 0.433201 29.0 0.435525 30.0 0.437654
0.117836  0.0 0.174790 1.0 0.198849 2.0 0.220502 3.0 0.240042 4.0 0.257725 5.0 0.273776 6.0 0.288393 7.0 0.301748 8.0 0.313990 9.0 0.325250 10.0 0.335633 11.0 0.345246 12.0 0.354164 13.0 0.362456 14.0 0.370182 15.0 0.377389 16.0 0.384115 17.0 0.390396 18.0 0.396255 19.0 0.401719 20.0 0.406801 21.0 0.411520 22.0 0.415889 23.0 0.419916 24.0 0.423622 25.0 0.427014 26.0 0.430109 27.0 0.432927 28.0 0.435491 29.0 0.437826 30.0 0.439964
0.124631  0.0 0.175743 1.0 0.199929 2.0 0.221697 3.0 0.241341 4.0 0.259116 5.0 0.275252 6.0 0.289945 7.0 0.303370 8.0 0.315676 9.0 0.326994 10.0 0.337431 11.0 0.347094 12.0 0.356059 13.0 0.364393 14.0 0.372160 15.0 0.379404 16.0 0.386164 17.0 0.392479 18.0 0.398369 19.0 0.403859 20.0 0.408969 21.0 0.413713 22.0 0.418103 23.0 0.422152 24.0 0.425875 25.0 0.429285 26.0 0.432397 27.0 0.435230 28.0 0.437806 29.0 0.440152 30.0 0.442301
0.131817  0.0 0.176708 1.0 0.201023 2.0 0.222906 3.0 0.242653 4.0 0.260522 5.0 0.276743 6.0 0.291514 7.0 0.305010 8.0 0.317381 9.0 0.328757 10.0 0.339249 11.0 0.348963 12.0 0.357974 13.0 0.366353 14.0 0.374160 15.0 0.381441 16.0 0.388239 17.0 0.394586 18.0 0.400507 19.0 0.406026 20.0 0.411162 21.0 0.415930 22.0 0.420342 23.0 0.424414 24.0 0.428154 25.0 0.431582 26.0 0.434710 27.0 0.437558 28.0 0.440147 29.0 0.442505 30.0 0.444665
0.139418  0.0 0.177683 1.0 0.202129 2.0 0.224129 3.0 0.243981 4.0 0.261945 5.0 0.278251 6.0 0.293101 7.0 0.306667 8.0 0.319104 9.0 0.330541 10.0 0.341088 11.0 0.350852 12.0 0.359911 13.0 0.368336 14.0 0.376182 15.0 0.383502 16.0 0.390336 17.0 0.396716 18.0 0.402669 19.0 0.408217 20.0 0.413380 21.0 0.418172 22.0 0.422606 23.0 0.426700 24.0 0.430460 25.0 0.433905 26.0 0.437050 27.0 0.439912 28.0 0.442514 29.0 0.444884 30.0 0.447058
0.147457  0.0 0.178669 1.0 0.203246 2.0 0.225365 3.0 0.245323 4.0 0.263383 5.0 0.279776 6.0 0.294704 7.0 0.308343 8.0 0.320847 9.0 0.332345 10.0 0.342948 11.0 0.352763 12.0 0.361870 13.0 0.370341 14.0 0.378229 15.0 0.385588 16.0 0.392458 17.0 0.398869 18.0 0.404855 19.0 0.410433 20.0 0.415622 21.0 0.420439 22.0 0.424898 23.0 0.429013 24.0 0.432794 25.0 0.436255 26.0 0.439415 27.0 0.442293 28.0 0.444909 29.0 0.447294 30.0 0.449478
0.155960  0.0 0.179666 1.0 0.204377 2.0 0.226615 3.0 0.246681 4.0 0.264838 5.0 0.281318 6.0 0.296326 7.0 0.310038 8.0 0.322609 9.0 0.334170 10.0 0.344829 11.0 0.354697 12.0 0.363853 13.0 0.372368 14.0 0.380299 15.0 0.387697 16.0 0.394603 17.0 0.401049 18.0 0.407066 19.0 0.412674 20.0 0.417890 21.0 0.422733 22.0 0.427217 23.0 0.431352 24.0 0.435154 25.0 0.438634 26.0 0.441810 27.0 0.444703 28.0 0.447334 29.0 0.449731 30.0 0.451926
0.164953  0.0 0.180674 1.0 0.205519 2.0 0.227879 3.0 0.248053 4.0 0.266309 5.0 0.282878 6.0 0.297968 7.0 0.311754 8.0 0.324390 9.0 0.336015 10.0 0.346731 11.0 0.356653 12.0 0.365858 13.0 0.374418 14.0 0.382393 15.0 0.389831 16.0 0.396773 17.0 0.403255 18.0 0.409302 19.0 0.414940 20.0 0.420185 21.0 0.425054 22.0 0.429562 23.0 0.433718 24.0 0.437541 25.0 0.441041 26.0 0.444234 27.0 0.447142 28.0 0.449787 29.0 0.452197 30.0 0.454402
0.174465  0.0 0.181693 1.0 0.206675 2.0 0.229156 3.0 0.249441 4.0 0.267796 5.0 0.284456 6.0 0.299628 7.0 0.313489 8.0 0.326194 9.0 0.337881 10.0 0.348654 11.0 0.358631 12.0 0.367887 13.0 0.376492 14.0 0.384510 15.0 0.391988 16.0 0.398968 17.0 0.405486 18.0 0.411565 19.0 0.417233 20.0 0.422506 21.0 0.427403 22.0 0.431935 23.0 0.436113 24.0 0.439956 25.0 0.443476 26.0 0.446687 27.0 0.449610 28.0 0.452269 29.0 0.454691 30.0 0.456908
0.184525  0.0 0.182724 1.0 0.207844 2.0 0.230449 3.0 0.250845 4.0 0.269301 5.0 0.286052 6.0 0.301307 7.0 0.315244 8.0 0.328019 9.0 0.339768 10.0 0.350600 11.0 0.360632 12.0 0.369938 13.0 0.378590 14.0 0.386652 15.0 0.394171 16.0 0.401189 17.0 0.407743 18.0 0.413857 19.0 0.419554 20.0 0.424857 21.0 0.429780 22.0 0.434336 23.0 0.438538 24.0 0.442400 25.0 0.445939 26.0 0.449168 27.0 0.452108 28.0 0.454781 29.0 0.457215 30.0 0.459444
0.195165  0.0 0.183767 1.0 0.209027 2.0 0.231757 3.0 0.252265 4.0 0.270822 5.0 0.287667 6.0 0.303005 7.0 0.317019 8.0 0.329864 9.0 0.341677 10.0 0.352569 11.0 0.362656 12.0 0.372014 13.0 0.380714 14.0 0.388819 15.0 0.396380 16.0 0.403438 17.0 0.410027 18.0 0.416175 19.0 0.421904 20.0 0.427235 21.0 0.432185 22.0 0.436765 23.0 0.440992 24.0 0.444873 25.0 0.448432 26.0 0.451679 27.0 0.454635 28.0 0.457323 29.0 0.459770 30.0 0.462013
0.206419  0.0 0.184822 1.0 0.210223 2.0 0.233080 3.0 0.253702 4.0 0.272362 5.0 0.289300 6.0 0.304723 7.0 0.318814 8.0 0.331731 9.0 0.343610 10.0 0.354563 11.0 0.364704 12.0 0.374113 13.0 0.382864 14.0 0.391013 15.0 0.398615 16.0 0.405713 17.0 0.412338 18.0 0.418521 19.0 0.424282 20.0 0.429643 21.0 0.434619 22.0 0.439223 23.0 0.443475 24.0 0.447379 25.0 0.450955 26.0 0.454221 27.0 0.457193 28.0 0.459895 29.0 0.462357 30.0 0.464613
0.218322  0.0 0.185890 1.0 0.211434 2.0 0.234419 3.0 0.255157 4.0 0.273921 5.0 0.290952 6.0 0.306461 7.0 0.320631 8.0 0.333620 9.0 0.345566 10.0 0.356579 11.0 0.366777 12.0 0.376238 13.0 0.385039 14.0 0.393234 15.0 0.400879 16.0 0.408016 17.0 0.414677 18.0 0.420894 19.0 0.426688 20.0 0.432079 21.0 0.437082 22.0 0.441714 23.0 0.445988 24.0 0.449915 25.0 0.453510 26.0 0.456793 27.0 0.459782 28.0 0.462499 29.0 0.464977 30.0 0.467246
0.230911  0.0 0.186970 1.0 0.212659 2.0 0.235773 3.0 0.256628 4.0 0.275497 5.0 0.292623 6.0 0.308220 7.0 0.322469 8.0 0.335532 9.0 0.347545 10.0 0.358620 11.0 0.368875 12.0 0.378390 13.0 0.387240 14.0 0.395482 15.0 0.403170 16.0 0.410347 17.0 0.417044 18.0 0.423297 19.0 0.429124 20.0 0.434544 21.0 0.439576 22.0 0.444235 23.0 0.448532 24.0 0.452482 25.0 0.456098 26.0 0.459398 27.0 0.462404 28.0 0.465138 29.0 0.467630 30.0 0.469910
0.244226  0.0 0.188063 1.0 0.213898 2.0 0.237144 3.0 0.258116 4.0 0.277093 5.0 0.294315 6.0 0.309999 7.0 0.324329 8.0 0.337466 9.0 0.349549 10.0 0.360685 11.0 0.370999 12.0 0.380569 13.0 0.389467 14.0 0.397757 15.0 0.405489 16.0 0.412706 17.0 0.419443 18.0 0.425729 19.0 0.431589 20.0 0.437041 21.0 0.442100 22.0 0.446787 23.0 0.451107 24.0 0.455081 25.0 0.458718 26.0 0.462038 27.0 0.465061 28.0 0.467811 29.0 0.470316 30.0 0.472609
0.258309  0.0 0.189169 1.0 0.215151 2.0 0.238530 3.0 0.259623 4.0 0.278707 5.0 0.296028 6.0 0.311801 7.0 0.326213 8.0 0.339424 9.0 0.351576 10.0 0.362776 11.0 0.373149 12.0 0.382773 13.0 0.391722 14.0 0.400060 15.0 0.407836 16.0 0.415094 17.0 0.421870 18.0 0.428192 19.0 0.434086 20.0 0.439568 21.0 0.444658 22.0 0.449371 23.0 0.453715 24.0 0.457713 25.0 0.461372 26.0 0.464711 27.0 0.467751 28.0 0.470517 29.0 0.473036 30.0 0.475342
0.273204  0.0 0.190288 1.0 0.216420 2.0 0.239933 3.0 0.261147 4.0 0.280340 5.0 0.297761 6.0 0.313625 7.0 0.328120 8.0 0.341406 9.0 0.353628 10.0 0.364891 11.0 0.375325 12.0 0.385005 13.0 0.394005 14.0 0.402391 15.0 0.410213 16.0 0.417512 17.0 0.424329 18.0 0.430686 19.0 0.436613 20.0 0.442127 21.0 0.447249 22.0 0.451989 23.0 0.456358 24.0 0.460378 25.0 0.464059 26.0 0.467417 27.0 0.470476 28.0 0.473257 29.0 0.475791 30.0 0.478109
0.288957  0.0 0.191420 1.0 0.217704 2.0 0.241353 3.0 0.262690 4.0 0.281994 5.0 0.299515 6.0 0.315471 7.0 0.330050 8.0 0.343413 9.0 0.355705 10.0 0.367033 11.0 0.377528 12.0 0.387265 13.0 0.396317 14.0 0.404752 15.0 0.412619 16.0 0.419960 17.0 0.426818 18.0 0.433213 19.0 0.439173 20.0 0.444721 21.0 0.449872 22.0 0.454639 23.0 0.459035 24.0 0.463077 25.0 0.466780 26.0 0.470159 27.0 0.473236 28.0 0.476033 29.0 0.478581 30.0 0.480913
0.305619  0.0 0.192566 1.0 0.219003 2.0 0.242790 3.0 0.264251 4.0 0.283667 5.0 0.301291 6.0 0.317340 7.0 0.332003 8.0 0.345445 9.0 0.357809 10.0 0.369202 11.0 0.379759 12.0 0.389553 13.0 0.398657 14.0 0.407143 15.0 0.415056 16.0 0.422441 17.0 0.429339 18.0 0.435772 19.0 0.441768 20.0 0.447348 21.0 0.452529 22.0 0.457324 23.0 0.461747 24.0 0.465812 25.0 0.469537 26.0 0.472937 27.0 0.476032 28.0 0.478846 29.0 0.481409 30.0 0.483755
0.323242  0.0 0.193726 1.0 0.220319 2.0 0.244245 3.0 0.265832 4.0 0.285362 5.0 0.303089 6.0 0.319232 7.0 0.333982 8.0 0.347503 9.0 0.359938 10.0 0.371398 11.0 0.382018 12.0 0.391870 13.0 0.401029 14.0 0.409564 15.0 0.417524 16.0 0.424954 17.0 0.431892 18.0 0.438365 19.0 0.444396 20.0 0.450009 21.0 0.455221 22.0 0.460044 23.0 0.464494 24.0 0.468583 25.0 0.472331 26.0 0.475751 27.0 0.478865 28.0 0.481696 29.0 0.484274 30.0 0.486636
0.341881  0.0 0.194900 1.0 0.221650 2.0 0.245718 3.0 0.267432 4.0 0.287077 5.0 0.304909 6.0 0.321148 7.0 0.335985 8.0 0.349586 9.0 0.362095 10.0 0.373623 11.0 0.384306 12.0 0.394216 13.0 0.403432 14.0 0.412016 15.0 0.420024 16.0 0.427500 17.0 0.434479 18.0 0.440991 19.0 0.447059 20.0 0.452706 21.0 0.457949 22.0 0.462800 23.0 0.467278 24.0 0.471391 25.0 0.475162 26.0 0.478603 27.0 0.481736 28.0 0.484584 29.0 0.487178 30.0 0.489556
0.361595  0.0 0.196089 1.0 0.222999 2.0 0.247210 3.0 0.269052 4.0 0.288814 5.0 0.306752 6.0 0.323088 7.0 0.338013 8.0 0.351696 9.0 0.364279 10.0 0.375877 11.0 0.386623 12.0 0.396593 13.0 0.405865 14.0 0.414501 15.0 0.422557 16.0 0.430079 17.0 0.437100 18.0 0.443652 19.0 0.449757 20.0 0.455438 21.0 0.460713 22.0 0.465593 23.0 0.470100 24.0 0.474238 25.0 0.478031 26.0 0.481493 27.0 0.484646 28.0 0.487512 29.0 0.490121 30.0 0.492515
0.382446  0.0 0.197293 1.0 0.224364 2.0 0.248720 3.0 0.270693 4.0 0.290573 5.0 0.308619 6.0 0.325052 7.0 0.340067 8.0 0.353833 9.0 0.366493 10.0 0.378160 11.0 0.388971 12.0 0.399001 13.0 0.408330 14.0 0.417019 15.0 0.425125 16.0 0.432693 17.0 0.439756 18.0 0.446348 19.0 0.452491 20.0 0.458207 21.0 0.463514 22.0 0.468424 23.0 0.472959 24.0 0.477124 25.0 0.480939 26.0 0.484424 27.0 0.487595 28.0 0.490480 29.0 0.493107 30.0 0.495515
0.404499  0.0 0.198512 1.0 0.225747 2.0 0.250250 3.0 0.272355 4.0 0.292355 5.0 0.310509 6.0 0.327042 7.0 0.342148 8.0 0.355997 9.0 0.368735 10.0 0.380473 11.0 0.391349 12.0 0.401441 13.0 0.410828 14.0 0.419571 15.0 0.427727 16.0 0.435341 17.0 0.442448 18.0 0.449081 19.0 0.455262 20.0 0.461013 21.0 0.466354 22.0 0.471295 23.0 0.475858 24.0 0.480049 25.0 0.483888 26.0 0.487394 27.0 0.490586 28.0 0.493489 29.0 0.496134 30.0 0.498558
0.427823  0.0 0.199747 1.0 0.227147 2.0 0.251799 3.0 0.274038 4.0 0.294160 5.0 0.312424 6.0 0.329058 7.0 0.344256 8.0 0.358191 9.0 0.371007 10.0 0.382816 11.0 0.393759 12.0 0.403914 13.0 0.413360 14.0 0.422157 15.0 0.430364 16.0 0.438026 17.0 0.445176 18.0 0.451851 19.0 0.458071 20.0 0.463859 21.0 0.469232 22.0 0.474206 23.0 0.478797 24.0 0.483016 25.0 0.486878 26.0 0.490407 27.0 0.493620 28.0 0.496541 29.0 0.499204 30.0 0.501643
0.452493  0.0 0.200997 1.0 0.228565 2.0 0.253367 3.0 0.275743 4.0 0.295988 5.0 0.314363 6.0 0.331100 7.0 0.346392 8.0 0.360413 9.0 0.373309 10.0 0.385191 11.0 0.396202 12.0 0.406421 13.0 0.415926 14.0 0.424778 15.0 0.433037 16.0 0.440747 17.0 0.447942 18.0 0.454660 19.0 0.460920 20.0 0.466744 21.0 0.472151 22.0 0.477157 23.0 0.481778 24.0 0.486024 25.0 0.489912 26.0 0.493462 27.0 0.496696 28.0 0.499637 29.0 0.502318 30.0 0.504773
0.478584  0.0 0.202263 1.0 0.230001 2.0 0.254956 3.0 0.277470 4.0 0.297839 5.0 0.316329 6.0 0.333169 7.0 0.348556 8.0 0.362665 9.0 0.375642 10.0 0.387597 11.0 0.398678 12.0 0.408961 13.0 0.418527 14.0 0.427436 15.0 0.435747 16.0 0.443506 17.0 0.450747 18.0 0.457508 19.0 0.463808 20.0 0.469669 21.0 0.475112 22.0 0.480151 23.0 0.484801 24.0 0.489075 25.0 0.492988 26.0 0.496562 27.0 0.499817 28.0 0.502778 29.0 0.505477 30.0 0.507948
0.506181  0.0 0.203546 1.0 0.231456 2.0 0.256566 3.0 0.279219 4.0 0.299716 5.0 0.318320 6.0 0.335265 7.0 0.350749 8.0 0.364947 9.0 0.378006 10.0 0.390037 11.0 0.401188 12.0 0.411537 13.0 0.421164 14.0 0.430130 15.0 0.438495 16.0 0.446304 17.0 0.453591 18.0 0.460396 19.0 0.466737 20.0 0.472637 21.0 0.478115 22.0 0.483187 23.0 0.487868 24.0 0.492170 25.0 0.496110 26.0 0.499707 27.0 0.502984 28.0 0.505965 29.0 0.508683 30.0 0.511170
0.535369  0.0 0.204845 1.0 0.232929 2.0 0.258197 3.0 0.280992 4.0 0.301617 5.0 0.320338 6.0 0.337390 7.0 0.352972 8.0 0.367260 9.0 0.380403 10.0 0.392509 11.0 0.403733 12.0 0.414149 13.0 0.423838 14.0 0.432862 15.0 0.441281 16.0 0.449142 17.0 0.456477 18.0 0.463326 19.0 0.469709 20.0 0.475647 21.0 0.481162 22.0 0.486268 23.0 0.490979 24.0 0.495311 25.0 0.499277 26.0 0.502898 27.0 0.506198 28.0 0.509200 29.0 0.511936 30.0 0.514441
0.566240  0.0 0.206162 1.0 0.234422 2.0 0.259849 3.0 0.282788 4.0 0.303544 5.0 0.322383 6.0 0.339544 7.0 0.355226 8.0 0.369606 9.0 0.382834 10.0 0.395017 11.0 0.406313 12.0 0.416797 13.0 0.426549 14.0 0.435633 15.0 0.444108 16.0 0.452020 17.0 0.459404 18.0 0.466298 19.0 0.472724 20.0 0.478702 21.0 0.484253 22.0 0.489394 23.0 0.494137 24.0 0.498498 25.0 0.502492 26.0 0.506138 27.0 0.509460 28.0 0.512483 29.0 0.515238 30.0 0.517760
0.598891  0.0 0.207495 1.0 0.235935 2.0 0.261524 3.0 0.284609 4.0 0.305496 5.0 0.324456 6.0 0.341728 7.0 0.357511 8.0 0.371983 9.0 0.385298 10.0 0.397559 11.0 0.408930 12.0 0.419483 13.0 0.429300 14.0 0.438444 15.0 0.446975 16.0 0.454940 17.0 0.462374 18.0 0.469315 19.0 0.475783 20.0 0.481802 21.0 0.487391 22.0 0.492567 23.0 0.497342 24.0 0.501734 25.0 0.505755 26.0 0.509426 27.0 0.512771 28.0 0.515816 29.0 0.518591 30.0 0.521131
0.633424  0.0 0.208847 1.0 0.237469 2.0 0.263221 3.0 0.286454 4.0 0.307476 5.0 0.326558 6.0 0.343941 7.0 0.359827 8.0 0.374395 9.0 0.387797 10.0 0.400138 11.0 0.411584 12.0 0.422208 13.0 0.432090 14.0 0.441296 15.0 0.449885 16.0 0.457904 17.0 0.465387 18.0 0.472376 19.0 0.478888 20.0 0.484948 21.0 0.490576 22.0 0.495787 23.0 0.500596 24.0 0.505018 25.0 0.509068 26.0 0.512765 27.0 0.516135 28.0 0.519201 29.0 0.521995 30.0 0.524554
0.669949  0.0 0.210216 1.0 0.239023 2.0 0.264941 3.0 0.288324 4.0 0.309482 5.0 0.328689 6.0 0.346186 7.0 0.362177 8.0 0.376841 9.0 0.390332 10.0 0.402754 11.0 0.414277 12.0 0.424972 13.0 0.434922 14.0 0.444190 15.0 0.452837 16.0 0.460911 17.0 0.468446 18.0 0.475483 19.0 0.482040 20.0 0.488142 21.0 0.493809 22.0 0.499057 23.0 0.503901 24.0 0.508354 25.0 0.512432 26.0 0.516157 27.0 0.519550 28.0 0.522638 29.0 0.525454 30.0 0.528032
0.708581  0.0 0.211604 1.0 0.240598 2.0 0.266684 3.0 0.290220 4.0 0.311517 5.0 0.330850 6.0 0.348463 7.0 0.364560 8.0 0.379322 9.0 0.392903 10.0 0.405408 11.0 0.417009 12.0 0.427777 13.0 0.437795 14.0 0.447127 15.0 0.455834 16.0 0.463964 17.0 0.471551 18.0 0.478637 19.0 0.485241 20.0 0.491386 21.0 0.497093 22.0 0.502378 23.0 0.507257 24.0 0.511742 25.0 0.515849 26.0 0.519602 27.0 0.523021 28.0 0.526130 29.0 0.528967 30.0 0.531565
0.749439  0.0 0.213012 1.0 0.242194 2.0 0.268452 3.0 0.292143 4.0 0.313580 5.0 0.333042 6.0 0.350772 7.0 0.366977 8.0 0.381838 9.0 0.395512 10.0 0.408101 11.0 0.419781 12.0 0.430624 13.0 0.440712 14.0 0.450108 15.0 0.458876 16.0 0.467064 17.0 0.474705 18.0 0.481841 19.0 0.488491 20.0 0.494680 21.0 0.500429 22.0 0.505751 23.0 0.510666 24.0 0.515183 25.0 0.519320 26.0 0.523102 27.0 0.526547 28.0 0.529680 29.0 0.532537 30.0 0.535155
0.792654  0.0 0.214438 1.0 0.243813 2.0 0.270245 3.0 0.294093 4.0 0.315673 5.0 0.335265 6.0 0.353115 7.0 0.369429 8.0 0.384392 9.0 0.398160 10.0 0.410834 11.0 0.422595 12.0 0.433514 13.0 0.443673 14.0 0.453135 15.0 0.461966 16.0 0.470211 17.0 0.477908 18.0 0.485095 19.0 0.491793 20.0 0.498026 21.0 0.503817 22.0 0.509178 23.0 0.514130 24.0 0.518680 25.0 0.522849 26.0 0.526660 27.0 0.530130 28.0 0.533288 29.0 0.536166 30.0 0.538804
0.838361  0.0 0.215884 1.0 0.245454 2.0 0.272062 3.0 0.296070 4.0 0.317795 5.0 0.337520 6.0 0.355492 7.0 0.371918 8.0 0.386984 9.0 0.400847 10.0 0.413608 11.0 0.425453 12.0 0.436448 13.0 0.446679 14.0 0.456209 15.0 0.465103 16.0 0.473408 17.0 0.481161 18.0 0.488400 19.0 0.495147 20.0 0.501426 21.0 0.507261 22.0 0.512660 23.0 0.517650 24.0 0.522234 25.0 0.526436 26.0 0.530276 27.0 0.533774 28.0 0.536956 29.0 0.539855 30.0 0.542515
0.886703  0.0 0.217350 1.0 0.247119 2.0 0.273905 3.0 0.298075 4.0 0.319948 5.0 0.339808 6.0 0.357904 7.0 0.374444 8.0 0.389615 9.0 0.403574 10.0 0.416424 11.0 0.428354 12.0 0.439428 13.0 0.449732 14.0 0.459331 15.0 0.468289 16.0 0.476656 17.0 0.484467 18.0 0.491758 19.0 0.498555 20.0 0.504882 21.0 0.510760 22.0 0.516201 23.0 0.521228 24.0 0.525847 25.0 0.530083 26.0 0.533953 27.0 0.537479 28.0 0.540686 29.0 0.543609 30.0 0.546289
0.937833  0.0 0.218837 1.0 0.248806 2.0 0.275775 3.0 0.300110 4.0 0.322133 5.0 0.342130 6.0 0.360351 7.0 0.377008 8.0 0.392286 9.0 0.406344 10.0 0.419284 11.0 0.431301 12.0 0.442455 13.0 0.452833 14.0 0.462502 15.0 0.471527 16.0 0.479956 17.0 0.487826 18.0 0.495172 19.0 0.502019 20.0 0.508394 21.0 0.514318 22.0 0.519801 23.0 0.524867 24.0 0.529521 25.0 0.533792 26.0 0.537693 27.0 0.541247 28.0 0.544481 29.0 0.547427 30.0 0.550128
0.991911  0.0 0.220346 1.0 0.250519 2.0 0.277672 3.0 0.302174 4.0 0.324349 5.0 0.344487 6.0 0.362836 7.0 0.379610 8.0 0.394997 9.0 0.409156 10.0 0.422188 11.0 0.434293 12.0 0.445530 13.0 0.455984 14.0 0.465727 15.0 0.474819 16.0 0.483310 17.0 0.491240 18.0 0.498642 19.0 0.505541 20.0 0.511965 21.0 0.517936 22.0 0.523463 23.0 0.528567 24.0 0.533260 25.0 0.537565 26.0 0.541497 27.0 0.545080 28.0 0.548341 29.0 0.551313 30.0 0.554034
1.049107  0.0 0.221876 1.0 0.252256 2.0 0.279596 3.0 0.304270 4.0 0.326600 5.0 0.346879 6.0 0.365359 7.0 0.382253 8.0 0.397751 9.0 0.412014 10.0 0.425138 11.0 0.437334 12.0 0.448655 13.0 0.459186 14.0 0.469004 15.0 0.478165 16.0 0.486719 17.0 0.494712 18.0 0.502169 19.0 0.509123 20.0 0.515597 21.0 0.521615 22.0 0.527188 23.0 0.532332 24.0 0.537064 25.0 0.541404 26.0 0.545368 27.0 0.548981 28.0 0.552270 29.0 0.555268 30.0 0.558013
1.109601  0.0 0.223428 1.0 0.254019 2.0 0.281550 3.0 0.306397 4.0 0.328884 5.0 0.349308 6.0 0.367920 7.0 0.384937 8.0 0.400548 9.0 0.414917 10.0 0.428135 11.0 0.440424 12.0 0.451830 13.0 0.462440 14.0 0.472335 15.0 0.481567 16.0 0.490186 17.0 0.498242 18.0 0.505757 19.0 0.512765 20.0 0.519291 21.0 0.525359 22.0 0.530978 23.0 0.536162 24.0 0.540936 25.0 0.545311 26.0 0.549308 27.0 0.552952 28.0 0.556270 29.0 0.559295 30.0 0.562065
1.173584  0.0 0.225004 1.0 0.255807 2.0 0.283532 3.0 0.308556 4.0 0.331204 5.0 0.351774 6.0 0.370521 7.0 0.387663 8.0 0.403390 9.0 0.417868 10.0 0.431183 11.0 0.443564 12.0 0.455058 13.0 0.465751 14.0 0.475722 15.0 0.485027 16.0 0.493715 17.0 0.501833 18.0 0.509407 19.0 0.516474 20.0 0.523052 21.0 0.529168 22.0 0.534835 23.0 0.540062 24.0 0.544877 25.0 0.549289 26.0 0.553320 27.0 0.556995 28.0 0.560343 29.0 0.563395 30.0 0.566191
1.241256  0.0 0.226602 1.0 0.257623 2.0 0.285545 3.0 0.310747 4.0 0.333559 5.0 0.354278 6.0 0.373164 7.0 0.390433 8.0 0.406277 9.0 0.420866 10.0 0.434281 11.0 0.446756 12.0 0.458339 13.0 0.469118 14.0 0.479167 15.0 0.488546 16.0 0.497304 17.0 0.505486 18.0 0.513124 19.0 0.520249 20.0 0.526881 21.0 0.533045 22.0 0.538761 23.0 0.544035 24.0 0.548890 25.0 0.553339 26.0 0.557405 27.0 0.561113 28.0 0.564491 29.0 0.567572 30.0 0.570395
1.312831  0.0 0.228224 1.0 0.259465 2.0 0.287588 3.0 0.312973 4.0 0.335951 5.0 0.356822 6.0 0.375848 7.0 0.393247 8.0 0.409212 9.0 0.423913 10.0 0.437430 11.0 0.450002 12.0 0.461677 13.0 0.472542 14.0 0.482671 15.0 0.492126 16.0 0.500957 17.0 0.509204 18.0 0.516908 19.0 0.524091 20.0 0.530780 21.0 0.536997 22.0 0.542759 23.0 0.548081 24.0 0.552977 25.0 0.557464 26.0 0.561569 27.0 0.565312 28.0 0.568719 29.0 0.571828 30.0 0.574680
1.388532  0.0 0.229870 1.0 0.261336 2.0 0.289662 3.0 0.315233 4.0 0.338380 5.0 0.359406 6.0 0.378575 7.0 0.396107 8.0 0.412197 9.0 0.427012 10.0 0.440632 11.0 0.453302 12.0 0.465071 13.0 0.476026 14.0 0.486236 15.0 0.495769 16.0 0.504674 17.0 0.512990 18.0 0.520760 19.0 0.528004 20.0 0.534750 21.0 0.541023 22.0 0.546832 23.0 0.552204 24.0 0.557141 25.0 0.561672 26.0 0.565816 27.0 0.569593 28.0 0.573033 29.0 0.576170 30.0 0.579047
1.468599  0.0 0.231540 1.0 0.263235 2.0 0.291769 3.0 0.317528 4.0 0.340848 5.0 0.362032 6.0 0.381349 7.0 0.399016 8.0 0.415232 9.0 0.430162 10.0 0.443888 11.0 0.456661 12.0 0.468525 13.0 0.479571 14.0 0.489865 15.0 0.499477 16.0 0.508459 17.0 0.516848 18.0 0.524683 19.0 0.531989 20.0 0.538794 21.0 0.545124 22.0 0.550986 23.0 0.556404 24.0 0.561387 25.0 0.565963 26.0 0.570145 27.0 0.573958 28.0 0.577432 29.0 0.580601 30.0 0.583503
1.553282  0.0 0.233237 1.0 0.265163 2.0 0.293908 3.0 0.319859 4.0 0.343355 5.0 0.364703 6.0 0.384169 7.0 0.401975 8.0 0.418318 9.0 0.433367 10.0 0.447201 11.0 0.460081 12.0 0.472043 13.0 0.483179 14.0 0.493561 15.0 0.503256 16.0 0.512313 17.0 0.520777 18.0 0.528679 19.0 0.536049 20.0 0.542914 21.0 0.549303 22.0 0.555221 23.0 0.560686 24.0 0.565720 25.0 0.570338 26.0 0.574559 27.0 0.578410 28.0 0.581919 29.0 0.585121 30.0 0.588054
1.642849  0.0 0.234959 1.0 0.267121 2.0 0.296081 3.0 0.322228 4.0 0.345904 5.0 0.367418 6.0 0.387036 7.0 0.404984 8.0 0.421458 9.0 0.436629 10.0 0.450572 11.0 0.463561 12.0 0.475625 13.0 0.486852 14.0 0.497328 15.0 0.507106 16.0 0.516240 17.0 0.524780 18.0 0.532750 19.0 0.540188 20.0 0.547116 21.0 0.553563 22.0 0.559539 23.0 0.565054 24.0 0.570139 25.0 0.574800 26.0 0.579062 27.0 0.582951 28.0 0.586497 29.0 0.589733 30.0 0.592700
1.737580  0.0 0.236709 1.0 0.269110 2.0 0.298288 3.0 0.324637 4.0 0.348496 5.0 0.370178 6.0 0.389952 7.0 0.408044 8.0 0.424652 9.0 0.439950 10.0 0.454006 11.0 0.467105 12.0 0.479272 13.0 0.490597 14.0 0.501164 15.0 0.511029 16.0 0.520246 17.0 0.528860 18.0 0.536905 19.0 0.544413 20.0 0.551405 21.0 0.557910 22.0 0.563943 23.0 0.569516 24.0 0.574648 25.0 0.579353 26.0 0.583660 27.0 0.587591 28.0 0.591172 29.0 0.594442 30.0 0.597443
1.837774  0.0 0.238487 1.0 0.271132 2.0 0.300533 3.0 0.327086 4.0 0.351131 5.0 0.372984 6.0 0.392918 7.0 0.411157 8.0 0.427902 9.0 0.443331 10.0 0.457503 11.0 0.470712 12.0 0.482986 13.0 0.494414 14.0 0.505073 15.0 0.515026 16.0 0.524329 17.0 0.533019 18.0 0.541143 19.0 0.548721 20.0 0.555780 21.0 0.562350 22.0 0.568437 23.0 0.574069 24.0 0.579249 25.0 0.584007 26.0 0.588361 27.0 0.592333 28.0 0.595953 29.0 0.599257 30.0 0.602287
1.943745  0.0 0.240293 1.0 0.273187 2.0 0.302815 3.0 0.329575 4.0 0.353811 5.0 0.375838 6.0 0.395935 7.0 0.414325 8.0 0.431213 9.0 0.446773 10.0 0.461064 11.0 0.474387 12.0 0.486769 13.0 0.498302 14.0 0.509056 15.0 0.519101 16.0 0.528492 17.0 0.537267 18.0 0.545466 19.0 0.553115 20.0 0.560243 21.0 0.566880 22.0 0.573031 23.0 0.578717 24.0 0.583953 25.0 0.588762 26.0 0.593161 27.0 0.597176 28.0 0.600838 29.0 0.604181 30.0 0.607246
2.055827  0.0 0.242127 1.0 0.275274 2.0 0.305134 3.0 0.332106 4.0 0.356537 5.0 0.378743 6.0 0.399007 7.0 0.417553 8.0 0.434586 9.0 0.450278 10.0 0.464690 11.0 0.478135 12.0 0.490629 13.0 0.502265 14.0 0.513120 15.0 0.523261 16.0 0.532738 17.0 0.541601 18.0 0.549877 19.0 0.557600 20.0 0.564799 21.0 0.571505 22.0 0.577723 23.0 0.583464 24.0 0.588762 25.0 0.593620 26.0 0.598066 27.0 0.602126 28.0 0.605830 29.0 0.609214 30.0 0.612319
2.174371  0.0 0.243991 1.0 0.277396 2.0 0.307492 3.0 0.334680 4.0 0.359309 5.0 0.381701 6.0 0.402136 7.0 0.420840 8.0 0.438020 9.0 0.453851 10.0 0.468385 11.0 0.481956 12.0 0.494565 13.0 0.506307 14.0 0.517269 15.0 0.527507 16.0 0.537076 17.0 0.546024 18.0 0.554382 19.0 0.562188 20.0 0.569461 21.0 0.576232 22.0 0.582516 23.0 0.588324 24.0 0.593675 25.0 0.598585 26.0 0.603086 27.0 0.607194 28.0 0.610941 29.0 0.614362 30.0 0.617507
2.299752  0.0 0.245886 1.0 0.279552 2.0 0.309889 3.0 0.337298 4.0 0.362131 5.0 0.384712 6.0 0.405321 7.0 0.424188 8.0 0.441518 9.0 0.457494 10.0 0.472157 11.0 0.485851 12.0 0.498579 13.0 0.510436 14.0 0.521502 15.0 0.531839 16.0 0.541506 17.0 0.550539 18.0 0.558989 19.0 0.566873 20.0 0.574223 21.0 0.581069 22.0 0.587416 23.0 0.593292 24.0 0.598699 25.0 0.603674 26.0 0.608226 27.0 0.612383 28.0 0.616177 29.0 0.619643 30.0 0.622823
2.432362  0.0 0.247813 1.0 0.281747 2.0 0.312328 3.0 0.339965 4.0 0.365005 5.0 0.387777 6.0 0.408564 7.0 0.427597 8.0 0.445084 9.0 0.461208 10.0 0.476002 11.0 0.489822 12.0 0.502673 13.0 0.514649 14.0 0.525820 15.0 0.536262 16.0 0.546028 17.0 0.555160 18.0 0.563694 19.0 0.571661 20.0 0.579089 21.0 0.586014 22.0 0.592436 23.0 0.598372 24.0 0.603850 25.0 0.608880 26.0 0.613485 27.0 0.617693 28.0 0.621536 29.0 0.625049 30.0 0.628274
2.572619  0.0 0.249772 1.0 0.283979 2.0 0.314811 3.0 0.342678 4.0 0.367930 5.0 0.390897 6.0 0.411868 7.0 0.431074 8.0 0.448723 9.0 0.464994 10.0 0.479923 11.0 0.493879 12.0 0.506856 13.0 0.518948 14.0 0.530236 15.0 0.540786 16.0 0.550649 17.0 0.559881 18.0 0.568502 19.0 0.576560 20.0 0.584072 21.0 0.591070 22.0 0.597570 23.0 0.603580 24.0 0.609121 25.0 0.614208 26.0 0.618876 27.0 0.623140 28.0 0.627032 29.0 0.630589 30.0 0.633859
2.720963  0.0 0.251764 1.0 0.286248 2.0 0.317337 3.0 0.345439 4.0 0.370909 5.0 0.394079 6.0 0.415239 7.0 0.434620 8.0 0.452433 9.0 0.468858 10.0 0.483923 11.0 0.498021 12.0 0.511128 13.0 0.523342 14.0 0.534749 15.0 0.545409 16.0 0.555381 17.0 0.564705 18.0 0.573431 19.0 0.581577 20.0 0.589174 21.0 0.596257 22.0 0.602828 23.0 0.608914 24.0 0.614520 25.0 0.619681 26.0 0.624407 27.0 0.628727 28.0 0.632673 29.0 0.636282 30.0 0.639597
2.877861  0.0 0.253790 1.0 0.288557 2.0 0.319907 3.0 0.348250 4.0 0.373942 5.0 0.397321 6.0 0.418674 7.0 0.438236 8.0 0.456216 9.0 0.472804 10.0 0.488013 11.0 0.502248 12.0 0.515489 13.0 0.527835 14.0 0.539359 15.0 0.550134 16.0 0.560218 17.0 0.569650 18.0 0.578471 19.0 0.586709 20.0 0.594395 21.0 0.601566 22.0 0.608223 23.0 0.614378 24.0 0.620065 25.0 0.625288 26.0 0.630074 27.0 0.634454 28.0 0.638456 29.0 0.642120 30.0 0.645489
3.043807  0.0 0.255852 1.0 0.290908 2.0 0.322525 3.0 0.351116 4.0 0.377037 5.0 0.400625 6.0 0.422176 7.0 0.441922 8.0 0.460080 9.0 0.476831 10.0 0.492187 11.0 0.506568 12.0 0.519949 13.0 0.532425 14.0 0.544077 15.0 0.554974 16.0 0.565167 17.0 0.574711 18.0 0.583631 19.0 0.591972 20.0 0.599753 21.0 0.607010 22.0 0.613750 23.0 0.619993 24.0 0.625748 25.0 0.631045 26.0 0.635904 27.0 0.640348 28.0 0.644410 29.0 0.648127 30.0 0.651543
3.219321  0.0 0.257950 1.0 0.293302 2.0 0.325192 3.0 0.354035 4.0 0.380189 5.0 0.403993 6.0 0.425750 7.0 0.445689 8.0 0.464026 9.0 0.480944 10.0 0.496449 11.0 0.510987 12.0 0.524512 13.0 0.537124 14.0 0.548908 15.0 0.559928 16.0 0.570242 17.0 0.579892 18.0 0.588928 19.0 0.597368 20.0 0.605245 21.0 0.612599 22.0 0.619428 23.0 0.625750 24.0 0.631591 25.0 0.636963 26.0 0.641889 27.0 0.646397 28.0 0.650523 29.0 0.654302 30.0 0.657778
3.404956  0.0 0.260085 1.0 0.295738 2.0 0.327907 3.0 0.357008 4.0 0.383401 5.0 0.407433 6.0 0.429399 7.0 0.449534 8.0 0.468054 9.0 0.485151 10.0 0.500812 11.0 0.515503 12.0 0.529177 13.0 0.541934 14.0 0.553849 15.0 0.564998 16.0 0.575437 17.0 0.585211 18.0 0.594352 19.0 0.602900 20.0 0.610881 21.0 0.618330 22.0 0.625258 23.0 0.631672 24.0 0.637593 25.0 0.643042 26.0 0.648048 27.0 0.652631 28.0 0.656822 29.0 0.660661 30.0 0.664192
3.601296  0.0 0.262257 1.0 0.298217 2.0 0.330672 3.0 0.360040 4.0 0.386681 5.0 0.410941 6.0 0.433121 7.0 0.453458 8.0 0.472173 9.0 0.489449 10.0 0.505272 11.0 0.520126 12.0 0.533956 13.0 0.546855 14.0 0.558919 15.0 0.570203 16.0 0.580769 17.0 0.590661 18.0 0.599926 19.0 0.608587 20.0 0.616675 21.0 0.624230 22.0 0.631251 23.0 0.637757 24.0 0.643770 25.0 0.649307 26.0 0.654387 27.0 0.659041 28.0 0.663304 29.0 0.667213 30.0 0.670813
3.808956  0.0 0.264471 1.0 0.300746 2.0 0.333493 3.0 0.363133 4.0 0.390026 5.0 0.414519 6.0 0.436924 7.0 0.457473 8.0 0.476384 9.0 0.493846 10.0 0.509833 11.0 0.524859 12.0 0.538850 13.0 0.551907 14.0 0.564111 15.0 0.575535 16.0 0.586238 17.0 0.596263 18.0 0.605647 19.0 0.614422 20.0 0.622624 21.0 0.630287 22.0 0.637418 23.0 0.644025 24.0 0.650129 25.0 0.655752 26.0 0.660923 27.0 0.665660 28.0 0.669998 29.0 0.673977 30.0 0.677641
4.028591  0.0 0.266725 1.0 0.303321 2.0 0.336368 3.0 0.366286 4.0 0.393437 5.0 0.418178 6.0 0.440811 7.0 0.461574 8.0 0.480686 9.0 0.498348 10.0 0.514508 11.0 0.529703 12.0 0.543863 13.0 0.557080 14.0 0.569441 15.0 0.581014 16.0 0.591854 17.0 0.602012 18.0 0.611530 19.0 0.620433 20.0 0.628752 21.0 0.636533 22.0 0.643768 23.0 0.650477 24.0 0.656686 25.0 0.662406 26.0 0.667659 27.0 0.672480 28.0 0.676899 29.0 0.680954 30.0 0.684697
4.260891  0.0 0.269019 1.0 0.305945 2.0 0.339298 3.0 0.369504 4.0 0.396923 5.0 0.421912 6.0 0.444780 7.0 0.465767 8.0 0.485097 9.0 0.502951 10.0 0.519289 11.0 0.534675 12.0 0.549008 13.0 0.562392 14.0 0.574911 15.0 0.586635 16.0 0.597627 17.0 0.607930 18.0 0.617579 19.0 0.626611 20.0 0.635057 21.0 0.642958 22.0 0.650313 23.0 0.657139 24.0 0.663446 25.0 0.669271 26.0 0.674626 27.0 0.679539 28.0 0.684044 29.0 0.688183 30.0 0.692001
4.506586  0.0 0.271360 1.0 0.308621 2.0 0.342290 3.0 0.372789 4.0 0.400482 5.0 0.425728 6.0 0.448844 7.0 0.470062 8.0 0.489606 9.0 0.507676 10.0 0.524198 11.0 0.539766 12.0 0.554282 13.0 0.567842 14.0 0.580531 15.0 0.592420 16.0 0.603564 17.0 0.614012 18.0 0.623812 19.0 0.632983 20.0 0.641560 21.0 0.649593 22.0 0.657071 23.0 0.664008 24.0 0.670439 25.0 0.676363 26.0 0.681822 27.0 0.686835 28.0 0.691435 29.0 0.695661 30.0 0.699561
4.766448  0.0 0.273744 1.0 0.311350 2.0 0.345341 3.0 0.376141 4.0 0.404117 5.0 0.429632 6.0 0.452998 7.0 0.474453 8.0 0.494229 9.0 0.512512 10.0 0.529225 11.0 0.544999 12.0 0.559704 13.0 0.573446 14.0 0.586309 15.0 0.598364 16.0 0.609674 17.0 0.620286 18.0 0.630227 19.0 0.639550 20.0 0.648270 21.0 0.656439 22.0 0.664045 23.0 0.671118 24.0 0.677664 25.0 0.683711 26.0 0.689274 27.0 0.694387 28.0 0.699088 29.0 0.703410 30.0 0.707407
5.041295  0.0 0.276174 1.0 0.314131 2.0 0.348454 3.0 0.379568 4.0 0.407836 5.0 0.433620 6.0 0.457251 7.0 0.478957 8.0 0.498966 9.0 0.517478 10.0 0.534390 11.0 0.550364 12.0 0.565270 13.0 0.579204 14.0 0.592256 15.0 0.604493 16.0 0.615974 17.0 0.626746 18.0 0.636858 19.0 0.646328 20.0 0.655194 21.0 0.663511 22.0 0.671267 23.0 0.678473 24.0 0.685145 25.0 0.691319 26.0 0.697006 27.0 0.702235 28.0 0.707043 29.0 0.711470 30.0 0.715566
5.331990  0.0 0.278653 1.0 0.316973 2.0 0.351636 3.0 0.383068 4.0 0.411634 5.0 0.437708 6.0 0.461606 7.0 0.483566 8.0 0.503824 9.0 0.522568 10.0 0.539687 11.0 0.555886 12.0 0.570999 13.0 0.585136 14.0 0.598376 15.0 0.610801 16.0 0.622464 17.0 0.633420 18.0 0.643699 19.0 0.653340 20.0 0.662368 21.0 0.670842 22.0 0.678745 23.0 0.686091 24.0 0.692911 25.0 0.699210 26.0 0.705031 27.0 0.710385 28.0 0.715311 29.0 0.719851 30.0 0.724053
5.639448  0.0 0.281180 1.0 0.319870 2.0 0.354882 3.0 0.386645 4.0 0.415523 5.0 0.441886 6.0 0.466067 7.0 0.488298 8.0 0.508809 9.0 0.527802 10.0 0.545138 11.0 0.561557 12.0 0.576893 13.0 0.591238 14.0 0.604693 15.0 0.617315 16.0 0.629174 17.0 0.640315 18.0 0.650771 19.0 0.660590 20.0 0.669791 21.0 0.678433 22.0 0.686496 23.0 0.694000 24.0 0.700974 25.0 0.707418 26.0 0.713374 27.0 0.718864 28.0 0.723919 29.0 0.728582 30.0 0.732902
5.964634  0.0 0.283760 1.0 0.322829 2.0 0.358202 3.0 0.390304 4.0 0.419500 5.0 0.446171 6.0 0.470641 7.0 0.493147 8.0 0.513929 9.0 0.533175 10.0 0.550737 11.0 0.567401 12.0 0.582963 13.0 0.597538 14.0 0.611205 15.0 0.624043 16.0 0.636106 17.0 0.647443 18.0 0.658101 19.0 0.668099 20.0 0.677486 21.0 0.686309 22.0 0.694545 23.0 0.702227 24.0 0.709359 25.0 0.715965 26.0 0.722066 27.0 0.727704 28.0 0.732899 29.0 0.737697 30.0 0.742146
6.308571  0.0 0.286392 1.0 0.325851 2.0 0.361593 3.0 0.394046 4.0 0.423576 5.0 0.450557 6.0 0.475333 7.0 0.498132 8.0 0.519187 9.0 0.538708 10.0 0.556506 11.0 0.573419 12.0 0.589228 13.0 0.604037 14.0 0.617931 15.0 0.630994 16.0 0.643276 17.0 0.654828 18.0 0.665697 19.0 0.675900 20.0 0.685476 21.0 0.694494 22.0 0.702926 23.0 0.710791 24.0 0.718097 25.0 0.724877 26.0 0.731139 27.0 0.736938 28.0 0.742287 29.0 0.747232 30.0 0.751824
6.672341  0.0 0.289078 1.0 0.328937 2.0 0.365062 3.0 0.397877 4.0 0.427747 5.0 0.455060 6.0 0.480147 7.0 0.503247 8.0 0.524600 9.0 0.544400 10.0 0.562446 11.0 0.579618 12.0 0.595689 13.0 0.610748 14.0 0.624895 15.0 0.638191 16.0 0.650707 17.0 0.662493 18.0 0.673581 19.0 0.684005 20.0 0.693795 21.0 0.703022 22.0 0.711660 23.0 0.719723 24.0 0.727221 25.0 0.734189 26.0 0.740631 27.0 0.746604 28.0 0.752122 29.0 0.757229 30.0 0.761979
7.057087  0.0 0.291823 1.0 0.332093 2.0 0.368609 3.0 0.401798 4.0 0.432026 5.0 0.459674 6.0 0.485094 7.0 0.508511 8.0 0.530165 9.0 0.550261 10.0 0.568565 11.0 0.586028 12.0 0.602363 13.0 0.617693 14.0 0.632102 15.0 0.645657 16.0 0.658424 17.0 0.670454 18.0 0.681778 19.0 0.692441 20.0 0.702461 21.0 0.711917 22.0 0.720778 23.0 0.729058 24.0 0.736767 25.0 0.743939 26.0 0.750582 27.0 0.756746 28.0 0.762448 29.0 0.767734 30.0 0.772657
7.464018  0.0 0.294625 1.0 0.335317 2.0 0.372240 3.0 0.405817 4.0 0.436409 5.0 0.464417 6.0 0.490173 7.0 0.513925 8.0 0.535900 9.0 0.556312 10.0 0.574890 11.0 0.592647 12.0 0.609276 13.0 0.624889 14.0 0.639573 15.0 0.653405 16.0 0.666442 17.0 0.678735 18.0 0.690317 19.0 0.701237 20.0 0.711508 21.0 0.721212 22.0 0.730316 23.0 0.738834 24.0 0.746777 25.0 0.754170 26.0 0.761038 27.0 0.767411 28.0 0.773314 29.0 0.778797 30.0 0.783912
7.894415  0.0 0.297490 1.0 0.338617 2.0 0.375956 3.0 0.409935 4.0 0.440912 5.0 0.469285 6.0 0.495403 7.0 0.519495 8.0 0.541814 9.0 0.562555 10.0 0.581423 11.0 0.599491 12.0 0.616433 13.0 0.632350 14.0 0.647330 15.0 0.661460 16.0 0.674787 17.0 0.687366 18.0 0.699229 19.0 0.710426 20.0 0.720969 21.0 0.730944 22.0 0.740315 23.0 0.749095 24.0 0.757297 25.0 0.764929 26.0 0.772049 27.0 0.778649 28.0 0.784774 29.0 0.790482 30.0 0.795814
8.349629  0.0 0.300416 1.0 0.341992 2.0 0.379765 3.0 0.414156 4.0 0.445532 5.0 0.474288 6.0 0.500783 7.0 0.525243 8.0 0.547914 9.0 0.569002 10.0 0.588177 11.0 0.606579 12.0 0.623854 13.0 0.640097 14.0 0.655397 15.0 0.669847 16.0 0.683490 17.0 0.696379 18.0 0.708550 19.0 0.720047 20.0 0.730884 21.0 0.741165 22.0 0.750828 23.0 0.759888 24.0 0.768377 25.0 0.776294 26.0 0.783669 27.0 0.790528 28.0 0.796920 29.0 0.802872 30.0 0.808442
8.831092  0.0 0.303411 1.0 0.345446 2.0 0.383664 3.0 0.418491 4.0 0.450278 5.0 0.479439 6.0 0.506321 7.0 0.531170 8.0 0.554213 9.0 0.575673 10.0 0.595170 11.0 0.613934 12.0 0.631562 13.0 0.648156 14.0 0.663803 15.0 0.678598 16.0 0.692581 17.0 0.705809 18.0 0.718317 19.0 0.730140 20.0 0.741309 21.0 0.751922 22.0 0.761909 23.0 0.771290 24.0 0.780076 25.0 0.788306 26.0 0.795976 27.0 0.803135 28.0 0.809797 29.0 0.816018 30.0 0.821862
9.340317  0.0 0.306473 1.0 0.348985 2.0 0.387666 3.0 0.422938 4.0 0.455160 5.0 0.484738 6.0 0.512037 7.0 0.537288 8.0 0.560732 9.0 0.582587 10.0 0.602423 11.0 0.621574 12.0 0.639580 13.0 0.656553 14.0 0.672577 15.0 0.687745 16.0 0.702099 17.0 0.715696 18.0 0.728574 19.0 0.740753 20.0 0.752293 21.0 0.763264 22.0 0.773609 23.0 0.783346 24.0 0.792488 25.0 0.801045 26.0 0.809056 27.0 0.816529 28.0 0.823521 29.0 0.830055 30.0 0.836194
9.878906  0.0 0.309606 1.0 0.352607 2.0 0.391769 3.0 0.427508 4.0 0.460179 5.0 0.490195 6.0 0.517935 7.0 0.543609 8.0 0.567482 9.0 0.589756 10.0 0.609958 11.0 0.629520 12.0 0.647937 13.0 0.665319 14.0 0.681753 15.0 0.697326 16.0 0.712082 17.0 0.726084 18.0 0.739369 19.0 0.751959 20.0 0.763886 21.0 0.775259 22.0 0.786009 23.0 0.796139 24.0 0.805662 25.0 0.814612 26.0 0.822994 27.0 0.830834 28.0 0.838175 29.0 0.845065 30.0 0.851548
10.448551  0.0 0.312815 1.0 0.356323 2.0 0.395979 3.0 0.432206 4.0 0.465345 5.0 0.495829 6.0 0.524025 7.0 0.550154 8.0 0.574477 9.0 0.597200 10.0 0.617793 11.0 0.637799 12.0 0.656661 13.0 0.674488 14.0 0.691370 15.0 0.707381 16.0 0.722590 17.0 0.737040 18.0 0.750763 19.0 0.763799 20.0 0.776173 21.0 0.788001 22.0 0.799191 23.0 0.809761 24.0 0.819728 25.0 0.829103 26.0 0.837896 27.0 0.846158 28.0 0.853895 29.0 0.861184 30.0 0.868055
11.051044  0.0 0.316098 1.0 0.360132 2.0 0.400306 3.0 0.437037 4.0 0.470673 5.0 0.501643 6.0 0.530322 7.0 0.556936 8.0 0.581739 9.0 0.604943 10.0 0.625955 11.0 0.646440 12.0 0.665787 13.0 0.684096 14.0 0.701468 15.0 0.717969 16.0 0.733673 17.0 0.748615 18.0 0.762836 19.0 0.776362 20.0 0.789227 21.0 0.801560 22.0 0.813256 23.0 0.824324 24.0 0.834779 25.0 0.844634 26.0 0.853902 27.0 0.862634 28.0 0.870831 29.0 0.878569 30.0 0.885878
11.688278  0.0 0.319466 1.0 0.364039 2.0 0.404751 3.0 0.442008 4.0 0.476166 5.0 0.507648 6.0 0.536840 7.0 0.563970 8.0 0.589288 9.0 0.613009 10.0 0.634471 11.0 0.655478 12.0 0.675351 13.0 0.694186 14.0 0.712093 15.0 0.729145 16.0 0.745380 17.0 0.760877 18.0 0.775649 19.0 0.789724 20.0 0.803156 21.0 0.816043 22.0 0.828310 23.0 0.839940 24.0 0.850951 25.0 0.861356 26.0 0.871168 27.0 0.880424 28.0 0.889154 29.0 0.897396 30.0 0.905209
12.362256  0.0 0.322916 1.0 0.368052 2.0 0.409319 3.0 0.447135 4.0 0.481834 5.0 0.513858 6.0 0.543597 7.0 0.571277 8.0 0.597147 9.0 0.621427 10.0 0.643381 11.0 0.664958 12.0 0.685394 13.0 0.704826 14.0 0.723323 15.0 0.740962 16.0 0.757820 17.0 0.773919 18.0 0.789307 19.0 0.804012 20.0 0.818061 21.0 0.831588 22.0 0.844494 23.0 0.856761 24.0 0.868402 25.0 0.879434 26.0 0.889870 27.0 0.899729 28.0 0.909058 29.0 0.917892 30.0 0.926293
13.075099  0.0 0.326453 1.0 0.372172 2.0 0.414023 3.0 0.452419 4.0 0.487690 5.0 0.520288 6.0 0.550610 7.0 0.578878 8.0 0.605344 9.0 0.630227 10.0 0.652716 11.0 0.674912 12.0 0.695988 13.0 0.716055 14.0 0.735205 15.0 0.753521 16.0 0.771048 17.0 0.787841 18.0 0.803923 19.0 0.819326 20.0 0.834081 21.0 0.848334 22.0 0.861969 23.0 0.874955 24.0 0.887314 25.0 0.899064 26.0 0.910208 27.0 0.920782 28.0 0.930803 29.0 0.940307 30.0 0.949394
13.829045  0.0 0.330085 1.0 0.376405 2.0 0.418866 3.0 0.457870 4.0 0.493745 5.0 0.526955 6.0 0.557901 7.0 0.586799 8.0 0.613908 9.0 0.639457 10.0 0.662516 11.0 0.685388 12.0 0.707167 13.0 0.727953 14.0 0.747838 15.0 0.766896 16.0 0.785177 17.0 0.802750 18.0 0.819618 19.0 0.835813 20.0 0.851374 21.0 0.866465 22.0 0.880916 23.0 0.894748 24.0 0.907946 25.0 0.920519 26.0 0.932484 27.0 0.943864 28.0 0.954685 29.0 0.964984 30.0 0.974857
14.626467  0.0 0.333813 1.0 0.380759 2.0 0.423857 3.0 0.463500 4.0 0.500016 5.0 0.533876 6.0 0.565491 7.0 0.595069 8.0 0.622879 9.0 0.649150 10.0 0.672831 11.0 0.696468 12.0 0.719017 13.0 0.740587 14.0 0.761297 15.0 0.781194 16.0 0.800335 17.0 0.818788 18.0 0.836544 19.0 0.853642 20.0 0.870121 21.0 0.886171 22.0 0.901593 23.0 0.916367 24.0 0.930538 25.0 0.944072 26.0 0.956990 27.0 0.969317 28.0 0.981081 29.0 0.992324 30.0 1.003100
15.469869  0.0 0.337640 1.0 0.385241 2.0 0.429002 3.0 0.469321 4.0 0.506517 5.0 0.541070 6.0 0.573405 7.0 0.603723 8.0 0.632296 9.0 0.659345 10.0 0.683728 11.0 0.708189 12.0 0.731603 13.0 0.754078 14.0 0.775701 15.0 0.796550 16.0 0.816671 17.0 0.836114 18.0 0.854901 19.0 0.873048 20.0 0.890586 21.0 0.907730 22.0 0.924255 23.0 0.940150 24.0 0.955443 25.0 0.970094 26.0 0.984131 27.0 0.997577 28.0 1.010451 29.0 1.022797 30.0 1.034693
16.361905  0.0 0.341573 1.0 0.389855 2.0 0.434314 3.0 0.475346 4.0 0.513265 5.0 0.548561 6.0 0.581671 7.0 0.612791 8.0 0.642193 9.0 0.670125 10.0 0.695258 11.0 0.720658 12.0 0.745035 13.0 0.768518 14.0 0.791184 15.0 0.813114 16.0 0.834353 17.0 0.854939 18.0 0.874898 19.0 0.894246 20.0 0.913016 21.0 0.931440 22.0 0.949265 23.0 0.966478 24.0 0.983073 25.0 0.999064 26.0 1.014430 27.0 1.029193 28.0 1.043404 29.0 1.057086 30.0 1.070307
17.305378  0.0 0.345619 1.0 0.394609 2.0 0.439801 3.0 0.481589 4.0 0.520279 5.0 0.556371 6.0 0.590318 7.0 0.622311 8.0 0.652641 9.0 0.681526 10.0 0.707506 11.0 0.733954 12.0 0.759421 13.0 0.784041 14.0 0.807902 15.0 0.831058 16.0 0.853572 17.0 0.875488 18.0 0.896822 19.0 0.917565 20.0 0.937771 21.0 0.957691 22.0 0.977039 23.0 0.995809 24.0 1.013986 25.0 1.031554 26.0 1.048512 27.0 1.064898 28.0 1.080720 29.0 1.096024 30.0 1.110884
18.303255  0.0 0.349782 1.0 0.399512 2.0 0.445476 3.0 0.488066 4.0 0.527580 5.0 0.564528 6.0 0.599391 7.0 0.632351 8.0 0.663679 9.0 0.693646 10.0 0.720570 11.0 0.748190 12.0 0.774890 13.0 0.800813 14.0 0.826029 15.0 0.850625 16.0 0.874625 17.0 0.898076 18.0 0.920998 19.0 0.943392 20.0 0.965276 21.0 0.986992 22.0 1.008161 23.0 1.028780 24.0 1.048841 25.0 1.068335 26.0 1.087253 27.0 1.105595 28.0 1.123424 29.0 1.140748 30.0 1.157682
19.358672  0.0 0.354068 1.0 0.404572 2.0 0.451351 3.0 0.494794 4.0 0.535191 5.0 0.573072 6.0 0.608931 7.0 0.642940 8.0 0.675407 9.0 0.706569 10.0 0.734547 11.0 0.763498 12.0 0.791622 13.0 0.819035 14.0 0.845827 15.0 0.872066 16.0 0.897798 17.0 0.923059 18.0 0.947861 19.0 0.972196 20.0 0.996103 21.0 1.019954 22.0 1.043318 23.0 1.066210 24.0 1.088583 25.0 1.110436 26.0 1.131774 27.0 1.152607 28.0 1.172959 29.0 1.192886 30.0 1.212484
20.474947  0.0 0.358483 1.0 0.409799 2.0 0.457441 3.0 0.501792 4.0 0.543136 5.0 0.582033 6.0 0.618982 7.0 0.654167 8.0 0.687888 9.0 0.720399 10.0 0.749566 11.0 0.780035 12.0 0.809786 13.0 0.838928 14.0 0.867553 15.0 0.895730 16.0 0.923502 17.0 0.950906 18.0 0.977940 19.0 1.004619 20.0 1.030968 21.0 1.057404 22.0 1.083465 23.0 1.109155 24.0 1.134413 25.0 1.159270 26.0 1.183696 27.0 1.207721 28.0 1.231387 29.0 1.254757 30.0 1.277922
21.655589  0.0 0.363035 1.0 0.415203 2.0 0.463759 3.0 0.509080 4.0 0.551457 5.0 0.591451 6.0 0.629607 7.0 0.666096 8.0 0.701226 9.0 0.735264 10.0 0.765790 11.0 0.798018 12.0 0.829644 13.0 0.860795 14.0 0.891568 15.0 0.922025 16.0 0.952229 17.0 0.982205 18.0 1.011953 19.0 1.041462 20.0 1.070803 21.0 1.100467 22.0 1.129914 23.0 1.159131 24.0 1.188103 25.0 1.216825 26.0 1.245342 27.0 1.273632 28.0 1.301809 29.0 1.329913 30.0 1.358073
22.904311  0.0 0.367732 1.0 0.420797 2.0 0.470322 3.0 0.516689 4.0 0.560179 5.0 0.601383 6.0 0.640875 7.0 0.678819 8.0 0.715542 9.0 0.751329 10.0 0.783407 11.0 0.817657 12.0 0.851480 13.0 0.885002 14.0 0.918326 15.0 0.951522 16.0 0.984649 17.0 1.017740 18.0 1.050799 19.0 1.083828 20.0 1.116927 21.0 1.150668 22.0 1.184453 23.0 1.218286 24.0 1.252185 25.0 1.286156 26.0 1.320251 27.0 1.354540 28.0 1.389124 29.0 1.424144 30.0 1.459292
24.225038  0.0 0.372582 1.0 0.426592 2.0 0.477149 3.0 0.524644 4.0 0.569344 5.0 0.611881 6.0 0.652858 7.0 0.692443 8.0 0.730973 9.0 0.768774 10.0 0.802644 11.0 0.839263 12.0 0.875662 13.0 0.912011 14.0 0.948396 15.0 0.984903 16.0 1.021605 17.0 1.058551 18.0 1.095757 19.0 1.133248 20.0 1.171150 21.0 1.210230 22.0 1.249790 23.0 1.289878 24.0 1.330580 25.0 1.371971 26.0 1.414167 27.0 1.448185 28.0 1.475654 29.0 1.502135 30.0 1.527726
25.621921  0.0 0.377595 1.0 0.432603 2.0 0.484263 3.0 0.532970 4.0 0.579000 5.0 0.623009 6.0 0.665654 7.0 0.707095 8.0 0.747717 9.0 0.787836 10.0 0.823791 11.0 0.863201 12.0 0.902696 13.0 0.942428 14.0 0.982528 15.0 1.023107 16.0 1.064266 17.0 1.106069 18.0 1.148586 19.0 1.191912 20.0 1.236219 21.0 1.282523 22.0 1.330106 23.0 1.379122 24.0 1.417957 25.0 1.450904 26.0 1.482658 27.0 1.513221 28.0 1.542627 29.0 1.570943 30.0 1.598275
27.099352  0.0 0.382781 1.0 0.438843 2.0 0.491691 3.0 0.541720 4.0 0.589205 5.0 0.634849 6.0 0.679373 7.0 0.722940 8.0 0.765960 9.0 0.808800 10.0 0.847203 11.0 0.889956 12.0 0.933163 13.0 0.977030 14.0 1.021736 15.0 1.067432 16.0 1.114258 17.0 1.162363 18.0 1.211929 19.0 1.263113 20.0 1.316287 21.0 1.367411 22.0 1.406311 23.0 1.444022 24.0 1.480485 25.0 1.515649 26.0 1.549495 27.0 1.582018 28.0 1.613254 29.0 1.643272 30.0 1.672186
28.661977  0.0 0.388149 1.0 0.445333 2.0 0.499450 3.0 0.550918 4.0 0.600015 5.0 0.647496 6.0 0.694145 7.0 0.740159 8.0 0.785985 9.0 0.832024 10.0 0.873362 11.0 0.920135 12.0 0.967901 13.0 1.016907 14.0 1.067419 15.0 1.119661 16.0 1.173937 17.0 1.230517 18.0 1.289762 19.0 1.340541 20.0 1.383594 21.0 1.426280 22.0 1.467724 23.0 1.507844 24.0 1.546564 25.0 1.583830 26.0 1.619613 27.0 1.653914 28.0 1.687223 29.0 1.722754 30.0 1.757650
30.314706  0.0 0.393714 1.0 0.452093 2.0 0.507584 3.0 0.560624 4.0 0.611507 5.0 0.661061 6.0 0.710156 7.0 0.759002 8.0 0.808128 9.0 0.857999 10.0 0.902850 11.0 0.954560 12.0 1.007994 13.0 1.063521 14.0 1.121550 15.0 1.182502 16.0 1.246899 17.0 1.302622 18.0 1.350593 19.0 1.397472 20.0 1.443245 21.0 1.488541 22.0 1.532426 23.0 1.574802 24.0 1.615588 25.0 1.655645 26.0 1.698090 27.0 1.739196 28.0 1.778768 29.0 1.816842 30.0 1.853509
32.062737  0.0 0.399492 1.0 0.459138 2.0 0.516113 3.0 0.570892 4.0 0.623771 5.0 0.675671 6.0 0.727581 7.0 0.779749 8.0 0.832804 9.0 0.887305 10.0 0.936474 11.0 0.994341 12.0 1.054993 13.0 1.119013 14.0 1.187096 15.0 1.251877 16.0 1.304937 17.0 1.356998 18.0 1.407927 19.0 1.457586 20.0 1.505958 21.0 1.553690 22.0 1.599890 23.0 1.648860 24.0 1.697318 25.0 1.744073 26.0 1.789018 27.0 1.832096 28.0 1.873306 29.0 1.912691 30.0 1.949788
33.911564  0.0 0.405492 1.0 0.466501 2.0 0.525095 3.0 0.581787 4.0 0.636911 5.0 0.691500 6.0 0.746686 7.0 0.802803 8.0 0.860585 9.0 0.920784 10.0 0.975312 11.0 1.041032 12.0 1.111131 13.0 1.186449 14.0 1.245673 15.0 1.302996 16.0 1.359287 17.0 1.414387 18.0 1.468141 19.0 1.520396 20.0 1.572074 21.0 1.628145 22.0 1.682743 23.0 1.735546 24.0 1.786358 25.0 1.835051 26.0 1.881520 27.0 1.920661 28.0 1.949208 29.0 1.975451 30.0 nan
35.866999  0.0 0.411730 1.0 0.474202 2.0 0.534565 3.0 0.593386 4.0 0.651046 5.0 0.708739 6.0 0.767788 7.0 0.828626 8.0 0.892197 9.0 0.959512 10.0 1.020881 11.0 1.096895 12.0 1.171945 13.0 1.234570 14.0 1.296316 15.0 1.356985 16.0 1.416387 17.0 1.474338 18.0 1.532065 19.0 1.593273 20.0 1.653074 21.0 1.712205 22.0 1.769258 23.0 1.824003 24.0 1.873510 25.0 1.907882 26.0 1.939634 27.0 1.969357 28.0 1.997202 29.0 nan 30.0 nan
37.935191  0.0 0.418235 1.0 0.482280 2.0 0.544578 3.0 0.605782 4.0 0.666354 5.0 0.727653 6.0 0.791285 7.0 0.857866 8.0 0.928648 9.0 1.005065 10.0 1.075386 11.0 1.150866 12.0 1.218077 13.0 1.284414 14.0 1.349622 15.0 1.413467 16.0 1.476162 17.0 1.543628 18.0 1.609757 19.0 1.674106 20.0 1.736510 21.0 1.797676 22.0 1.846032 23.0 1.884461 24.0 1.920549 25.0 1.954368 26.0 1.986032 27.0 nan 28.0 nan 29.0 nan 30.0 nan
40.122640  0.0 0.425014 1.0 0.490763 2.0 0.555201 3.0 0.619093 4.0 0.683004 5.0 0.748554 6.0 0.817715 7.0 0.891395 8.0 0.971338 9.0 1.059279 10.0 1.123746 11.0 1.195693 12.0 1.266793 13.0 1.336718 14.0 1.405172 15.0 1.476839 16.0 1.549581 17.0 1.620656 18.0 1.689662 19.0 1.756231 20.0 1.806792 21.0 1.850150 22.0 1.890970 23.0 1.929344 24.0 1.965327 25.0 1.999000 26.0 nan 27.0 nan 28.0 nan 29.0 nan 30.0 nan
42.436223  0.0 0.432102 1.0 0.499694 2.0 0.566509 3.0 0.633450 4.0 0.701241 5.0 0.771852 6.0 0.847769 7.0 0.930402 8.0 1.022293 9.0 1.099784 10.0 1.166920 11.0 1.242953 12.0 1.317788 13.0 1.391961 14.0 1.471331 15.0 1.549346 16.0 1.625415 17.0 1.699053 18.0 1.756899 19.0 1.804819 20.0 1.850159 21.0 1.893452 22.0 1.934190 23.0 1.972395 24.0 nan 25.0 nan 26.0 nan 27.0 nan 28.0 nan 29.0 nan 30.0 nan
44.883214  0.0 0.439516 1.0 0.509128 2.0 0.578589 3.0 0.649022 4.0 0.721360 5.0 0.798087 6.0 0.882428 7.0 0.976585 8.0 1.059816 9.0 1.141592 10.0 1.212387 11.0 1.292336 12.0 1.373904 13.0 1.458956 14.0 1.542381 15.0 1.623529 16.0 1.694243 17.0 1.747903 18.0 1.798639 19.0 1.846574 20.0 1.891836 21.0 1.934992 22.0 1.975483 23.0 nan 24.0 nan 25.0 nan 26.0 nan 27.0 nan 28.0 nan 29.0 nan 30.0 nan
47.471306  0.0 0.447293 1.0 0.519114 2.0 0.591549 3.0 0.666013 4.0 0.743768 5.0 0.827976 6.0 0.923021 7.0 1.012901 8.0 1.099272 9.0 1.185523 10.0 1.259854 11.0 1.348288 12.0 1.439145 13.0 1.528169 14.0 1.614561 15.0 1.677580 16.0 1.734424 17.0 1.788123 18.0 1.838853 19.0 1.886652 20.0 1.931677 21.0 1.974546 22.0 nan 23.0 nan 24.0 nan 25.0 nan 26.0 nan 27.0 nan 28.0 nan 29.0 nan 30.0 nan
50.208634  0.0 0.455465 1.0 0.529719 2.0 0.605525 3.0 0.684681 4.0 0.768951 5.0 0.862512 6.0 0.958884 7.0 1.049628 8.0 1.140747 9.0 1.231274 10.0 1.314462 11.0 1.411328 12.0 1.506206 13.0 1.592281 14.0 1.656063 15.0 1.716292 16.0 1.773136 17.0 1.826772 18.0 1.877272 19.0 1.924815 20.0 1.969496 21.0 nan 22.0 nan 23.0 nan 24.0 nan 25.0 nan 26.0 nan 27.0 nan 28.0 nan 29.0 nan 30.0 nan
53.103804  0.0 0.464070 1.0 0.541025 2.0 0.620673 3.0 0.705369 4.0 0.797605 5.0 0.897836 6.0 0.992501 7.0 1.088286 8.0 1.183977 9.0 1.286039 10.0 1.374933 11.0 1.475960 12.0 1.561653 13.0 1.629455 14.0 1.693351 15.0 1.753541 16.0 1.810234 17.0 1.863625 18.0 1.913792 19.0 1.960936 20.0 nan 21.0 nan 22.0 nan 23.0 nan 24.0 nan 25.0 nan 26.0 nan 27.0 nan 28.0 nan 29.0 nan 30.0 nan
56.165917  0.0 0.473153 1.0 0.553116 2.0 0.637188 3.0 0.728498 4.0 0.830644 5.0 0.927945 6.0 1.027944 7.0 1.128649 8.0 1.235063 9.0 1.344158 10.0 1.436881 11.0 1.525260 12.0 1.597461 13.0 1.665342 14.0 1.729165 15.0 1.789171 16.0 1.845552 17.0 1.898554 18.0 1.948275 19.0 1.993651 20.0 nan 21.0 nan 22.0 nan 23.0 nan 24.0 nan 25.0 nan 26.0 nan 27.0 nan 28.0 nan 29.0 nan 30.0 nan
59.404601  0.0 0.482768 1.0 0.566109 2.0 0.655318 3.0 0.754638 4.0 0.857642 5.0 0.959768 6.0 1.065055 7.0 1.174923 8.0 1.289899 9.0 1.403479 10.0 1.482612 11.0 1.559704 12.0 1.631995 13.0 1.699797 14.0 1.763371 15.0 1.823017 16.0 1.878958 17.0 1.930576 18.0 1.977068 19.0 nan 20.0 nan 21.0 nan 22.0 nan 23.0 nan 24.0 nan 25.0 nan 26.0 nan 27.0 nan 28.0 nan 29.0 nan 30.0 nan
62.830036  0.0 0.492974 1.0 0.580133 2.0 0.675401 3.0 0.781624 4.0 0.885548 5.0 0.993199 6.0 1.105515 7.0 1.226025 8.0 1.346032 9.0 1.441467 10.0 1.515782 11.0 1.592952 12.0 1.665126 13.0 1.732653 14.0 1.795832 15.0 1.854827 16.0 1.907924 17.0 1.956655 18.0 nan 19.0 nan 20.0 nan 21.0 nan 22.0 nan 23.0 nan 24.0 nan 25.0 nan 26.0 nan 27.0 nan 28.0 nan 29.0 nan 30.0 nan
66.452991  0.0 0.503852 1.0 0.595364 2.0 0.697832 3.0 0.805362 4.0 0.914958 5.0 1.028069 6.0 1.152343 7.0 1.278612 8.0 1.385427 9.0 1.473103 10.0 1.547759 11.0 1.624835 12.0 1.696705 13.0 1.763784 14.0 1.825747 15.0 1.880938 16.0 1.932497 17.0 1.980765 18.0 nan 19.0 nan 20.0 nan 21.0 nan 22.0 nan 23.0 nan 24.0 nan 25.0 nan 26.0 nan 27.0 nan 28.0 nan 29.0 nan 30.0 nan
70.284856  0.0 0.515481 1.0 0.612008 2.0 0.719601 3.0 0.830447 4.0 0.945777 5.0 1.069030 6.0 1.200886 7.0 1.321726 8.0 1.415779 9.0 1.503622 10.0 1.578446 11.0 1.655209 12.0 1.726630 13.0 1.791475 14.0 1.849902 15.0 1.904451 16.0 1.955503 17.0 nan 18.0 nan 19.0 nan 20.0 nan 21.0 nan 22.0 nan 23.0 nan 24.0 nan 25.0 nan 26.0 nan 27.0 nan 28.0 nan 29.0 nan 30.0 nan
74.337677  0.0 0.527971 1.0 0.630317 2.0 0.740148 3.0 0.856834 4.0 0.978793 5.0 1.112863 6.0 1.249698 7.0 1.350803 8.0 1.445106 9.0 1.532877 10.0 1.607719 11.0 1.683982 12.0 1.752398 13.0 1.814524 14.0 1.872405 15.0 1.926465 16.0 1.976981 17.0 nan 18.0 nan 19.0 nan 20.0 nan 21.0 nan 22.0 nan 23.0 nan 24.0 nan 25.0 nan 26.0 nan 27.0 nan 28.0 nan 29.0 nan 30.0 nan
78.624195  0.0 0.541444 1.0 0.647772 2.0 0.761815 3.0 0.884448 4.0 1.017266 5.0 1.158033 6.0 1.277428 7.0 1.378942 8.0 1.473267 9.0 1.560747 10.0 1.635443 11.0 1.708339 12.0 1.774530 13.0 1.836103 14.0 1.893419 15.0 1.946995 16.0 1.996858 17.0 nan 18.0 nan 19.0 nan 20.0 nan 21.0 nan 22.0 nan 23.0 nan 24.0 nan 25.0 nan 26.0 nan 27.0 nan 28.0 nan 29.0 nan 30.0 nan
83.157886  0.0 0.556059 1.0 0.664884 2.0 0.784582 3.0 0.914662 4.0 1.057376 5.0 1.194917 6.0 1.304372 7.0 1.406035 8.0 1.500149 9.0 1.587053 10.0 1.658901 11.0 1.729658 12.0 1.795306 13.0 1.856292 14.0 1.913083 15.0 1.966053 16.0 nan 17.0 nan 18.0 nan 19.0 nan 20.0 nan 21.0 nan 22.0 nan 23.0 nan 24.0 nan 25.0 nan 26.0 nan 27.0 nan 28.0 nan 29.0 nan 30.0 nan
87.953002  0.0 0.569522 1.0 0.682879 2.0 0.808408 3.0 0.948888 4.0 1.098605 5.0 1.220570 6.0 1.330395 7.0 1.431972 8.0 1.525680 9.0 1.608757 10.0 1.679481 11.0 1.749672 12.0 1.814718 13.0 1.875111 14.0 1.931465 15.0 1.984371 16.0 nan 17.0 nan 18.0 nan 19.0 nan 20.0 nan 21.0 nan 22.0 nan 23.0 nan 24.0 nan 25.0 nan 26.0 nan 27.0 nan 28.0 nan 29.0 nan 30.0 nan
93.024617  0.0 0.583385 1.0 0.701758 2.0 0.834047 3.0 0.984577 4.0 1.128018 5.0 1.245463 6.0 1.355379 7.0 1.456645 8.0 1.547245 9.0 1.628404 10.0 1.698773 11.0 1.768373 12.0 1.832742 13.0 1.892880 14.0 1.949057 15.0 nan 16.0 nan 17.0 nan 18.0 nan 19.0 nan 20.0 nan 21.0 nan 22.0 nan 23.0 nan 24.0 nan 25.0 nan 26.0 nan 27.0 nan 28.0 nan 29.0 nan 30.0 nan
98.388676  0.0 0.597909 1.0 0.721502 2.0 0.863224 3.0 1.021317 4.0 1.151623 5.0 1.269479 6.0 1.379236 7.0 1.478684 8.0 1.566287 9.0 1.646830 10.0 1.716830 11.0 1.785781 12.0 1.850061 13.0 1.909606 14.0 1.964671 15.0 nan 16.0 nan 17.0 nan 18.0 nan 19.0 nan 20.0 nan 21.0 nan 22.0 nan 23.0 nan 24.0 nan 25.0 nan 26.0 nan 27.0 nan 28.0 nan 29.0 nan 30.0 nan
104.062042  0.0 0.613098 1.0 0.742157 2.0 0.893745 3.0 1.047805 4.0 1.174531 5.0 1.292525 6.0 1.401902 7.0 1.497177 8.0 1.584166 9.0 1.664011 10.0 1.733626 11.0 1.802488 12.0 1.865968 13.0 1.924551 14.0 1.977348 15.0 nan 16.0 nan 17.0 nan 18.0 nan 19.0 nan 20.0 nan 21.0 nan 22.0 nan 23.0 nan 24.0 nan 25.0 nan 26.0 nan 27.0 nan 28.0 nan 29.0 nan 30.0 nan
110.062550  0.0 0.628948 1.0 0.765753 2.0 0.925342 3.0 1.069394 4.0 1.196640 5.0 1.314524 6.0 1.420255 7.0 1.514590 8.0 1.600881 9.0 1.680036 10.0 1.749798 11.0 1.817827 12.0 1.879915 13.0 1.936006 14.0 1.986422 15.0 nan 16.0 nan 17.0 nan 18.0 nan 19.0 nan 20.0 nan 21.0 nan 22.0 nan 23.0 nan 24.0 nan 25.0 nan 26.0 nan 27.0 nan 28.0 nan 29.0 nan 30.0 nan
116.409064  0.0 0.645445 1.0 0.790664 2.0 0.952922 3.0 1.090379 4.0 1.217872 5.0 1.334512 6.0 1.437230 7.0 1.530863 8.0 1.616500 9.0 1.695520 10.0 1.764663 11.0 1.831059 12.0 1.890646 13.0 1.944274 14.0 1.994058 15.0 nan 16.0 nan 17.0 nan 18.0 nan 19.0 nan 20.0 nan 21.0 nan 22.0 nan 23.0 nan 24.0 nan 25.0 nan 26.0 nan 27.0 nan 28.0 nan 29.0 nan 30.0 nan
123.121536  0.0 0.663678 1.0 0.816612 2.0 0.972455 3.0 1.110662 4.0 1.238106 5.0 1.351142 6.0 1.453184 7.0 1.546167 8.0 1.631434 9.0 1.709667 10.0 1.778049 11.0 1.841364 12.0 1.898863 13.0 1.951796 14.0 nan 15.0 nan 16.0 nan 17.0 nan 18.0 nan 19.0 nan 20.0 nan 21.0 nan 22.0 nan 23.0 nan 24.0 nan 25.0 nan 26.0 nan 27.0 nan 28.0 nan 29.0 nan 30.0 nan
130.221067  0.0 0.683234 1.0 0.843390 2.0 0.991527 3.0 1.130167 4.0 1.256041 5.0 1.366860 6.0 1.468230 7.0 1.560560 8.0 1.645312 9.0 1.722378 10.0 1.787357 11.0 1.849167 12.0 1.905791 13.0 1.958449 14.0 nan 15.0 nan 16.0 nan 17.0 nan 18.0 nan 19.0 nan 20.0 nan 21.0 nan 22.0 nan 23.0 nan 24.0 nan 25.0 nan 26.0 nan 27.0 nan 28.0 nan 29.0 nan 30.0 nan
137.729977  0.0 0.703642 1.0 0.863044 2.0 1.010056 3.0 1.148847 4.0 1.271426 5.0 1.381550 6.0 1.482178 7.0 1.574300 8.0 1.657836 9.0 1.730818 10.0 1.795084 11.0 1.855928 12.0 1.912401 13.0 1.964081 14.0 nan 15.0 nan 16.0 nan 17.0 nan 18.0 nan 19.0 nan 20.0 nan 21.0 nan 22.0 nan 23.0 nan 24.0 nan 25.0 nan 26.0 nan 27.0 nan 28.0 nan 29.0 nan 30.0 nan
145.671872  0.0 0.724817 1.0 0.880058 2.0 1.027948 3.0 1.165581 4.0 1.285941 5.0 1.395381 6.0 1.495684 7.0 1.586611 8.0 1.666623 9.0 1.738051 10.0 1.801918 11.0 1.862377 12.0 1.917480 13.0 1.968754 14.0 nan 15.0 nan 16.0 nan 17.0 nan 18.0 nan 19.0 nan 20.0 nan 21.0 nan 22.0 nan 23.0 nan 24.0 nan 25.0 nan 26.0 nan 27.0 nan 28.0 nan 29.0 nan 30.0 nan
154.071719  0.0 0.745870 1.0 0.896685 2.0 1.045136 3.0 1.179900 4.0 1.299617 5.0 1.408401 6.0 1.507992 7.0 1.596824 8.0 1.673875 9.0 1.744539 10.0 1.807668 11.0 1.867188 12.0 1.922572 13.0 1.973437 14.0 nan 15.0 nan 16.0 nan 17.0 nan 18.0 nan 19.0 nan 20.0 nan 21.0 nan 22.0 nan 23.0 nan 24.0 nan 25.0 nan 26.0 nan 27.0 nan 28.0 nan 29.0 nan 30.0 nan
162.955925  0.0 0.760526 1.0 0.912857 2.0 1.061454 3.0 1.193447 4.0 1.312386 5.0 1.420903 6.0 1.518535 7.0 1.603777 8.0 1.680460 9.0 1.750005 10.0 1.812990 11.0 1.871833 12.0 1.925917 13.0 1.976919 14.0 nan 15.0 nan 16.0 nan 17.0 nan 18.0 nan 19.0 nan 20.0 nan 21.0 nan 22.0 nan 23.0 nan 24.0 nan 25.0 nan 26.0 nan 27.0 nan 28.0 nan 29.0 nan 30.0 nan
172.352418  0.0 0.774955 1.0 0.928518 2.0 1.075018 3.0 1.206135 4.0 1.324571 5.0 1.432139 6.0 1.526765 7.0 1.609995 8.0 1.685744 9.0 1.754995 10.0 1.816994 11.0 1.875925 12.0 1.928533 13.0 1.980108 14.0 nan 15.0 nan 16.0 nan 17.0 nan 18.0 nan 19.0 nan 20.0 nan 21.0 nan 22.0 nan 23.0 nan 24.0 nan 25.0 nan 26.0 nan 27.0 nan 28.0 nan 29.0 nan 30.0 nan
182.290740  0.0 0.789085 1.0 0.943563 2.0 1.087703 3.0 1.218111 4.0 1.336048 5.0 1.441496 6.0 1.533102 7.0 1.615847 8.0 1.691044 9.0 1.758825 10.0 1.819776 11.0 1.878746 12.0 1.931153 13.0 1.983302 14.0 nan 15.0 nan 16.0 nan 17.0 nan 18.0 nan 19.0 nan 20.0 nan 21.0 nan 22.0 nan 23.0 nan 24.0 nan 25.0 nan 26.0 nan 27.0 nan 28.0 nan 29.0 nan 30.0 nan
192.802133  0.0 0.802860 1.0 0.957402 2.0 1.099687 3.0 1.229394 4.0 1.346506 5.0 1.448473 6.0 1.538690 7.0 1.620422 8.0 1.694438 9.0 1.761000 10.0 1.822562 11.0 1.881572 12.0 1.933777 13.0 1.986501 14.0 nan 15.0 nan 16.0 nan 17.0 nan 18.0 nan 19.0 nan 20.0 nan 21.0 nan 22.0 nan 23.0 nan 24.0 nan 25.0 nan 26.0 nan 27.0 nan 28.0 nan 29.0 nan 30.0 nan
203.919642  0.0 0.816237 1.0 0.969339 2.0 1.110996 3.0 1.240246 4.0 1.354672 5.0 1.454139 6.0 1.543910 7.0 1.624841 8.0 1.697785 9.0 1.763177 10.0 1.825353 11.0 1.884402 12.0 1.936404 13.0 nan 14.0 nan 15.0 nan 16.0 nan 17.0 nan 18.0 nan 19.0 nan 20.0 nan 21.0 nan 22.0 nan 23.0 nan 24.0 nan 25.0 nan 26.0 nan 27.0 nan 28.0 nan 29.0 nan 30.0 nan
215.678218  0.0 0.829126 1.0 0.980614 2.0 1.121556 3.0 1.250046 4.0 1.361108 5.0 1.459417 6.0 1.547954 7.0 1.628114 8.0 1.701139 9.0 1.765358 10.0 1.829964 11.0 1.889582 12.0 nan 13.0 nan 14.0 nan 15.0 nan 16.0 nan 17.0 nan 18.0 nan 19.0 nan 20.0 nan 21.0 nan 22.0 nan 23.0 nan 24.0 nan 25.0 nan 26.0 nan 27.0 nan 28.0 nan 29.0 nan 30.0 nan
228.114826  0.0 0.840665 1.0 0.991274 2.0 1.131761 3.0 1.258303 4.0 1.366706 5.0 1.463892 6.0 1.551637 7.0 1.630308 8.0 1.704948 9.0 1.767541 10.0 1.838760 11.0 nan 12.0 nan 13.0 nan 14.0 nan 15.0 nan 16.0 nan 17.0 nan 18.0 nan 19.0 nan 20.0 nan 21.0 nan 22.0 nan 23.0 nan 24.0 nan 25.0 nan 26.0 nan 27.0 nan 28.0 nan 29.0 nan 30.0 nan
241.268564  0.0 0.851070 1.0 1.001297 2.0 1.141243 3.0 1.264069 4.0 1.371317 5.0 1.467984 6.0 1.555279 7.0 1.632505 8.0 1.708954 9.0 1.795000 10.0 nan 11.0 nan 12.0 nan 13.0 nan 14.0 nan 15.0 nan 16.0 nan 17.0 nan 18.0 nan 19.0 nan 20.0 nan 21.0 nan 22.0 nan 23.0 nan 24.0 nan 25.0 nan 26.0 nan 27.0 nan 28.0 nan 29.0 nan 30.0 nan
255.180783  0.0 0.860937 1.0 1.010775 2.0 1.149477 3.0 1.269108 4.0 1.375859 5.0 1.470596 6.0 1.557946 7.0 1.634705 8.0 1.712970 9.0 nan 10.0 nan 11.0 nan 12.0 nan 13.0 nan 14.0 nan 15.0 nan 16.0 nan 17.0 nan 18.0 nan 19.0 nan 20.0 nan 21.0 nan 22.0 nan 23.0 nan 24.0 nan 25.0 nan 26.0 nan 27.0 nan 28.0 nan 29.0 nan 30.0 nan
269.895220  0.0 0.870277 1.0 1.019886 2.0 1.155753 3.0 1.273845 4.0 1.378986 5.0 1.473211 6.0 1.560618 7.0 1.636909 8.0 nan 9.0 nan 10.0 nan 11.0 nan 12.0 nan 13.0 nan 14.0 nan 15.0 nan 16.0 nan 17.0 nan 18.0 nan 19.0 nan 20.0 nan 21.0 nan 22.0 nan 23.0 nan 24.0 nan 25.0 nan 26.0 nan 27.0 nan 28.0 nan 29.0 nan 30.0 nan
285.458131  0.0 0.879025 1.0 1.028262 2.0 1.160653 3.0 1.277668 4.0 1.382120 5.0 1.475832 6.0 1.563294 7.0 nan 8.0 nan 9.0 nan 10.0 nan 11.0 nan 12.0 nan 13.0 nan 14.0 nan 15.0 nan 16.0 nan 17.0 nan 18.0 nan 19.0 nan 20.0 nan 21.0 nan 22.0 nan 23.0 nan 24.0 nan 25.0 nan 26.0 nan 27.0 nan 28.0 nan 29.0 nan 30.0 nan
301.918444  0.0 0.887460 1.0 1.035461 2.0 1.165145 3.0 1.281503 4.0 1.385202 5.0 1.479836 6.0 1.589344 7.0 nan 8.0 nan 9.0 nan 10.0 nan 11.0 nan 12.0 nan 13.0 nan 14.0 nan 15.0 nan 16.0 nan 17.0 nan 18.0 nan 19.0 nan 20.0 nan 21.0 nan 22.0 nan 23.0 nan 24.0 nan 25.0 nan 26.0 nan 27.0 nan 28.0 nan 29.0 nan 30.0 nan
319.327905  0.0 0.895375 1.0 1.040409 2.0 1.169162 3.0 1.283273 4.0 1.388029 5.0 1.484849 6.0 nan 7.0 nan 8.0 nan 9.0 nan 10.0 nan 11.0 nan 12.0 nan 13.0 nan 14.0 nan 15.0 nan 16.0 nan 17.0 nan 18.0 nan 19.0 nan 20.0 nan 21.0 nan 22.0 nan 23.0 nan 24.0 nan 25.0 nan 26.0 nan 27.0 nan 28.0 nan 29.0 nan 30.0 nan
337.741243  0.0 0.902643 1.0 1.044858 2.0 1.172438 3.0 1.285032 4.0 1.390863 5.0 1.528791 6.0 nan 7.0 nan 8.0 nan 9.0 nan 10.0 nan 11.0 nan 12.0 nan 13.0 nan 14.0 nan 15.0 nan 16.0 nan 17.0 nan 18.0 nan 19.0 nan 20.0 nan 21.0 nan 22.0 nan 23.0 nan 24.0 nan 25.0 nan 26.0 nan 27.0 nan 28.0 nan 29.0 nan 30.0 nan
357.216346  0.0 0.908207 1.0 1.049013 2.0 1.175168 3.0 1.286793 4.0 1.395165 5.0 nan 6.0 nan 7.0 nan 8.0 nan 9.0 nan 10.0 nan 11.0 nan 12.0 nan 13.0 nan 14.0 nan 15.0 nan 16.0 nan 17.0 nan 18.0 nan 19.0 nan 20.0 nan 21.0 nan 22.0 nan 23.0 nan 24.0 nan 25.0 nan 26.0 nan 27.0 nan 28.0 nan 29.0 nan 30.0 nan
377.814438  0.0 0.912723 1.0 1.052283 2.0 1.177904 3.0 1.288557 4.0 nan 5.0 nan 6.0 nan 7.0 nan 8.0 nan 9.0 nan 10.0 nan 11.0 nan 12.0 nan 13.0 nan 14.0 nan 15.0 nan 16.0 nan 17.0 nan 18.0 nan 19.0 nan 20.0 nan 21.0 nan 22.0 nan 23.0 nan 24.0 nan 25.0 nan 26.0 nan 27.0 nan 28.0 nan 29.0 nan 30.0 nan
399.600273  0.0 0.916757 1.0 1.055507 2.0 1.180727 3.0 1.303320 4.0 nan 5.0 nan 6.0 nan 7.0 nan 8.0 nan 9.0 nan 10.0 nan 11.0 nan 12.0 nan 13.0 nan 14.0 nan 15.0 nan 16.0 nan 17.0 nan 18.0 nan 19.0 nan 20.0 nan 21.0 nan 22.0 nan 23.0 nan 24.0 nan 25.0 nan 26.0 nan 27.0 nan 28.0 nan 29.0 nan 30.0 nan
422.642341  0.0 0.920167 1.0 1.057564 2.0 1.183577 3.0 1.338055 4.0 nan 5.0 nan 6.0 nan 7.0 nan 8.0 nan 9.0 nan 10.0 nan 11.0 nan 12.0 nan 13.0 nan 14.0 nan 15.0 nan 16.0 nan 17.0 nan 18.0 nan 19.0 nan 20.0 nan 21.0 nan 22.0 nan 23.0 nan 24.0 nan 25.0 nan 26.0 nan 27.0 nan 28.0 nan 29.0 nan 30.0 nan
447.013078  0.0 0.923128 1.0 1.059389 2.0 1.190707 3.0 nan 4.0 nan 5.0 nan 6.0 nan 7.0 nan 8.0 nan 9.0 nan 10.0 nan 11.0 nan 12.0 nan 13.0 nan 14.0 nan 15.0 nan 16.0 nan 17.0 nan 18.0 nan 19.0 nan 20.0 nan 21.0 nan 22.0 nan 23.0 nan 24.0 nan 25.0 nan 26.0 nan 27.0 nan 28.0 nan 29.0 nan 30.0 nan
472.789100  0.0 0.925371 1.0 1.061216 2.0 1.221405 3.0 nan 4.0 nan 5.0 nan 6.0 nan 7.0 nan 8.0 nan 9.0 nan 10.0 nan 11.0 nan 12.0 nan 13.0 nan 14.0 nan 15.0 nan 16.0 nan 17.0 nan 18.0 nan 19.0 nan 20.0 nan 21.0 nan 22.0 nan 23.0 nan 24.0 nan 25.0 nan 26.0 nan 27.0 nan 28.0 nan 29.0 nan 30.0 nan
500.051440  0.0 0.927620 1.0 1.065382 2.0 nan 3.0 nan 4.0 nan 5.0 nan 6.0 nan 7.0 nan 8.0 nan 9.0 nan 10.0 nan 11.0 nan 12.0 nan 13.0 nan 14.0 nan 15.0 nan 16.0 nan 17.0 nan 18.0 nan 19.0 nan 20.0 nan 21.0 nan 22.0 nan 23.0 nan 24.0 nan 25.0 nan 26.0 nan 27.0 nan 28.0 nan 29.0 nan 30.0 nan
528.885802  0.0 0.930674 1.0 1.090776 2.0 nan 3.0 nan 4.0 nan 5.0 nan 6.0 nan 7.0 nan 8.0 nan 9.0 nan 10.0 nan 11.0 nan 12.0 nan 13.0 nan 14.0 nan 15.0 nan 16.0 nan 17.0 nan 18.0 nan 19.0 nan 20.0 nan 21.0 nan 22.0 nan 23.0 nan 24.0 nan 25.0 nan 26.0 nan 27.0 nan 28.0 nan 29.0 nan 30.0 nan
559.382834  0.0 0.934033 1.0 nan 2.0 nan 3.0 nan 4.0 nan 5.0 nan 6.0 nan 7.0 nan 8.0 nan 9.0 nan 10.0 nan 11.0 nan 12.0 nan 13.0 nan 14.0 nan 15.0 nan 16.0 nan 17.0 nan 18.0 nan 19.0 nan 20.0 nan 21.0 nan 22.0 nan 23.0 nan 24.0 nan 25.0 nan 26.0 nan 27.0 nan 28.0 nan 29.0 nan 30.0 nan
591.638410  0.0 0.951979 1.0 nan 2.0 nan 3.0 nan 4.0 nan 5.0 nan 6.0 nan 7.0 nan 8.0 nan 9.0 nan 10.0 nan 11.0 nan 12.0 nan 13.0 nan 14.0 nan 15.0 nan 16.0 nan 17.0 nan 18.0 nan 19.0 nan 20.0 nan 21.0 nan 22.0 nan 23.0 nan 24.0 nan 25.0 nan 26.0 nan 27.0 nan 28.0 nan 29.0 nan 30.0 nan
625.753932  0.0 0.964799 1.0 nan 2.0 nan 3.0 nan 4.0 nan 5.0 nan 6.0 nan 7.0 nan 8.0 nan 9.0 nan 10.0 nan 11.0 nan 12.0 nan 13.0 nan 14.0 nan 15.0 nan 16.0 nan 17.0 nan 18.0 nan 19.0 nan 20.0 nan 21.0 nan 22.0 nan 23.0 nan 24.0 nan 25.0 nan 26.0 nan 27.0 nan 28.0 nan 29.0 nan 30.0 nan
661.836651  0.0 nan 1.0 nan 2.0 nan 3.0 nan 4.0 nan 5.0 nan 6.0 nan 7.0 nan 8.0 nan 9.0 nan 10.0 nan 11.0 nan 12.0 nan 13.0 nan 14.0 nan 15.0 nan 16.0 nan 17.0 nan 18.0 nan 19.0 nan 20.0 nan 21.0 nan 22.0 nan 23.0 nan 24.0 nan 25.0 nan 26.0 nan 27.0 nan 28.0 nan 29.0 nan 30.0 nan
700.000000  0.0 nan 1.0 nan 2.0 nan 3.0 nan 4.0 nan 5.0 nan 6.0 nan 7.0 nan 8.0 nan 9.0 nan 10.0 nan 11.0 nan 12.0 nan 13.0 nan 14.0 nan 15.0 nan 16.0 nan 17.0 nan 18.0 nan 19.0 nan 20.0 nan 21.0 nan 22.0 nan 23.0 nan 24.0 nan 25.0 nan 26.0 nan 27.0 nan 28.0 nan 29.0 nan 30.0 nan
