1.000000  0.0 nan 1.0 nan 2.0 nan 3.0 nan 4.0 nan 5.0 208.906487 6.0 207.403613 7.0 205.837062 8.0 204.228414 9.0 202.596848 10.0 201.020381 11.0 199.927755 12.0 198.821124 13.0 197.711256 14.0 196.606014 15.0 195.511145 16.0 194.429982 17.0 193.364283 18.0 192.314003 19.0 191.278129 20.0 190.245488 21.0 189.151565 22.0 188.068364 23.0 186.993248 24.0 185.923933 25.0 184.859303 26.0 183.799294 27.0 182.745772 28.0 181.702330 29.0 180.675233 30.0 179.673139
1.033468  0.0 204.620440 1.0 205.989115 2.0 205.707184 3.0 204.713415 4.0 203.577113 5.0 202.282540 6.0 200.825093 7.0 199.306329 8.0 197.746981 9.0 196.165637 10.0 194.637866 11.0 193.578627 12.0 192.505980 13.0 191.430235 14.0 190.359089 15.0 189.298000 16.0 188.250279 17.0 187.217534 18.0 186.199806 19.0 185.196024 20.0 184.195457 21.0 183.135559 22.0 182.086126 23.0 181.044523 24.0 180.008620 25.0 178.977257 26.0 177.950447 27.0 176.929915 28.0 175.919209 29.0 174.924315 30.0 173.953674
1.068056  0.0 198.153476 1.0 199.474574 2.0 199.197771 3.0 198.232113 4.0 197.128947 5.0 195.872848 6.0 194.459423 7.0 192.986850 8.0 191.475213 9.0 189.942473 10.0 188.461828 11.0 187.434897 12.0 186.395139 13.0 185.352417 14.0 184.314266 15.0 183.285866 16.0 182.270510 17.0 181.269653 18.0 180.283427 19.0 179.310700 20.0 178.341173 21.0 177.314199 22.0 176.297445 23.0 175.288272 24.0 174.284702 25.0 173.285531 26.0 172.290846 27.0 171.302237 28.0 170.323211 29.0 169.359477 30.0 168.419273
1.103801  0.0 191.895607 1.0 193.170686 2.0 192.898862 3.0 191.960415 4.0 190.889326 5.0 189.670464 6.0 188.299648 7.0 186.871778 8.0 185.406312 9.0 183.920661 10.0 182.485571 11.0 181.489908 12.0 180.481979 13.0 179.471213 14.0 178.464995 15.0 177.468228 16.0 176.484193 17.0 175.514195 18.0 174.558455 19.0 173.615780 20.0 172.676292 21.0 171.681178 22.0 170.696047 23.0 169.718256 24.0 168.745976 25.0 167.777954 26.0 166.814358 27.0 165.856641 28.0 164.908271 29.0 163.974690 30.0 163.063940
1.140743  0.0 185.840082 1.0 187.070620 2.0 186.803628 3.0 185.891567 4.0 184.851488 5.0 183.668667 6.0 182.339092 7.0 180.954484 8.0 179.533703 9.0 178.093624 10.0 176.702621 11.0 175.737235 12.0 174.760092 13.0 173.780268 14.0 172.804937 15.0 171.838797 16.0 170.885058 17.0 169.944940 18.0 169.018685 19.0 168.105119 20.0 167.194673 21.0 166.230415 22.0 165.275862 23.0 164.328450 24.0 163.386439 25.0 162.448560 26.0 161.515049 27.0 160.587224 28.0 159.668520 29.0 158.764116 30.0 157.881871
1.178921  0.0 179.980355 1.0 181.167765 2.0 180.905467 3.0 180.018977 4.0 179.008890 5.0 177.861016 6.0 176.571296 7.0 175.228557 8.0 173.851057 9.0 172.455047 10.0 171.106709 11.0 170.170660 12.0 169.223276 13.0 168.273431 14.0 167.327957 15.0 166.391491 16.0 165.467037 17.0 164.555865 18.0 163.658114 19.0 162.772736 20.0 161.890377 21.0 160.955998 22.0 160.031017 23.0 159.113034 24.0 158.200283 25.0 157.291614 26.0 156.387176 27.0 155.488304 28.0 154.598281 29.0 153.722130 30.0 152.867448
1.218377  0.0 174.310033 1.0 175.455726 2.0 175.197985 3.0 174.336255 4.0 173.355201 5.0 172.241156 6.0 170.990009 7.0 169.687792 8.0 168.352202 9.0 166.998820 10.0 165.691772 11.0 164.784117 12.0 163.865533 13.0 162.944702 14.0 162.028121 15.0 161.120373 16.0 160.224259 17.0 159.341100 18.0 158.470933 19.0 157.612835 20.0 156.757654 21.0 155.852192 22.0 154.955826 23.0 154.066324 24.0 153.181887 25.0 152.301487 26.0 151.425180 27.0 150.554340 28.0 149.692058 29.0 148.843269 30.0 148.015239
1.259154  0.0 168.822971 1.0 169.928331 2.0 169.675000 3.0 168.837244 4.0 167.884295 5.0 166.802998 6.0 165.589183 7.0 164.326199 8.0 163.031158 9.0 161.719031 10.0 160.451943 11.0 159.571768 12.0 158.681055 13.0 157.788304 14.0 156.899686 15.0 156.019731 16.0 155.151041 17.0 154.294994 18.0 153.451520 19.0 152.619823 20.0 151.790944 21.0 150.913466 22.0 150.044792 23.0 149.182852 24.0 148.325813 25.0 147.472770 26.0 146.623686 27.0 145.779973 28.0 144.944534 29.0 144.122223 30.0 143.319984
1.301295  0.0 163.513224 1.0 164.579632 2.0 164.330544 3.0 163.515986 4.0 162.590285 5.0 161.540647 6.0 160.362966 7.0 159.138002 8.0 157.882159 9.0 156.609958 10.0 155.381549 11.0 154.527964 12.0 153.664234 13.0 152.798651 14.0 151.937096 15.0 151.084037 16.0 150.241889 17.0 149.412079 18.0 148.594443 19.0 147.788291 20.0 146.984879 21.0 146.134468 22.0 145.292591 23.0 144.457324 24.0 143.626799 25.0 142.800230 26.0 141.977489 27.0 141.160028 28.0 140.350565 29.0 139.553879 30.0 138.776595
1.344847  0.0 158.375039 1.0 159.403775 2.0 159.158866 3.0 158.366714 4.0 157.467421 5.0 156.448402 6.0 155.305696 7.0 154.117531 8.0 152.899625 9.0 151.666064 10.0 150.475141 11.0 149.647242 12.0 148.809671 13.0 147.970336 14.0 147.135022 15.0 146.307943 16.0 145.491531 17.0 144.687064 18.0 143.894475 19.0 143.113001 20.0 142.334268 21.0 141.510019 22.0 140.694120 23.0 139.884620 24.0 139.079786 25.0 138.278804 26.0 137.481574 27.0 136.689499 28.0 135.905179 29.0 135.133284 30.0 134.380152
1.389856  0.0 153.402849 1.0 154.395154 2.0 154.154305 3.0 153.383849 4.0 152.510126 5.0 151.520746 6.0 150.411943 7.0 149.259346 8.0 148.078157 9.0 146.881993 10.0 145.727351 11.0 144.924311 12.0 144.112059 13.0 143.298127 14.0 142.488210 15.0 141.686274 16.0 140.894769 17.0 140.114827 18.0 139.346480 19.0 138.588889 20.0 137.834040 21.0 137.035107 22.0 136.244350 23.0 135.459785 24.0 134.679825 25.0 133.903592 26.0 133.131074 27.0 132.363542 28.0 131.603589 29.0 130.855648 30.0 130.125928
1.436371  0.0 148.591274 1.0 149.548341 2.0 149.311441 3.0 148.561993 4.0 147.713027 5.0 146.752339 6.0 145.676368 7.0 144.558185 8.0 143.412532 9.0 142.252612 10.0 141.133036 11.0 140.354054 12.0 139.566309 13.0 138.776961 14.0 137.991625 15.0 137.214021 16.0 136.446623 17.0 135.690415 18.0 134.945530 19.0 134.211050 20.0 133.479317 21.0 132.704884 22.0 131.938459 23.0 131.178024 24.0 130.422137 25.0 129.669854 26.0 128.921252 27.0 128.177468 28.0 127.441097 29.0 126.716335 30.0 126.009272
1.484444  0.0 143.935172 1.0 144.858085 2.0 144.625026 3.0 143.895994 4.0 143.070928 5.0 142.138031 6.0 141.093827 7.0 140.008951 8.0 138.897693 9.0 137.772864 10.0 136.687216 11.0 135.931535 12.0 135.167495 13.0 134.401948 14.0 133.640395 15.0 132.886340 16.0 132.142273 17.0 131.409035 18.0 130.686857 19.0 129.974751 20.0 129.265382 21.0 128.514661 22.0 127.771781 23.0 127.034697 24.0 126.302107 25.0 125.573000 26.0 124.847544 27.0 124.126741 28.0 123.413192 29.0 122.710861 30.0 122.025724
1.534125  0.0 139.429423 1.0 140.319305 2.0 140.089983 3.0 139.380727 4.0 138.578800 5.0 137.672861 6.0 136.659354 7.0 135.606718 8.0 134.528799 9.0 133.437887 10.0 132.385075 11.0 131.651990 12.0 130.910850 13.0 130.168386 14.0 129.429804 15.0 128.698594 16.0 127.977054 17.0 127.266099 18.0 126.565844 19.0 125.875435 20.0 125.187667 21.0 124.459941 22.0 123.739801 23.0 123.025352 24.0 122.315272 25.0 121.608616 26.0 120.905537 27.0 120.206981 28.0 119.515510 29.0 118.834885 30.0 118.170968
1.585469  0.0 135.069146 1.0 135.927103 2.0 135.701398 3.0 135.011299 4.0 134.231774 5.0 133.351936 6.0 132.368145 7.0 131.346715 8.0 130.301082 9.0 129.242982 10.0 128.221952 11.0 127.510740 12.0 126.791762 13.0 126.071642 14.0 125.355290 15.0 124.646193 16.0 123.946454 17.0 123.257065 18.0 122.578028 19.0 121.908619 20.0 121.241754 21.0 120.536284 22.0 119.838151 23.0 119.145618 24.0 118.457311 25.0 117.772406 26.0 117.090958 27.0 116.413970 28.0 115.743827 29.0 115.084250 30.0 114.440826
1.638531  0.0 130.849618 1.0 131.676769 2.0 131.454537 3.0 130.782976 4.0 130.025171 5.0 129.170577 6.0 128.215551 7.0 127.224376 8.0 126.209947 9.0 125.183605 10.0 124.193335 11.0 123.503296 12.0 122.805768 13.0 122.107276 14.0 121.412440 15.0 120.724744 16.0 120.046105 17.0 119.377590 18.0 118.719087 19.0 118.070003 20.0 117.423369 21.0 116.739438 22.0 116.062602 23.0 115.391281 24.0 114.724044 25.0 114.060191 26.0 113.399675 27.0 112.743560 28.0 112.094056 29.0 111.454852 30.0 110.831256
1.693369  0.0 126.766268 1.0 127.563634 2.0 127.344845 3.0 126.691176 4.0 125.954453 5.0 125.124253 6.0 124.197073 7.0 123.235206 8.0 122.250962 9.0 121.255357 10.0 120.294900 11.0 119.625317 12.0 118.948585 13.0 118.270993 14.0 117.597003 15.0 116.930000 16.0 116.271797 17.0 115.623471 18.0 114.984858 19.0 114.355428 20.0 113.728396 21.0 113.065289 22.0 112.409068 23.0 111.758273 24.0 111.111426 25.0 110.467947 26.0 109.827688 27.0 109.191774 28.0 108.562243 29.0 107.942755 30.0 107.338347
1.750042  0.0 122.814674 1.0 123.583243 2.0 123.367806 3.0 122.731469 4.0 122.015164 5.0 121.208582 6.0 120.308404 7.0 119.374864 8.0 118.419836 9.0 117.453984 10.0 116.522409 11.0 115.872601 12.0 115.216027 13.0 114.558636 14.0 113.904860 15.0 113.257849 16.0 112.619467 17.0 111.990639 18.0 111.371315 19.0 110.760871 20.0 110.152840 21.0 109.509857 22.0 108.873635 23.0 108.242658 24.0 107.615584 25.0 106.991783 26.0 106.371151 27.0 105.754763 28.0 105.144571 29.0 104.544155 30.0 103.958319
1.808613  0.0 118.990618 1.0 119.731284 2.0 119.519114 3.0 118.899587 4.0 118.203035 5.0 117.419320 6.0 116.545313 7.0 115.639167 8.0 114.712421 9.0 113.775410 10.0 112.871751 11.0 112.241084 12.0 111.604022 13.0 110.966185 14.0 110.331975 15.0 109.704313 16.0 109.085117 17.0 108.475160 18.0 107.874506 19.0 107.282436 20.0 106.692797 21.0 106.069290 22.0 105.452423 23.0 104.840625 24.0 104.232699 25.0 103.627932 26.0 103.026320 27.0 102.428805 28.0 101.837365 29.0 101.255368 30.0 100.687549
1.869143  0.0 115.289928 1.0 116.003586 2.0 115.794599 3.0 115.191418 4.0 114.513939 5.0 113.752403 6.0 112.903696 7.0 112.024070 8.0 111.124700 9.0 110.215633 10.0 109.338971 11.0 108.726845 12.0 108.108658 13.0 107.489748 14.0 106.874477 15.0 106.265542 16.0 105.664917 17.0 105.073225 18.0 104.490642 19.0 103.916355 20.0 103.344519 21.0 102.739859 22.0 102.141727 23.0 101.548490 24.0 100.959096 25.0 100.372749 26.0 99.789547 27.0 99.210294 28.0 98.637004 29.0 98.072832 30.0 97.522450
1.931699  0.0 111.708568 1.0 112.396113 2.0 112.190229 3.0 111.602887 4.0 110.943878 5.0 110.203860 6.0 109.379610 7.0 108.525657 8.0 107.652851 9.0 106.770771 10.0 105.920241 11.0 105.326116 12.0 104.726149 13.0 104.125620 14.0 103.528620 15.0 102.937864 16.0 102.355163 17.0 101.781194 18.0 101.216058 19.0 100.659030 20.0 100.104377 21.0 99.517998 22.0 98.937960 23.0 98.362707 24.0 97.791230 25.0 97.222713 26.0 96.657323 27.0 96.095745 28.0 95.540021 29.0 94.993098 30.0 94.459593
1.996349  0.0 108.242659 1.0 108.905050 2.0 108.702105 3.0 108.130107 4.0 107.488991 5.0 106.769810 6.0 105.969237 7.0 105.140149 8.0 104.293058 9.0 103.437093 10.0 102.611860 11.0 102.035161 12.0 101.452830 13.0 100.870096 14.0 100.290780 15.0 99.717630 16.0 99.152269 17.0 98.595469 18.0 98.047207 19.0 97.506893 20.0 96.968862 21.0 96.400193 22.0 95.837651 23.0 95.279837 24.0 94.725667 25.0 94.174454 26.0 93.626257 27.0 93.081823 28.0 92.543061 29.0 92.012858 30.0 91.495659
2.063163  0.0 104.888448 1.0 105.526524 2.0 105.326530 3.0 104.769318 4.0 104.145613 5.0 103.446532 6.0 102.668884 7.0 101.863934 8.0 101.041674 9.0 100.210990 10.0 99.410245 11.0 98.850416 12.0 98.285155 13.0 97.719649 14.0 97.157450 15.0 96.601344 16.0 96.052766 17.0 95.512586 18.0 94.980654 19.0 94.456521 20.0 93.934577 21.0 93.383051 22.0 92.837442 23.0 92.296507 24.0 91.759087 25.0 91.224624 26.0 90.693065 27.0 90.165235 28.0 89.642877 29.0 89.128879 30.0 88.627438
2.132212  0.0 101.642305 1.0 102.256880 2.0 102.059765 3.0 101.516880 4.0 100.910044 5.0 100.230428 6.0 99.475007 7.0 98.693399 8.0 97.895177 9.0 97.088965 10.0 96.311995 11.0 95.768432 12.0 95.219757 13.0 94.670867 14.0 94.125282 15.0 93.585629 16.0 93.053330 17.0 92.529205 18.0 92.013110 19.0 91.504610 20.0 90.998268 21.0 90.463304 22.0 89.934093 23.0 89.409486 24.0 88.888276 25.0 88.370025 26.0 87.854568 27.0 87.342811 28.0 86.836327 29.0 86.338013 30.0 85.851823
2.203573  0.0 98.500813 1.0 99.092578 2.0 98.898274 3.0 98.369303 4.0 97.778782 5.0 97.118016 6.0 96.384168 7.0 95.625111 8.0 94.850161 9.0 94.067665 10.0 93.313689 11.0 92.785870 12.0 92.253260 13.0 91.720447 14.0 91.190967 15.0 90.667221 16.0 90.150709 17.0 89.642095 18.0 89.141361 19.0 88.647962 20.0 88.156749 21.0 87.637788 22.0 87.124496 23.0 86.615647 24.0 86.110176 25.0 85.607567 26.0 85.107725 27.0 84.611492 28.0 84.120386 29.0 83.637239 30.0 83.165814
2.277322  0.0 95.460480 1.0 96.030192 2.0 95.838634 3.0 95.323209 4.0 94.748435 5.0 94.105969 6.0 93.392971 7.0 92.655748 8.0 91.903329 9.0 91.143842 10.0 90.412077 11.0 89.899501 12.0 89.382444 13.0 88.865196 14.0 88.351306 15.0 87.842957 16.0 87.341729 17.0 86.848130 18.0 86.362266 19.0 85.883482 20.0 85.406916 21.0 84.903444 22.0 84.405562 23.0 83.911963 24.0 83.421732 25.0 82.934256 26.0 82.449551 27.0 81.968320 28.0 81.492136 29.0 81.023629 30.0 80.566539
2.353539  0.0 92.518011 1.0 93.066459 2.0 92.877534 3.0 92.375240 4.0 91.815723 5.0 91.191025 6.0 90.498177 7.0 89.782095 8.0 89.051554 9.0 88.314280 10.0 87.604019 11.0 87.106270 12.0 86.604203 13.0 86.102073 14.0 85.603225 15.0 85.109817 16.0 84.623350 17.0 84.144310 18.0 83.672815 19.0 83.208204 20.0 82.745791 21.0 82.257324 22.0 81.774345 23.0 81.295506 24.0 80.820028 25.0 80.347198 26.0 79.877144 27.0 79.410433 28.0 78.948692 29.0 78.494354 30.0 78.051140
2.432307  0.0 89.670223 1.0 90.198170 2.0 90.011822 3.0 89.522207 4.0 88.977506 5.0 88.369987 6.0 87.696653 7.0 87.001068 8.0 86.291698 9.0 85.575917 10.0 84.886474 11.0 84.403084 12.0 83.915526 13.0 83.428052 14.0 82.943748 15.0 82.464836 16.0 81.992626 17.0 81.527719 18.0 81.070096 19.0 80.619242 20.0 80.170492 21.0 79.696597 22.0 79.227996 23.0 78.763497 24.0 78.302246 25.0 77.843625 26.0 77.387720 27.0 76.935075 28.0 76.487299 29.0 76.046676 30.0 75.616890
2.513711  0.0 86.914035 1.0 87.422174 2.0 87.238388 3.0 86.761022 4.0 86.230735 5.0 85.639802 6.0 84.985365 7.0 84.309684 8.0 83.620760 9.0 82.925788 10.0 82.256516 11.0 81.787016 12.0 81.313505 13.0 80.840219 14.0 80.369996 15.0 79.905118 16.0 79.446710 17.0 78.995486 18.0 78.551290 19.0 78.113755 20.0 77.678230 21.0 77.218441 22.0 76.763757 23.0 76.313146 24.0 75.865660 25.0 75.420815 26.0 74.978581 27.0 74.539593 28.0 74.105293 29.0 73.677995 30.0 73.261155
2.597839  0.0 84.246558 1.0 84.735467 2.0 84.554187 3.0 84.088702 4.0 83.572381 5.0 82.997516 6.0 82.361448 7.0 81.704977 8.0 81.035849 9.0 80.361023 10.0 79.711343 11.0 79.255232 12.0 78.795394 13.0 78.335775 14.0 77.879236 15.0 77.427892 16.0 76.982884 17.0 76.544869 18.0 76.113703 19.0 75.689031 20.0 75.266336 21.0 74.820174 22.0 74.378967 23.0 73.941793 24.0 73.507629 25.0 73.076122 26.0 72.647119 27.0 72.221350 28.0 71.800092 29.0 71.385694 30.0 70.981382
2.684783  0.0 81.664832 1.0 82.135143 2.0 81.956317 3.0 81.502442 4.0 80.999567 5.0 80.440284 6.0 79.822013 7.0 79.184126 8.0 78.534168 9.0 77.878907 10.0 77.248140 11.0 76.804992 12.0 76.358396 13.0 75.912007 14.0 75.468736 15.0 75.030478 16.0 74.598472 17.0 74.173215 18.0 73.754698 19.0 73.342443 20.0 72.932205 21.0 72.499200 22.0 72.071094 23.0 71.646873 24.0 71.225651 25.0 70.807007 26.0 70.390837 27.0 69.977837 28.0 69.569212 29.0 69.167291 30.0 68.775104
2.774637  0.0 79.166048 1.0 79.618448 2.0 79.441967 3.0 78.999355 4.0 78.509511 5.0 77.965400 6.0 77.364294 7.0 76.744405 8.0 76.113044 9.0 75.476716 10.0 74.864242 11.0 74.433680 12.0 73.999872 13.0 73.566306 14.0 73.135869 15.0 72.710279 16.0 72.290864 17.0 71.877957 18.0 71.471687 19.0 71.071453 20.0 70.673275 21.0 70.253005 22.0 69.837583 23.0 69.425899 24.0 69.017220 25.0 68.611013 26.0 68.207297 27.0 67.806625 28.0 67.410275 29.0 67.020383 30.0 66.639989
2.867499  0.0 76.747507 1.0 77.182652 2.0 77.008481 3.0 76.576732 4.0 76.099550 5.0 75.570111 6.0 74.985631 7.0 74.383183 8.0 73.769872 9.0 73.151829 10.0 72.557067 11.0 72.138738 12.0 71.717270 13.0 71.296181 14.0 70.878110 15.0 70.464852 16.0 70.057562 17.0 69.656663 18.0 69.262200 19.0 68.873649 20.0 68.487100 21.0 68.079190 22.0 67.676017 23.0 67.276477 24.0 66.879931 25.0 66.485762 26.0 66.094103 27.0 65.705363 28.0 65.320896 29.0 64.942647 30.0 64.573668
2.963468  0.0 74.406619 1.0 74.825073 2.0 74.653206 3.0 74.231954 4.0 73.767113 5.0 73.251827 6.0 72.683452 7.0 72.097975 8.0 71.502068 9.0 70.901732 10.0 70.324121 11.0 69.917640 12.0 69.508120 13.0 69.099115 14.0 68.693016 15.0 68.291705 16.0 67.896148 17.0 67.506895 18.0 67.123844 19.0 66.746627 20.0 66.371316 21.0 65.975405 22.0 65.584055 23.0 65.196326 24.0 64.811472 25.0 64.429007 26.0 64.048968 27.0 63.671808 28.0 63.298814 29.0 62.931848 30.0 62.573904
3.062648  0.0 72.140918 1.0 72.543163 2.0 72.373556 3.0 71.962513 4.0 71.509612 5.0 71.008041 6.0 70.455340 7.0 69.886231 8.0 69.307179 9.0 68.723989 10.0 68.163069 11.0 67.767983 12.0 67.370092 13.0 66.972731 14.0 66.578259 15.0 66.188483 16.0 65.804302 17.0 65.426309 18.0 65.054313 19.0 64.688063 20.0 64.323634 21.0 63.939339 22.0 63.559434 23.0 63.183140 24.0 62.809603 25.0 62.438480 26.0 62.069679 27.0 61.703758 28.0 61.341839 29.0 60.985840 30.0 60.638534
3.165149  0.0 69.947869 1.0 70.334462 2.0 70.167067 3.0 69.766005 4.0 69.324607 5.0 68.836362 6.0 68.298833 7.0 67.745559 8.0 67.182831 9.0 66.616306 10.0 66.071494 11.0 65.687441 12.0 65.300834 13.0 64.914728 14.0 64.531557 15.0 64.152909 16.0 63.779800 17.0 63.412653 18.0 63.051426 19.0 62.695731 20.0 62.341903 21.0 61.968789 22.0 61.600009 23.0 61.234742 24.0 60.872181 25.0 60.512017 26.0 60.154093 27.0 59.799053 28.0 59.447854 29.0 59.102472 30.0 58.765462
3.271080  0.0 67.825103 1.0 68.196686 2.0 68.031367 3.0 67.639980 4.0 67.209735 5.0 66.734469 6.0 66.211581 7.0 65.673646 8.0 65.126777 9.0 64.576370 10.0 64.047132 11.0 63.673804 12.0 63.298088 13.0 62.922894 14.0 62.550654 15.0 62.182781 16.0 61.820395 17.0 61.463750 18.0 61.112951 19.0 60.767475 20.0 60.423913 21.0 60.061623 22.0 59.703636 23.0 59.349022 24.0 58.997131 25.0 58.647533 26.0 58.300202 27.0 57.955632 28.0 57.614854 29.0 57.279706 30.0 56.952695
3.380556  0.0 65.770328 1.0 66.127420 2.0 65.964235 3.0 65.582141 4.0 65.162787 5.0 64.700030 6.0 64.191326 7.0 63.668288 8.0 63.136786 9.0 62.601950 10.0 62.087795 11.0 61.724900 12.0 61.359687 13.0 60.995128 14.0 60.633409 15.0 60.276037 16.0 59.923968 17.0 59.577542 18.0 59.236792 19.0 58.901251 20.0 58.567589 21.0 58.215801 22.0 57.868242 23.0 57.523940 24.0 57.182381 25.0 56.843011 26.0 56.505936 27.0 56.171502 28.0 55.840830 29.0 55.515570 30.0 55.198267
3.493696  0.0 63.781447 1.0 64.124429 2.0 63.963340 3.0 63.590267 4.0 63.181505 5.0 62.730845 6.0 62.235908 7.0 61.727338 8.0 61.210667 9.0 60.690911 10.0 60.191389 11.0 59.838578 12.0 59.483538 13.0 59.129280 14.0 58.777748 15.0 58.430558 16.0 58.088469 17.0 57.751964 18.0 57.420919 19.0 57.095031 20.0 56.770924 21.0 56.429351 22.0 56.091842 23.0 55.757591 24.0 55.425969 25.0 55.096543 26.0 54.769354 27.0 54.444753 28.0 54.123844 29.0 53.808160 30.0 53.500251
3.610622  0.0 61.856193 1.0 62.185552 2.0 62.026524 3.0 61.662305 4.0 61.263721 5.0 60.824788 6.0 60.343269 7.0 59.848642 8.0 59.346337 9.0 58.841199 10.0 58.355904 11.0 58.012799 12.0 57.667695 13.0 57.323333 14.0 56.981722 15.0 56.644337 16.0 56.311946 17.0 55.985017 18.0 55.663388 19.0 55.346830 20.0 55.031985 21.0 54.700295 22.0 54.372514 23.0 54.047998 24.0 53.725993 25.0 53.406220 26.0 53.088579 27.0 52.773540 28.0 52.462039 29.0 52.155684 30.0 51.856811
3.731462  0.0 59.992492 1.0 60.308805 2.0 60.151695 3.0 59.796085 4.0 59.407365 5.0 58.979902 6.0 58.511289 7.0 58.030171 8.0 57.541794 9.0 57.050885 10.0 56.579295 11.0 56.245590 12.0 55.910113 13.0 55.575334 14.0 55.243359 15.0 54.915446 16.0 54.592492 17.0 54.274792 18.0 53.962339 19.0 53.654759 20.0 53.348945 21.0 53.026761 22.0 52.708456 23.0 52.393311 24.0 52.080648 25.0 51.770191 26.0 51.461799 27.0 51.156013 28.0 50.853619 29.0 50.556296 30.0 50.266170
3.856346  0.0 58.188345 1.0 58.492066 2.0 58.336946 3.0 57.989583 4.0 57.610490 5.0 57.194097 6.0 56.737989 7.0 56.269971 8.0 55.795162 9.0 55.317957 10.0 54.859640 11.0 54.535126 12.0 54.208894 13.0 53.883448 14.0 53.560756 15.0 53.242039 16.0 52.928203 17.0 52.619444 18.0 52.315875 19.0 52.016988 20.0 51.719922 21.0 51.406943 22.0 51.097830 23.0 50.791742 24.0 50.488163 25.0 50.186686 26.0 49.887311 27.0 49.590422 28.0 49.296898 29.0 49.008268 30.0 48.726648
3.985410  0.0 56.441908 1.0 56.733367 2.0 56.580206 3.0 56.240851 4.0 55.871150 5.0 55.465442 6.0 55.021462 7.0 54.566222 8.0 54.104473 9.0 53.640541 10.0 53.195085 11.0 52.879481 12.0 52.562198 13.0 52.245828 14.0 51.932095 15.0 51.622343 16.0 51.317282 17.0 51.017256 18.0 50.722217 19.0 50.431820 20.0 50.143155 21.0 49.839139 22.0 49.538879 23.0 49.241582 24.0 48.946778 25.0 48.653996 26.0 48.363351 27.0 48.075075 28.0 47.790153 29.0 47.509924 30.0 47.236566
4.118793  0.0 54.751189 1.0 55.030825 2.0 54.879581 3.0 54.548107 4.0 54.187421 5.0 53.792074 6.0 53.359947 7.0 52.916996 8.0 52.467900 9.0 52.016828 10.0 51.583919 11.0 51.276863 12.0 50.968308 13.0 50.660673 14.0 50.355644 15.0 50.054551 16.0 49.757989 17.0 49.466423 18.0 49.179644 19.0 48.897477 20.0 48.616942 21.0 48.321631 22.0 48.029918 23.0 47.741185 24.0 47.454828 25.0 47.170532 26.0 46.888273 27.0 46.608381 28.0 46.331742 29.0 46.059674 30.0 45.794289
4.256640  0.0 53.114366 1.0 53.382703 2.0 53.233261 3.0 52.909432 4.0 52.557485 5.0 52.172291 6.0 51.751555 7.0 51.320514 8.0 50.883683 9.0 50.445155 10.0 50.024320 11.0 49.725541 12.0 49.425475 13.0 49.126272 14.0 48.829733 15.0 48.536970 16.0 48.248721 17.0 47.965269 18.0 47.686557 19.0 47.412296 20.0 47.139687 21.0 46.852754 22.0 46.569341 23.0 46.288878 24.0 46.010701 25.0 45.734626 26.0 45.460483 27.0 45.188733 28.0 44.920091 29.0 44.655963 30.0 44.398258
4.399100  0.0 51.529742 1.0 51.787118 2.0 51.639547 3.0 51.323052 4.0 50.979661 5.0 50.604248 6.0 50.194551 7.0 49.775068 8.0 49.350203 9.0 48.923744 10.0 48.514601 11.0 48.223916 12.0 47.932002 13.0 47.641007 14.0 47.352657 15.0 47.067972 16.0 46.787768 17.0 46.512174 18.0 46.241290 19.0 45.974672 20.0 45.709766 21.0 45.430923 22.0 45.155600 23.0 44.883094 24.0 44.612907 25.0 44.344723 26.0 44.078484 27.0 43.814574 28.0 43.553696 29.0 43.297237 30.0 43.046973
4.546329  0.0 49.995614 1.0 50.242351 2.0 50.096626 3.0 49.787282 4.0 49.452213 5.0 49.086251 6.0 48.687280 7.0 48.279067 8.0 47.865714 9.0 47.450948 10.0 47.053135 11.0 46.770315 12.0 46.486281 13.0 46.203288 14.0 45.922822 15.0 45.646038 16.0 45.373552 17.0 45.105641 18.0 44.842272 19.0 44.583111 20.0 44.325612 21.0 44.054634 22.0 43.787116 23.0 43.522319 24.0 43.259871 25.0 42.999324 26.0 42.740766 27.0 42.484421 28.0 42.231108 29.0 41.982026 30.0 41.739028
4.698485  0.0 48.510269 1.0 48.746814 2.0 48.602838 3.0 48.300539 4.0 47.973459 5.0 47.616692 6.0 47.228181 7.0 46.830811 8.0 46.428614 9.0 46.025186 10.0 45.638442 11.0 45.363149 12.0 45.086812 13.0 44.811514 14.0 44.538712 15.0 44.269559 16.0 44.004549 17.0 43.744095 18.0 43.487991 19.0 43.236081 20.0 42.985730 21.0 42.722418 22.0 42.462413 23.0 42.205154 24.0 41.950129 25.0 41.697030 26.0 41.445858 27.0 41.196864 28.0 40.950850 29.0 40.708918 30.0 40.472950
4.855733  0.0 47.072125 1.0 47.298883 2.0 47.156660 3.0 46.861128 4.0 46.541814 5.0 46.194048 6.0 45.815598 7.0 45.428739 8.0 45.037384 9.0 44.645008 10.0 44.268901 11.0 44.000903 12.0 43.732058 13.0 43.464185 14.0 43.198872 15.0 42.937050 16.0 42.679369 17.0 42.426055 18.0 42.177053 19.0 41.932104 20.0 41.688726 21.0 41.432790 22.0 41.180079 23.0 40.930105 24.0 40.682267 25.0 40.436403 26.0 40.192363 27.0 39.950533 28.0 39.711543 29.0 39.476597 30.0 39.247372
5.018244  0.0 45.679741 1.0 45.896946 2.0 45.756495 3.0 45.467504 4.0 45.155840 5.0 44.816703 6.0 44.448010 7.0 44.071394 8.0 43.690572 9.0 43.308836 10.0 42.943038 11.0 42.682204 12.0 42.420528 13.0 42.159905 14.0 41.901795 15.0 41.647098 16.0 41.396498 17.0 41.150099 18.0 40.907998 19.0 40.669773 20.0 40.433183 21.0 40.184361 22.0 39.938775 23.0 39.695796 24.0 39.454986 25.0 39.216064 26.0 38.978968 27.0 38.744038 28.0 38.511864 29.0 38.283669 30.0 38.060973
5.186194  0.0 44.331504 1.0 44.539533 2.0 44.400800 3.0 44.118260 4.0 43.813938 5.0 43.483176 6.0 43.124018 7.0 42.757320 8.0 42.386655 9.0 42.015230 10.0 41.659458 11.0 41.405540 12.0 41.150809 13.0 40.897250 14.0 40.646084 15.0 40.398358 16.0 40.154552 17.0 39.914937 18.0 39.679441 19.0 39.447794 20.0 39.217716 21.0 38.975823 22.0 38.737102 23.0 38.500906 24.0 38.266905 25.0 38.034696 26.0 37.804362 27.0 37.576078 28.0 37.350561 29.0 37.128847 30.0 36.912545
5.359765  0.0 43.025971 1.0 43.225250 2.0 43.088163 3.0 42.811884 4.0 42.514666 5.0 42.192121 6.0 41.842166 7.0 41.485048 8.0 41.124230 9.0 40.762851 10.0 40.416814 11.0 40.169535 12.0 39.921628 13.0 39.674825 14.0 39.430442 15.0 39.189418 16.0 38.952219 17.0 38.719158 18.0 38.490059 19.0 38.264804 20.0 38.041016 21.0 37.805879 22.0 37.573765 23.0 37.344210 24.0 37.116734 25.0 36.891085 26.0 36.667241 27.0 36.445426 28.0 36.226326 29.0 36.010898 30.0 35.800778
5.539145  0.0 41.761870 1.0 41.952591 2.0 41.817213 3.0 41.546945 4.0 41.256716 5.0 40.942091 6.0 40.601039 7.0 40.253216 8.0 39.902023 9.0 39.550352 10.0 39.213703 11.0 38.972900 12.0 38.731573 13.0 38.491316 14.0 38.253543 15.0 38.018978 16.0 37.788247 17.0 37.561472 18.0 37.338655 19.0 37.119511 20.0 36.901886 21.0 36.673224 22.0 36.447546 23.0 36.224390 24.0 36.003241 25.0 35.783958 26.0 35.566383 27.0 35.350875 28.0 35.137947 29.0 34.928669 30.0 34.724474
5.724528  0.0 40.537726 1.0 40.720213 2.0 40.586505 3.0 40.322152 4.0 40.038685 5.0 39.731718 6.0 39.399338 7.0 39.060601 8.0 38.718661 9.0 38.376380 10.0 38.048831 11.0 37.814368 12.0 37.579360 13.0 37.345543 14.0 37.114085 15.0 36.885839 16.0 36.661317 17.0 36.440665 18.0 36.223907 19.0 36.010693 20.0 35.799044 21.0 35.576642 22.0 35.357245 23.0 35.140241 24.0 34.925293 25.0 34.712106 26.0 34.500657 27.0 34.291203 28.0 34.084283 29.0 33.880931 30.0 33.682488
5.916116  0.0 39.352223 1.0 39.526889 2.0 39.394755 3.0 39.136186 4.0 38.859233 5.0 38.559763 6.0 38.235817 7.0 37.905816 8.0 37.572851 9.0 37.239688 10.0 36.921041 11.0 36.692633 12.0 36.463805 13.0 36.236179 14.0 36.010855 15.0 35.788753 16.0 35.570219 17.0 35.355558 18.0 35.144613 19.0 34.937222 20.0 34.731289 21.0 34.515021 22.0 34.301641 23.0 34.090635 24.0 33.881658 25.0 33.674383 26.0 33.468882 27.0 33.265271 28.0 33.064213 29.0 32.866557 30.0 32.673744
6.114115  0.0 38.204226 1.0 38.371230 2.0 38.240750 3.0 37.987717 4.0 37.717167 5.0 37.424966 6.0 37.109151 7.0 36.787625 8.0 36.463417 9.0 36.139132 10.0 35.829038 11.0 35.606502 12.0 35.383704 13.0 35.162035 14.0 34.942738 15.0 34.726511 16.0 34.513851 17.0 34.304926 18.0 34.099662 19.0 33.897869 20.0 33.697501 21.0 33.487165 22.0 33.279600 23.0 33.074449 24.0 32.871214 25.0 32.669735 26.0 32.469926 27.0 32.272033 28.0 32.076596 29.0 31.884493 30.0 31.697097
6.318742  0.0 37.092380 1.0 37.252028 2.0 37.123159 3.0 36.875577 4.0 36.611246 5.0 36.326055 6.0 36.018151 7.0 35.704924 8.0 35.389170 9.0 35.073440 10.0 34.771641 11.0 34.554893 12.0 34.337850 13.0 34.122023 14.0 33.908505 15.0 33.698001 16.0 33.491027 17.0 33.287642 18.0 33.087927 19.0 32.891516 20.0 32.696602 21.0 32.491955 22.0 32.290100 23.0 32.090547 24.0 31.892917 25.0 31.697012 26.0 31.502731 27.0 31.310380 28.0 31.120370 29.0 30.933683 30.0 30.751496
6.530216  0.0 36.015513 1.0 36.168167 2.0 36.040830 3.0 35.798582 4.0 35.540235 5.0 35.261908 6.0 34.961726 7.0 34.656474 8.0 34.348905 9.0 34.041472 10.0 33.747790 11.0 33.536584 12.0 33.325153 13.0 33.114992 14.0 32.907046 15.0 32.702157 16.0 32.500629 17.0 32.302704 18.0 32.108279 19.0 31.917150 20.0 31.727456 21.0 31.528359 22.0 31.332009 23.0 31.137876 24.0 30.945711 25.0 30.755168 26.0 30.566306 27.0 30.379262 28.0 30.194574 29.0 30.013069 30.0 29.835975
6.748769  0.0 34.972577 1.0 35.118381 2.0 34.992654 3.0 34.755514 4.0 34.503062 5.0 34.231398 6.0 33.938649 7.0 33.641136 8.0 33.341553 9.0 33.042229 10.0 32.756348 11.0 32.550485 12.0 32.344568 13.0 32.139832 14.0 31.937374 15.0 31.737843 16.0 31.541646 17.0 31.348967 18.0 31.159689 19.0 30.973682 20.0 30.789026 21.0 30.595355 22.0 30.404292 23.0 30.215490 24.0 30.028541 25.0 29.843248 26.0 29.659582 27.0 29.477705 28.0 29.298157 29.0 29.121665 30.0 28.949527
6.974636  0.0 33.962339 1.0 34.101611 2.0 33.977422 3.0 33.745338 4.0 33.498595 5.0 33.233357 6.0 32.947852 7.0 32.657919 8.0 32.366056 9.0 32.074534 10.0 31.796219 11.0 31.595642 12.0 31.394974 13.0 31.195552 14.0 30.998375 15.0 30.804043 16.0 30.613044 17.0 30.425406 18.0 30.241188 19.0 30.060077 20.0 29.880392 21.0 29.691893 22.0 29.506005 23.0 29.322318 24.0 29.140443 25.0 28.960244 26.0 28.781586 27.0 28.604766 28.0 28.430147 29.0 28.258583 30.0 28.091175
7.208062  0.0 32.983788 1.0 33.116791 2.0 32.994123 3.0 32.766948 4.0 32.525712 5.0 32.266790 6.0 31.988343 7.0 31.705697 8.0 31.421305 9.0 31.137356 10.0 30.866450 11.0 30.670934 12.0 30.475380 13.0 30.281134 14.0 30.089031 15.0 29.899823 16.0 29.713783 17.0 29.531110 18.0 29.351721 19.0 29.175408 20.0 29.000491 21.0 28.817027 22.0 28.636166 23.0 28.457403 24.0 28.280508 25.0 28.105183 26.0 27.931449 27.0 27.759458 28.0 27.589656 29.0 27.422824 30.0 27.260023
7.449300  0.0 32.035892 1.0 32.162794 2.0 32.041699 3.0 31.819250 4.0 31.583473 5.0 31.330647 6.0 31.059004 7.0 30.783433 8.0 30.506350 9.0 30.229796 10.0 29.966010 11.0 29.775371 12.0 29.584854 13.0 29.395553 14.0 29.208455 15.0 29.024134 16.0 28.842947 17.0 28.665061 18.0 28.490353 19.0 28.318716 20.0 28.148383 21.0 27.969864 22.0 27.793812 23.0 27.619892 24.0 27.447752 25.0 27.277188 26.0 27.108195 27.0 26.940885 28.0 26.775775 29.0 26.613493 30.0 26.455206
7.698612  0.0 31.117567 1.0 31.238711 2.0 31.119073 3.0 30.901348 4.0 30.670802 5.0 30.423877 6.0 30.158895 7.0 29.890256 8.0 29.620210 9.0 29.350778 10.0 29.093901 11.0 28.908100 12.0 28.722368 13.0 28.537922 14.0 28.355637 15.0 28.176056 16.0 27.999610 17.0 27.826316 18.0 27.656224 19.0 27.489045 20.0 27.323237 21.0 27.149433 22.0 26.978083 23.0 26.808828 24.0 26.641295 25.0 26.475377 26.0 26.310936 27.0 26.148230 28.0 25.987598 29.0 25.829788 30.0 25.675811
7.956268  0.0 30.227959 1.0 30.343480 2.0 30.225383 3.0 30.012166 4.0 29.786714 5.0 29.545616 6.0 29.287074 7.0 29.025103 8.0 28.761886 9.0 28.499390 10.0 28.249282 11.0 28.068090 12.0 27.887040 13.0 27.707308 14.0 27.529650 15.0 27.354749 16.0 27.182821 17.0 27.014058 18.0 26.848366 19.0 26.685559 20.0 26.524096 21.0 26.354874 22.0 26.188107 23.0 26.023331 24.0 25.860335 25.0 25.698848 26.0 25.538881 27.0 25.380574 28.0 25.224316 29.0 25.070818 30.0 24.921019
8.222548  0.0 29.366011 1.0 29.476153 2.0 29.359571 3.0 29.150777 4.0 28.930365 5.0 28.694847 6.0 28.442545 7.0 28.187080 8.0 27.930546 9.0 27.674784 10.0 27.431183 11.0 27.254468 12.0 27.078003 13.0 26.902782 14.0 26.729708 15.0 26.559253 16.0 26.391762 17.0 26.227356 18.0 26.065937 19.0 25.907390 20.0 25.750100 21.0 25.585389 22.0 25.422997 23.0 25.262632 24.0 25.103965 25.0 24.946810 26.0 24.791160 27.0 24.637107 28.0 24.485121 29.0 24.335759 30.0 24.190069
8.497739  0.0 28.530849 1.0 28.635874 2.0 28.520750 3.0 28.316323 4.0 28.100730 5.0 27.870671 6.0 27.624496 7.0 27.375350 8.0 27.125250 9.0 26.875996 10.0 26.638721 11.0 26.466427 12.0 26.294332 13.0 26.123567 14.0 25.954867 15.0 25.788755 16.0 25.625576 17.0 25.465355 18.0 25.308152 19.0 25.153665 20.0 25.000511 21.0 24.840086 22.0 24.681985 23.0 24.525863 24.0 24.371393 25.0 24.218466 26.0 24.066955 27.0 23.917096 28.0 23.769181 29.0 23.623887 30.0 23.482119
8.782140  0.0 27.721600 1.0 27.821644 2.0 27.708061 3.0 27.507819 4.0 27.296997 5.0 27.072278 6.0 26.831997 7.0 26.588961 8.0 26.345124 9.0 26.102237 10.0 25.871143 11.0 25.703044 12.0 25.535257 13.0 25.368775 14.0 25.204318 15.0 25.042463 16.0 24.883405 17.0 24.727338 18.0 24.574130 19.0 24.423648 20.0 24.274442 21.0 24.118204 22.0 23.964269 23.0 23.812224 24.0 23.661891 25.0 23.512995 26.0 23.365563 27.0 23.219701 28.0 23.075770 29.0 22.934397 30.0 22.796430
9.076059  0.0 26.937332 1.0 27.032707 2.0 26.920555 3.0 26.724507 4.0 26.518295 5.0 26.298722 6.0 26.064199 7.0 25.827155 8.0 25.589425 9.0 25.352671 10.0 25.127531 11.0 24.963566 12.0 24.799941 13.0 24.637589 14.0 24.477319 15.0 24.319517 16.0 24.164535 17.0 24.012423 18.0 23.863135 19.0 23.716520 20.0 23.571136 21.0 23.418996 22.0 23.269045 23.0 23.121035 24.0 22.974631 25.0 22.829692 26.0 22.686180 27.0 22.544198 28.0 22.404149 29.0 22.266535 30.0 22.132313
9.379816  0.0 26.177318 1.0 26.268130 2.0 26.157514 3.0 25.965477 4.0 25.763753 5.0 25.549267 6.0 25.320354 7.0 25.089082 8.0 24.857247 9.0 24.626449 10.0 24.407148 11.0 24.247192 12.0 24.087567 13.0 23.929313 14.0 23.773018 15.0 23.619215 16.0 23.468142 17.0 23.319877 18.0 23.174414 19.0 23.031502 20.0 22.889897 21.0 22.741662 22.0 22.595643 23.0 22.451481 24.0 22.308917 25.0 22.167814 26.0 22.028071 27.0 21.889910 28.0 21.753562 29.0 21.619664 30.0 21.488999
9.693738  0.0 25.440615 1.0 25.527136 2.0 25.418005 3.0 25.229941 4.0 25.032662 5.0 24.823062 6.0 24.599575 7.0 24.373937 8.0 24.147879 9.0 23.922911 10.0 23.709228 11.0 23.553115 12.0 23.397473 13.0 23.243100 14.0 23.090723 15.0 22.940776 16.0 22.793484 17.0 22.649002 18.0 22.507184 19.0 22.367957 20.0 22.229928 21.0 22.085537 22.0 21.943294 23.0 21.802866 24.0 21.664056 25.0 21.526623 26.0 21.390613 27.0 21.256076 28.0 21.123371 29.0 20.993027 30.0 20.865836
10.018167  0.0 24.726533 1.0 24.808928 2.0 24.701308 3.0 24.517138 4.0 24.324131 5.0 24.119334 6.0 23.901184 7.0 23.681032 8.0 23.460542 9.0 23.241195 10.0 23.032973 11.0 22.880699 12.0 22.728824 13.0 22.578277 14.0 22.429690 15.0 22.283458 16.0 22.139904 17.0 21.999015 18.0 21.860814 19.0 21.725086 20.0 21.590577 21.0 21.449897 22.0 21.311296 23.0 21.174545 24.0 21.039311 25.0 20.905507 26.0 20.773046 27.0 20.642064 28.0 20.512875 29.0 20.385966 30.0 20.262173
10.353453  0.0 24.034214 1.0 24.112695 2.0 24.006620 3.0 23.826239 4.0 23.637493 5.0 23.437375 6.0 23.224371 7.0 23.009532 8.0 22.794478 9.0 22.580635 10.0 22.377769 11.0 22.229122 12.0 22.080965 13.0 21.934125 14.0 21.789183 15.0 21.646636 16.0 21.506626 17.0 21.369296 18.0 21.234552 19.0 21.102243 20.0 20.971153 21.0 20.834039 22.0 20.699043 23.0 20.565783 24.0 20.434079 25.0 20.303746 26.0 20.174744 27.0 20.047219 28.0 19.921401 29.0 19.797883 30.0 19.677323
10.699961  0.0 23.362948 1.0 23.437742 2.0 23.333186 3.0 23.156598 4.0 22.971946 5.0 22.776372 6.0 22.568434 7.0 22.358811 8.0 22.149048 9.0 21.940515 10.0 21.742810 11.0 21.597752 12.0 21.453196 13.0 21.309922 14.0 21.168602 15.0 21.029547 16.0 20.893042 17.0 20.759129 18.0 20.627747 19.0 20.498782 20.0 20.370958 21.0 20.237387 22.0 20.105807 23.0 19.975987 24.0 19.847677 25.0 19.720708 26.0 19.595093 27.0 19.470868 28.0 19.348396 29.0 19.228091 30.0 19.110719
11.058066  0.0 22.711964 1.0 22.783243 2.0 22.680302 3.0 22.507378 4.0 22.326801 5.0 22.135729 6.0 21.932684 7.0 21.728102 8.0 21.523468 9.0 21.320122 10.0 21.127483 11.0 20.985895 12.0 20.844814 13.0 20.705082 14.0 20.567194 15.0 20.431594 16.0 20.298464 17.0 20.167864 18.0 20.039785 19.0 19.914006 20.0 19.789441 21.0 19.659222 22.0 19.531006 23.0 19.404507 24.0 19.279473 25.0 19.155815 26.0 19.033423 27.0 18.912470 28.0 18.793173 29.0 18.676026 30.0 18.561724
11.428156  0.0 22.080536 1.0 22.148569 2.0 22.047199 3.0 21.877970 4.0 21.701357 5.0 21.514636 6.0 21.316389 7.0 21.116759 8.0 20.917157 9.0 20.718855 10.0 20.531103 11.0 20.392879 12.0 20.255240 13.0 20.118870 14.0 19.984383 15.0 19.852110 16.0 19.722251 17.0 19.594915 18.0 19.469978 19.0 19.347375 20.0 19.225894 21.0 19.098977 22.0 18.974015 23.0 18.850714 24.0 18.728916 25.0 18.608403 26.0 18.489203 27.0 18.371369 28.0 18.255176 29.0 18.141091 30.0 18.029746
11.810632  0.0 21.496964 1.0 21.533668 2.0 21.433236 3.0 21.267596 4.0 21.094905 5.0 20.912501 6.0 20.718952 7.0 20.524119 8.0 20.329387 9.0 20.135982 10.0 19.953022 11.0 19.818119 12.0 19.683756 13.0 19.550728 14.0 19.419511 15.0 19.290469 16.0 19.163833 17.0 19.039601 18.0 18.917796 19.0 18.798208 20.0 18.679766 21.0 18.556044 22.0 18.434216 23.0 18.314080 24.0 18.195352 25.0 18.077951 26.0 17.961803 27.0 17.847009 28.0 17.733841 29.0 17.622688 30.0 17.514268
12.205908  0.0 20.899521 1.0 20.963698 2.0 20.864481 3.0 20.675633 4.0 20.506814 5.0 20.328603 6.0 20.139630 7.0 19.949513 8.0 19.759564 9.0 19.570962 10.0 19.392648 11.0 19.260919 12.0 19.129828 13.0 18.999999 14.0 18.871973 15.0 18.746108 16.0 18.622541 17.0 18.501406 18.0 18.382579 19.0 18.265958 20.0 18.150460 21.0 18.029820 22.0 17.911092 23.0 17.793959 24.0 17.678269 25.0 17.563851 26.0 17.450673 27.0 17.338849 28.0 17.228570 29.0 17.120331 30.0 17.014679
12.614414  0.0 20.322091 1.0 20.381295 2.0 20.286451 3.0 20.130658 4.0 19.936368 5.0 19.762328 6.0 19.577877 7.0 19.392349 8.0 19.207041 9.0 19.023096 10.0 18.849318 11.0 18.720765 12.0 18.592789 13.0 18.466106 14.0 18.341204 15.0 18.218374 16.0 18.097876 17.0 17.979684 18.0 17.863790 19.0 17.750047 20.0 17.637391 21.0 17.519796 22.0 17.404013 23.0 17.289855 24.0 17.177080 25.0 17.065563 26.0 16.955291 27.0 16.846301 28.0 16.738897 29.0 16.633414 30.0 16.530499
13.036591  0.0 19.763442 1.0 19.818485 2.0 19.723460 3.0 19.569250 4.0 19.409767 5.0 19.218854 6.0 19.032973 7.0 18.851953 8.0 18.671210 9.0 18.491839 10.0 18.322505 11.0 18.196978 12.0 18.072094 13.0 17.948472 14.0 17.826579 15.0 17.706783 16.0 17.589194 17.0 17.473911 18.0 17.360860 19.0 17.249901 20.0 17.140052 21.0 17.025355 22.0 16.912495 23.0 16.801188 24.0 16.691252 25.0 16.582575 26.0 16.475077 27.0 16.368908 28.0 16.264226 29.0 16.161462 30.0 16.061179
13.472898  0.0 19.222506 1.0 19.273831 2.0 19.179255 3.0 19.026959 4.0 18.869601 5.0 18.704580 6.0 18.530410 7.0 18.338745 8.0 18.151480 9.0 17.976558 10.0 17.811544 11.0 17.689044 12.0 17.567149 13.0 17.446506 14.0 17.327600 15.0 17.210688 16.0 17.095991 17.0 16.983520 18.0 16.873229 19.0 16.765017 20.0 16.657841 21.0 16.546029 22.0 16.435965 23.0 16.327444 24.0 16.220283 25.0 16.114320 26.0 16.009585 27.0 15.906090 28.0 15.804091 29.0 15.703949 30.0 15.606219
13.923807  0.0 18.698472 1.0 18.746516 2.0 18.652554 3.0 18.502603 4.0 18.347706 5.0 18.185338 6.0 18.014098 7.0 17.842549 8.0 17.671717 9.0 17.492813 10.0 17.328692 11.0 17.196346 12.0 17.077394 13.0 16.959687 14.0 16.843640 15.0 16.729607 16.0 16.617695 17.0 16.507971 18.0 16.400396 19.0 16.294808 20.0 16.190307 21.0 16.081243 22.0 15.973924 23.0 15.868119 24.0 15.763621 25.0 15.660360 26.0 15.558243 27.0 15.457387 28.0 15.357979 29.0 15.260378 30.0 15.165152
14.389807  0.0 18.190566 1.0 18.235575 2.0 18.142538 3.0 17.995005 4.0 17.842783 5.0 17.683384 6.0 17.515395 7.0 17.347087 8.0 17.179507 9.0 17.013588 10.0 16.857604 11.0 16.741871 12.0 16.626888 13.0 16.487416 14.0 16.374228 15.0 16.262955 16.0 16.153784 17.0 16.046753 18.0 15.941791 19.0 15.838826 20.0 15.736866 21.0 15.630519 22.0 15.525866 23.0 15.422683 24.0 15.320827 25.0 15.220132 26.0 15.120606 27.0 15.022294 28.0 14.925400 29.0 14.830293 30.0 14.737456
14.871403  0.0 17.698206 1.0 17.740421 2.0 17.648343 3.0 17.503411 4.0 17.353965 5.0 17.197581 6.0 17.032906 7.0 16.868017 8.0 16.703899 9.0 16.541440 10.0 16.388797 11.0 16.275033 12.0 16.162141 13.0 16.050603 14.0 15.940783 15.0 15.833115 16.0 15.727552 17.0 15.599316 18.0 15.496954 19.0 15.396491 20.0 15.297060 21.0 15.193340 22.0 15.091279 23.0 14.990685 24.0 14.891349 25.0 14.793200 26.0 14.696168 27.0 14.600335 28.0 14.505904 29.0 14.413182 30.0 14.322726
15.369118  0.0 17.220735 1.0 17.260343 2.0 17.169366 3.0 17.026999 4.0 16.880394 5.0 16.727136 6.0 16.565873 7.0 16.404438 8.0 16.243799 9.0 16.084821 10.0 15.935554 11.0 15.824052 12.0 15.713311 13.0 15.603903 14.0 15.496268 15.0 15.390558 16.0 15.287025 17.0 15.185630 18.0 15.086310 19.0 14.989046 20.0 14.892781 21.0 14.785232 22.0 14.669701 23.0 14.571590 24.0 14.474761 25.0 14.379055 26.0 14.284465 27.0 14.191054 28.0 14.098990 29.0 14.008639 30.0 13.920443
15.883489  0.0 16.757717 1.0 16.794841 2.0 16.704970 3.0 16.565244 4.0 16.421458 5.0 16.271277 6.0 16.113387 7.0 15.955435 8.0 15.798321 9.0 15.642876 10.0 15.497061 11.0 15.387751 12.0 15.279281 13.0 15.172129 14.0 15.066621 15.0 14.963122 16.0 14.861642 17.0 14.762259 18.0 14.664952 19.0 14.569508 20.0 14.475210 21.0 14.376889 22.0 14.280244 23.0 14.185081 24.0 14.091124 25.0 13.990709 26.0 13.891075 27.0 13.793967 28.0 13.704246 29.0 13.616156 30.0 13.530201
16.415075  0.0 16.308552 1.0 16.343361 2.0 16.254638 3.0 16.117478 4.0 15.976531 5.0 15.829450 6.0 15.674937 7.0 15.520409 8.0 15.366760 9.0 15.214788 10.0 15.072366 11.0 14.965376 12.0 14.859165 13.0 14.754249 14.0 14.651025 15.0 14.549655 16.0 14.450326 17.0 14.353040 18.0 14.257708 19.0 14.164318 20.0 14.071905 21.0 13.975670 22.0 13.881056 23.0 13.787827 24.0 13.695929 25.0 13.605117 26.0 13.515445 27.0 13.426932 28.0 13.339716 29.0 13.254210 30.0 13.170733
16.964453  0.0 15.872858 1.0 15.905424 2.0 15.817874 3.0 15.683298 4.0 15.545103 5.0 15.401038 6.0 15.249837 7.0 15.098709 8.0 14.948502 9.0 14.799981 10.0 14.660943 11.0 14.556167 12.0 14.452240 13.0 14.349596 14.0 14.248551 15.0 14.149412 16.0 14.052214 17.0 13.957006 18.0 13.863770 19.0 13.772325 20.0 13.681938 21.0 13.587777 22.0 13.495198 23.0 13.404052 24.0 13.314097 25.0 13.225315 26.0 13.137603 27.0 13.051022 28.0 12.965787 29.0 12.882098 30.0 12.800519
17.532217  0.0 15.450122 1.0 15.480596 2.0 15.394181 3.0 15.262133 4.0 15.126693 5.0 14.985629 6.0 14.837675 7.0 14.689858 8.0 14.543003 9.0 14.397844 10.0 14.262113 11.0 14.159609 12.0 14.057903 13.0 13.957476 14.0 13.858677 15.0 13.761666 16.0 13.666608 17.0 13.573500 18.0 13.482266 19.0 13.392872 20.0 13.304431 21.0 13.212368 22.0 13.121867 23.0 13.032703 24.0 12.944812 25.0 12.857997 26.0 12.772263 27.0 12.687669 28.0 12.604316 29.0 12.522589 30.0 12.442804
18.118983  0.0 15.039944 1.0 15.068384 2.0 14.983177 3.0 14.853600 4.0 14.720820 5.0 14.582674 6.0 14.437911 7.0 14.293357 8.0 14.149803 9.0 14.007955 10.0 13.875467 11.0 13.775117 12.0 13.675638 13.0 13.577410 14.0 13.480743 15.0 13.385905 16.0 13.292931 17.0 13.201870 18.0 13.112688 19.0 13.025229 20.0 12.938781 21.0 12.848778 22.0 12.760295 23.0 12.673188 24.0 12.587249 25.0 12.502429 26.0 12.418663 27.0 12.335986 28.0 12.254603 29.0 12.174713 30.0 12.096788
18.725386  0.0 14.641924 1.0 14.668461 2.0 14.584366 3.0 14.457244 4.0 14.327110 5.0 14.191827 6.0 14.050160 7.0 13.908772 8.0 13.768423 9.0 13.629788 10.0 13.500483 11.0 13.402312 12.0 13.304960 13.0 13.208880 14.0 13.114366 15.0 13.021584 16.0 12.930685 17.0 12.841650 18.0 12.754421 19.0 12.668945 20.0 12.584399 21.0 12.496435 22.0 12.409973 23.0 12.324811 24.0 12.240869 25.0 12.157982 26.0 12.076141 27.0 11.995405 28.0 11.915875 29.0 11.837876 30.0 11.761738
19.352085  0.0 14.255619 1.0 14.280339 2.0 14.197422 3.0 14.072660 4.0 13.945088 5.0 13.812614 6.0 13.673990 7.0 13.535710 8.0 13.398503 9.0 13.263017 10.0 13.136791 11.0 13.040692 12.0 12.945474 13.0 12.851484 14.0 12.759026 15.0 12.668320 16.0 12.579412 17.0 12.492351 18.0 12.407084 19.0 12.323477 20.0 12.240851 21.0 12.154867 22.0 12.070355 23.0 11.987165 24.0 11.905114 25.0 11.824147 26.0 11.744205 27.0 11.665321 28.0 11.587678 29.0 11.511470 30.0 11.437118
19.999758  0.0 13.880728 1.0 13.903681 2.0 13.821901 3.0 13.699493 4.0 13.574443 5.0 13.444684 6.0 13.309009 7.0 13.173742 8.0 13.039589 9.0 12.907171 10.0 12.783975 11.0 12.689941 12.0 12.596741 13.0 12.504812 14.0 12.414391 15.0 12.325646 16.0 12.238728 17.0 12.153590 18.0 12.070201 19.0 11.988483 20.0 11.907673 21.0 11.823644 22.0 11.741057 23.0 11.659734 24.0 11.579588 25.0 11.500471 26.0 11.422373 27.0 11.345342 28.0 11.269477 29.0 11.195072 30.0 11.122438
20.669107  0.0 13.516813 1.0 13.538110 2.0 13.457447 3.0 13.337317 4.0 13.214741 5.0 13.087659 6.0 12.954878 7.0 12.822562 8.0 12.691383 9.0 12.561937 10.0 12.441670 11.0 12.349626 12.0 12.258451 13.0 12.168490 14.0 12.080039 15.0 11.993265 16.0 11.908226 17.0 11.824978 18.0 11.743441 19.0 11.663511 20.0 11.584528 21.0 11.502376 22.0 11.421652 23.0 11.342199 24.0 11.263853 25.0 11.186566 26.0 11.110271 27.0 11.035007 28.0 10.960931 29.0 10.888233 30.0 10.817299
21.360857  0.0 13.163541 1.0 13.183234 2.0 13.103727 3.0 12.985841 4.0 12.865651 5.0 12.741156 6.0 12.611187 7.0 12.481747 8.0 12.353471 9.0 12.226931 10.0 12.109543 11.0 12.019435 12.0 11.930188 13.0 11.842188 14.0 11.755649 15.0 11.670751 16.0 11.587597 17.0 11.506159 18.0 11.426417 19.0 11.348270 20.0 11.271008 21.0 11.190718 22.0 11.111811 23.0 11.034137 24.0 10.957596 25.0 10.882057 26.0 10.807516 27.0 10.734001 28.0 10.661614 29.0 10.590624 30.0 10.521320
22.075760  0.0 12.820598 1.0 12.838779 2.0 12.760346 3.0 12.644667 4.0 12.526839 5.0 12.404893 6.0 12.277663 7.0 12.151009 8.0 12.025546 9.0 11.901822 10.0 11.787217 11.0 11.699019 12.0 11.611676 13.0 11.525531 14.0 11.440877 15.0 11.357826 16.0 11.276455 17.0 11.196818 18.0 11.118815 19.0 11.042375 20.0 10.966840 21.0 10.888316 22.0 10.811182 23.0 10.735267 24.0 10.660430 25.0 10.586629 26.0 10.513785 27.0 10.441949 28.0 10.371250 29.0 10.301872 30.0 10.234178
22.814588  0.0 12.487606 1.0 12.504346 2.0 12.427024 3.0 12.313472 4.0 12.197934 5.0 12.078474 6.0 11.953921 7.0 11.829993 8.0 11.707280 9.0 11.586308 10.0 11.474435 11.0 11.388045 12.0 11.302551 13.0 11.218260 14.0 11.135394 15.0 11.054137 16.0 10.974544 17.0 10.896604 18.0 10.820315 19.0 10.745546 20.0 10.671650 21.0 10.594886 22.0 10.519457 23.0 10.445234 24.0 10.372100 25.0 10.299942 26.0 10.228761 27.0 10.158568 28.0 10.089470 29.0 10.021703 30.0 9.955543
23.578144  0.0 12.164282 1.0 12.179626 2.0 12.103406 3.0 11.991967 4.0 11.878673 5.0 11.761618 6.0 11.639662 7.0 11.518378 8.0 11.398332 9.0 11.280034 10.0 11.170824 11.0 11.086241 12.0 11.002523 13.0 10.920007 14.0 10.838925 15.0 10.759393 16.0 10.681504 17.0 10.605264 18.0 10.530601 19.0 10.457460 20.0 10.385184 21.0 10.310085 22.0 10.236342 23.0 10.163767 24.0 10.092251 25.0 10.021731 26.0 9.952143 27.0 9.883540 28.0 9.816026 29.0 9.749779 30.0 9.685142
24.367254  0.0 11.850313 1.0 11.864347 2.0 11.789167 3.0 11.679795 4.0 11.568703 5.0 11.454013 6.0 11.334599 7.0 11.215899 8.0 11.098457 9.0 10.982754 10.0 10.876120 11.0 10.793262 12.0 10.711304 13.0 10.630518 14.0 10.551132 15.0 10.473308 16.0 10.397077 17.0 10.322455 18.0 10.249414 19.0 10.177834 20.0 10.107120 21.0 10.033680 22.0 9.961532 23.0 9.890566 24.0 9.820643 25.0 9.751673 26.0 9.683661 27.0 9.616597 28.0 9.550599 29.0 9.485868 30.0 9.422670
25.182773  0.0 11.545374 1.0 11.558159 2.0 11.484066 3.0 11.376688 4.0 11.267724 5.0 11.155335 6.0 11.038396 7.0 10.922212 8.0 10.807305 9.0 10.694136 10.0 10.590029 11.0 10.508865 12.0 10.428576 13.0 10.349491 14.0 10.271779 15.0 10.195570 16.0 10.120970 17.0 10.047938 18.0 9.976434 19.0 9.906401 20.0 9.837198 21.0 9.765344 22.0 9.694785 23.0 9.625358 24.0 9.556973 25.0 9.489544 26.0 9.423022 27.0 9.357466 28.0 9.292949 29.0 9.229657 30.0 9.167892
26.025587  0.0 11.249212 1.0 11.260789 2.0 11.187754 3.0 11.082355 4.0 10.975493 5.0 10.865345 6.0 10.750810 7.0 10.637069 8.0 10.524621 9.0 10.413908 10.0 10.312250 11.0 10.232746 12.0 10.154116 13.0 10.076642 14.0 10.000557 15.0 9.925960 16.0 9.852902 17.0 9.781419 18.0 9.711437 19.0 9.642865 20.0 9.575153 21.0 9.504847 22.0 9.435797 23.0 9.367894 24.0 9.300996 25.0 9.235039 26.0 9.169999 27.0 9.105881 28.0 9.042801 29.0 8.980927 30.0 8.920518
26.896608  0.0 10.961538 1.0 10.971981 2.0 10.899955 3.0 10.796490 4.0 10.691679 5.0 10.583728 6.0 10.471543 7.0 10.360188 8.0 10.250140 9.0 10.141824 10.0 10.042565 11.0 9.964633 12.0 9.887611 13.0 9.811742 14.0 9.737212 15.0 9.664164 16.0 9.592645 17.0 9.522640 18.0 9.454128 19.0 9.387015 20.0 9.320710 21.0 9.251915 22.0 9.184354 23.0 9.117893 24.0 9.052457 25.0 8.987937 26.0 8.924307 27.0 8.861611 28.0 8.799914 29.0 8.739404 30.0 8.680339
27.796780  0.0 10.682062 1.0 10.691425 2.0 10.620446 3.0 10.518855 4.0 10.416031 5.0 10.310209 6.0 10.200314 7.0 10.091281 8.0 9.983570 9.0 9.877587 10.0 9.780668 11.0 9.704305 12.0 9.628820 13.0 9.554494 14.0 9.481506 15.0 9.409954 16.0 9.339907 17.0 9.271369 18.0 9.204272 19.0 9.138556 20.0 9.073656 21.0 9.006302 22.0 8.940179 23.0 8.875151 24.0 8.811101 25.0 8.747980 26.0 8.685738 27.0 8.624390 28.0 8.564055 29.0 8.504866 30.0 8.447086
28.727078  0.0 10.410548 1.0 10.418870 2.0 10.348915 3.0 10.249177 4.0 10.148312 5.0 10.044580 6.0 9.936910 7.0 9.830135 8.0 9.724692 9.0 9.620971 10.0 9.526319 11.0 9.451469 12.0 9.377509 13.0 9.304676 14.0 9.233163 15.0 9.163086 16.0 9.094474 17.0 9.027333 18.0 8.961634 19.0 8.897273 20.0 8.833714 21.0 8.767787 22.0 8.703049 23.0 8.639394 24.0 8.576720 25.0 8.514937 26.0 8.454034 27.0 8.394023 28.0 8.334978 29.0 8.277081 30.0 8.220554
29.688512  0.0 10.146749 1.0 10.154093 2.0 10.085110 3.0 9.987185 4.0 9.888234 5.0 9.786541 6.0 9.681045 7.0 9.576472 8.0 9.473242 9.0 9.371728 10.0 9.279301 11.0 9.205906 12.0 9.133409 13.0 9.062048 14.0 8.991975 15.0 8.923303 16.0 8.856098 17.0 8.790329 18.0 8.725958 19.0 8.662930 20.0 8.600679 21.0 8.536112 22.0 8.472739 23.0 8.410418 24.0 8.349056 25.0 8.288595 26.0 8.228983 27.0 8.170252 28.0 8.112485 29.0 8.055821 30.0 8.000512
30.682123  0.0 9.890398 1.0 9.896810 2.0 9.828831 3.0 9.732661 4.0 9.635565 5.0 9.535852 6.0 9.432474 7.0 9.330046 8.0 9.228970 9.0 9.129603 10.0 9.039345 11.0 8.967390 12.0 8.896315 13.0 8.826358 14.0 8.757698 15.0 8.690410 16.0 8.624539 17.0 8.560112 18.0 8.497052 19.0 8.435286 20.0 8.374318 21.0 8.311086 22.0 8.249009 23.0 8.187994 24.0 8.127918 25.0 8.068713 26.0 8.010369 27.0 7.952882 28.0 7.896337 29.0 7.840889 30.0 7.786748
31.708988  0.0 9.641262 1.0 9.646787 2.0 9.579799 3.0 9.485365 4.0 9.390096 5.0 9.292323 6.0 9.191006 7.0 9.090663 8.0 8.991680 9.0 8.894398 10.0 8.806243 11.0 8.735671 12.0 8.665993 13.0 8.597416 14.0 8.530097 15.0 8.464159 16.0 8.399614 17.0 8.336457 18.0 8.274672 19.0 8.214159 20.0 8.154405 21.0 8.092473 22.0 8.031677 23.0 7.971903 24.0 7.913076 25.0 7.855110 26.0 7.797971 27.0 7.741699 28.0 7.686346 29.0 7.632057 30.0 7.579065
32.770220  0.0 9.399153 1.0 9.403831 2.0 9.337786 3.0 9.245050 4.0 9.151565 5.0 9.055685 6.0 8.956379 7.0 8.858070 8.0 8.761127 9.0 8.665877 10.0 8.579785 11.0 8.510555 12.0 8.442214 13.0 8.374984 14.0 8.308994 15.0 8.244336 16.0 8.181076 17.0 8.119182 18.0 8.058610 19.0 7.999308 20.0 7.940761 21.0 7.880067 22.0 7.820508 23.0 7.761962 24.0 7.704328 25.0 7.647558 26.0 7.591610 27.0 7.536494 28.0 7.482300 29.0 7.429149 30.0 7.377250
33.866969  0.0 9.163812 1.0 9.167690 2.0 9.102594 3.0 9.011505 4.0 8.919756 5.0 8.825722 6.0 8.728376 7.0 8.632047 8.0 8.537090 9.0 8.443817 10.0 8.359737 11.0 8.291827 12.0 8.224795 13.0 8.158847 14.0 8.094150 15.0 8.030764 16.0 7.968726 17.0 7.908051 18.0 7.848682 19.0 7.790540 20.0 7.733154 21.0 7.673684 22.0 7.615313 23.0 7.557947 24.0 7.501490 25.0 7.445869 26.0 7.391066 27.0 7.337092 28.0 7.284007 29.0 7.231955 30.0 7.181132
35.000424  0.0 8.935029 1.0 8.938148 2.0 8.874001 3.0 8.784537 4.0 8.694489 5.0 8.602251 6.0 8.506813 7.0 8.412412 8.0 8.319386 9.0 8.228035 10.0 8.145908 11.0 8.079269 12.0 8.013516 13.0 7.948835 14.0 7.885364 15.0 7.823211 16.0 7.762386 17.0 7.702880 18.0 7.644667 19.0 7.587670 20.0 7.531402 21.0 7.473108 22.0 7.415905 23.0 7.359680 24.0 7.304352 25.0 7.249860 26.0 7.196163 27.0 7.143283 28.0 7.091288 29.0 7.040294 30.0 6.990506
36.171814  0.0 8.712610 1.0 8.715006 2.0 8.651788 3.0 8.563913 4.0 8.475529 5.0 8.385049 6.0 8.291471 7.0 8.198947 8.0 8.107802 9.0 8.018322 10.0 7.938111 11.0 7.872701 12.0 7.808174 13.0 7.744726 14.0 7.682473 15.0 7.621493 16.0 7.561837 17.0 7.503485 18.0 7.446387 19.0 7.390490 20.0 7.335322 21.0 7.278166 22.0 7.222083 23.0 7.166976 24.0 7.112745 25.0 7.059332 26.0 7.006718 27.0 6.954901 28.0 6.903948 29.0 6.853990 30.0 6.805203
37.382407  0.0 8.496370 1.0 8.498082 2.0 8.435755 3.0 8.349435 4.0 8.262675 5.0 8.173910 6.0 8.082145 7.0 7.991449 8.0 7.902134 9.0 7.814474 10.0 7.736134 11.0 7.671932 12.0 7.608603 13.0 7.546331 14.0 7.485258 15.0 7.425440 16.0 7.366907 17.0 7.309664 18.0 7.253664 19.0 7.198831 20.0 7.144717 21.0 7.088676 22.0 7.033683 23.0 6.979643 24.0 6.926482 25.0 6.874125 26.0 6.822543 27.0 6.771762 28.0 6.721828 29.0 6.672859 30.0 6.625049
38.633516  0.0 8.286093 1.0 8.287158 2.0 8.225737 3.0 8.140929 4.0 8.055750 5.0 7.968655 6.0 7.878657 7.0 7.789743 8.0 7.702210 9.0 7.616321 10.0 7.539796 11.0 7.476765 12.0 7.414607 13.0 7.353492 14.0 7.293542 15.0 7.234850 16.0 7.177423 17.0 7.121251 18.0 7.066304 19.0 7.012515 20.0 6.959426 21.0 6.904451 22.0 6.850522 23.0 6.797528 24.0 6.745387 25.0 6.694054 26.0 6.643486 27.0 6.593694 28.0 6.544747 29.0 6.496747 30.0 6.449870
39.926497  0.0 8.081598 1.0 8.082048 2.0 8.021522 3.0 7.938202 4.0 7.854574 5.0 7.769110 6.0 7.680832 7.0 7.593651 8.0 7.507852 9.0 7.423685 10.0 7.348942 11.0 7.287031 12.0 7.226001 13.0 7.166012 14.0 7.107174 15.0 7.049554 16.0 6.993196 17.0 6.938075 18.0 6.884149 19.0 6.831360 20.0 6.779273 21.0 6.725339 22.0 6.672424 23.0 6.620446 24.0 6.569309 25.0 6.518955 26.0 6.469366 27.0 6.420544 28.0 6.372543 29.0 6.325478 30.0 6.279515
41.262751  0.0 7.882710 1.0 7.882579 2.0 7.822928 3.0 7.741063 4.0 7.658950 5.0 7.575078 6.0 7.488476 7.0 7.402982 8.0 7.318869 9.0 7.236378 10.0 7.163374 11.0 7.102569 12.0 7.042628 13.0 6.983721 14.0 6.925960 15.0 6.869400 16.0 6.814066 17.0 6.759958 18.0 6.707030 19.0 6.655214 20.0 6.604085 21.0 6.551165 22.0 6.499246 23.0 6.448237 24.0 6.398069 25.0 6.348676 26.0 6.300028 27.0 6.252140 28.0 6.205064 29.0 6.158900 30.0 6.113817
42.643727  0.0 7.689272 1.0 7.688590 2.0 7.629782 3.0 7.549339 4.0 7.468705 5.0 7.386386 6.0 7.301416 7.0 7.217566 8.0 7.135094 9.0 7.054233 10.0 6.982927 11.0 6.923195 12.0 6.864324 13.0 6.806468 14.0 6.749737 15.0 6.694204 16.0 6.639878 17.0 6.586746 18.0 6.534779 19.0 6.483912 20.0 6.433719 21.0 6.381767 22.0 6.330813 23.0 6.280755 24.0 6.231517 25.0 6.183050 26.0 6.135321 27.0 6.088336 28.0 6.042149 29.0 5.996862 30.0 5.952630
44.070922  0.0 7.501095 1.0 7.499893 2.0 7.441936 3.0 7.362879 4.0 7.283687 5.0 7.202882 6.0 7.119506 7.0 7.037257 8.0 6.956386 9.0 6.877111 10.0 6.807456 11.0 6.748750 12.0 6.690916 13.0 6.634087 14.0 6.578366 15.0 6.523812 16.0 6.470462 17.0 6.418287 18.0 6.367249 19.0 6.317293 20.0 6.268010 21.0 6.217006 22.0 6.166975 23.0 6.117836 24.0 6.069508 25.0 6.021933 26.0 5.975088 27.0 5.928980 28.0 5.883655 29.0 5.839211 30.0 5.795805
45.545881  0.0 7.318018 1.0 7.316324 2.0 7.259207 3.0 7.181512 4.0 7.103730 5.0 7.024402 6.0 6.942575 7.0 6.861883 8.0 6.782565 9.0 6.704831 10.0 6.636796 11.0 6.579097 12.0 6.522252 13.0 6.466418 14.0 6.411678 15.0 6.358089 16.0 6.305670 17.0 6.254420 18.0 6.204290 19.0 6.155218 20.0 6.106807 21.0 6.056722 22.0 6.007594 23.0 5.959338 24.0 5.911885 25.0 5.865180 26.0 5.819190 27.0 5.773926 28.0 5.729437 29.0 5.685811 30.0 5.643198
47.070204  0.0 7.139887 1.0 7.137728 2.0 7.081437 3.0 7.005072 4.0 6.928668 5.0 6.850780 6.0 6.770461 7.0 6.691284 8.0 6.613478 9.0 6.537244 10.0 6.470790 11.0 6.414071 12.0 6.358201 13.0 6.303318 14.0 6.249524 15.0 6.196870 16.0 6.145367 17.0 6.095003 18.0 6.045747 19.0 5.997538 20.0 5.949976 21.0 5.900770 22.0 5.852517 23.0 5.805122 24.0 5.758515 25.0 5.712645 26.0 5.667486 27.0 5.623040 28.0 5.579353 29.0 5.536519 30.0 5.494676
48.645543  0.0 6.966560 1.0 6.963966 2.0 6.908473 3.0 6.833408 4.0 6.758350 5.0 6.681866 6.0 6.603017 7.0 6.525314 8.0 6.448981 9.0 6.374208 10.0 6.309294 11.0 6.253524 12.0 6.198598 13.0 6.144650 14.0 6.091770 15.0 6.040012 16.0 5.989396 17.0 5.939901 18.0 5.891489 19.0 5.844108 20.0 5.797371 21.0 5.749024 22.0 5.701608 23.0 5.655044 24.0 5.609259 25.0 5.564198 26.0 5.519837 27.0 5.476183 28.0 5.433276 29.0 5.391203 30.0 5.350103
50.273606  0.0 6.797889 1.0 6.794880 2.0 6.740176 3.0 6.666380 4.0 6.592635 5.0 6.517523 6.0 6.440109 7.0 6.363846 8.0 6.288945 9.0 6.215588 10.0 6.152185 11.0 6.097321 12.0 6.043307 13.0 5.990264 14.0 5.938276 15.0 5.887389 16.0 5.837623 17.0 5.788968 18.0 5.741379 19.0 5.694800 20.0 5.648854 21.0 5.601339 22.0 5.554739 23.0 5.508975 24.0 5.463981 25.0 5.419705 26.0 5.376118 27.0 5.333225 28.0 5.291070 29.0 5.249733 30.0 5.209351
51.956156  0.0 6.633723 1.0 6.630324 2.0 6.576405 3.0 6.503852 4.0 6.431390 5.0 6.357612 6.0 6.281591 7.0 6.206725 8.0 6.133214 9.0 6.061235 10.0 5.999308 11.0 5.945334 12.0 5.892199 13.0 5.840026 14.0 5.788901 15.0 5.738862 16.0 5.689924 17.0 5.642073 18.0 5.595280 19.0 5.549481 20.0 5.504303 21.0 5.457585 22.0 5.411775 23.0 5.366788 24.0 5.322558 25.0 5.279035 26.0 5.236196 27.0 5.194041 28.0 5.152610 29.0 5.111985 30.0 5.072294
53.695017  0.0 6.473926 1.0 6.470160 2.0 6.417013 3.0 6.345674 4.0 6.274464 5.0 6.201988 6.0 6.127322 7.0 6.053814 8.0 5.981656 9.0 5.911017 10.0 5.850532 11.0 5.797421 12.0 5.745143 13.0 5.693815 14.0 5.643516 15.0 5.594298 16.0 5.546163 17.0 5.499098 18.0 5.453067 19.0 5.408020 20.0 5.363587 21.0 5.317644 22.0 5.272591 23.0 5.228353 24.0 5.184863 25.0 5.142071 26.0 5.099951 27.0 5.058508 28.0 5.017776 29.0 4.977837 30.0 4.938814
55.492074  0.0 6.318366 1.0 6.314254 2.0 6.261866 3.0 6.191714 4.0 6.121725 5.0 6.050518 6.0 5.977172 7.0 5.904985 8.0 5.834144 9.0 5.764810 10.0 5.705731 11.0 5.653455 12.0 5.602008 13.0 5.551500 14.0 5.502009 15.0 5.453575 16.0 5.406215 17.0 5.359910 18.0 5.314622 19.0 5.270298 20.0 5.226582 21.0 5.181388 22.0 5.137070 23.0 5.093555 24.0 5.050777 25.0 5.008689 26.0 4.967264 27.0 4.926506 28.0 4.886450 29.0 4.847171 30.0 4.808790
57.349275  0.0 6.166919 1.0 6.162486 2.0 6.110835 3.0 6.041842 4.0 5.973046 5.0 5.903075 6.0 5.831017 7.0 5.760122 8.0 5.690563 9.0 5.622494 10.0 5.564794 11.0 5.513317 12.0 5.462670 13.0 5.412956 14.0 5.364246 15.0 5.316578 16.0 5.269963 17.0 5.224389 18.0 5.179819 19.0 5.136198 20.0 5.093174 21.0 5.048700 22.0 5.005092 23.0 4.962274 24.0 4.920183 25.0 4.878774 26.0 4.838020 27.0 4.797922 28.0 4.758516 29.0 4.719875 30.0 4.682112
59.268633  0.0 6.019467 1.0 6.014729 2.0 5.963799 3.0 5.895941 4.0 5.828310 5.0 5.759548 6.0 5.688742 7.0 5.619097 8.0 5.550781 9.0 5.483941 10.0 5.427588 11.0 5.376894 12.0 5.327018 13.0 5.278065 14.0 5.230110 15.0 5.183182 16.0 5.137292 17.0 5.092424 18.0 5.048543 19.0 5.005601 20.0 4.963247 21.0 4.919469 22.0 4.876543 23.0 4.834397 24.0 4.792970 25.0 4.752214 26.0 4.712106 27.0 4.672645 28.0 4.633864 29.0 4.595835 30.0 4.558671
61.252227  0.0 5.875879 1.0 5.870855 2.0 5.820644 3.0 5.753892 4.0 5.687396 5.0 5.619807 6.0 5.550218 7.0 5.481788 8.0 5.414680 9.0 5.349034 10.0 5.293999 11.0 5.244061 12.0 5.194935 13.0 5.146723 14.0 5.099491 15.0 5.053276 16.0 5.008085 17.0 4.963901 18.0 4.920688 19.0 4.878397 20.0 4.836688 21.0 4.793582 22.0 4.751314 23.0 4.709817 24.0 4.669028 25.0 4.628902 26.0 4.589414 27.0 4.550566 28.0 4.512390 29.0 4.474949 30.0 4.438355
63.302208  0.0 5.736041 1.0 5.730748 2.0 5.681242 3.0 5.615570 4.0 5.550182 5.0 5.483737 6.0 5.415330 7.0 5.348082 8.0 5.282148 9.0 5.217662 10.0 5.163916 11.0 5.114708 12.0 5.066307 13.0 5.018811 14.0 4.972282 15.0 4.926754 16.0 4.882235 17.0 4.838710 18.0 4.796141 19.0 4.754480 20.0 4.713393 21.0 4.670932 22.0 4.629299 23.0 4.588425 24.0 4.548251 25.0 4.508732 26.0 4.469842 27.0 4.431582 28.0 4.393982 29.0 4.357110 30.0 4.321069
65.420798  0.0 5.599839 1.0 5.594294 2.0 5.545481 3.0 5.480864 4.0 5.416556 5.0 5.351224 6.0 5.283968 7.0 5.217869 8.0 5.153081 9.0 5.089725 10.0 5.037238 11.0 4.988729 12.0 4.941027 13.0 4.894222 14.0 4.848371 15.0 4.803508 16.0 4.759639 17.0 4.716747 18.0 4.674799 19.0 4.633745 20.0 4.593256 21.0 4.551418 22.0 4.510396 23.0 4.470122 24.0 4.430537 25.0 4.391600 26.0 4.353285 27.0 4.315594 28.0 4.278549 29.0 4.242218 30.0 4.206704
67.610292  0.0 5.467166 1.0 5.461386 2.0 5.413251 3.0 5.349664 4.0 5.286409 5.0 5.222163 6.0 5.156028 7.0 5.091051 8.0 5.027370 9.0 4.965107 10.0 4.913855 11.0 4.866026 12.0 4.818996 13.0 4.772853 14.0 4.727657 15.0 4.683435 16.0 4.640192 17.0 4.597911 18.0 4.556560 19.0 4.516090 20.0 4.476178 21.0 4.434937 22.0 4.394501 23.0 4.354804 24.0 4.315790 25.0 4.277411 26.0 4.239646 27.0 4.202495 28.0 4.165987 29.0 4.130181 30.0 4.095170
69.873063  0.0 5.337916 1.0 5.331921 2.0 5.284447 3.0 5.221865 4.0 5.159638 5.0 5.096453 6.0 5.031408 7.0 4.967516 8.0 4.904910 9.0 4.843708 10.0 4.793663 11.0 4.746491 12.0 4.700111 13.0 4.654609 14.0 4.610041 15.0 4.566434 16.0 4.523794 17.0 4.482103 18.0 4.441326 19.0 4.401418 20.0 4.362060 21.0 4.321395 22.0 4.281522 23.0 4.242378 24.0 4.203907 25.0 4.166067 26.0 4.128834 27.0 4.092201 28.0 4.056201 29.0 4.020893 30.0 3.986372
72.211565  0.0 5.211995 1.0 5.205796 2.0 5.158968 3.0 5.097371 4.0 5.036147 5.0 4.973990 6.0 4.910002 7.0 4.847163 8.0 4.785601 9.0 4.725429 10.0 4.676567 11.0 4.630026 12.0 4.584273 13.0 4.539389 14.0 4.495427 15.0 4.452414 16.0 4.410353 17.0 4.369227 18.0 4.329003 19.0 4.289634 20.0 4.250808 21.0 4.210694 22.0 4.171364 23.0 4.132751 24.0 4.094801 25.0 4.057474 26.0 4.020745 27.0 3.984615 28.0 3.949108 29.0 3.914274 30.0 3.880212
74.628332  0.0 5.089297 1.0 5.082907 2.0 5.036719 3.0 4.976079 4.0 4.915831 5.0 4.854674 6.0 4.791713 7.0 4.729896 8.0 4.669347 9.0 4.610178 10.0 4.562470 11.0 4.516538 12.0 4.471388 13.0 4.427099 14.0 4.383720 15.0 4.341278 16.0 4.299774 17.0 4.259191 18.0 4.219498 19.0 4.180648 20.0 4.142331 21.0 4.102746 22.0 4.063933 23.0 4.025829 24.0 3.988382 25.0 3.951547 26.0 3.915301 27.0 3.879645 28.0 3.844602 29.0 3.810230 30.0 3.776615
77.125983  0.0 4.969726 1.0 4.963158 2.0 4.917597 3.0 4.857890 4.0 4.798593 5.0 4.738410 6.0 4.676446 7.0 4.615622 8.0 4.556061 9.0 4.497861 10.0 4.451287 11.0 4.405938 12.0 4.361367 13.0 4.317648 14.0 4.274830 15.0 4.232936 16.0 4.191967 17.0 4.151906 18.0 4.112721 19.0 4.074368 20.0 4.036542 21.0 3.997463 22.0 3.959145 23.0 3.921526 24.0 3.884555 25.0 3.848191 26.0 3.812412 27.0 3.777213 28.0 3.742613 29.0 3.708672 30.0 3.675475
79.707224  0.0 4.853189 1.0 4.846457 2.0 4.801510 3.0 4.742713 4.0 4.684342 5.0 4.625106 6.0 4.564110 7.0 4.504255 8.0 4.445648 9.0 4.388387 10.0 4.342922 11.0 4.298136 12.0 4.254122 13.0 4.210951 14.0 4.168670 15.0 4.127302 16.0 4.086846 17.0 4.047285 18.0 4.008587 19.0 3.970708 20.0 3.933349 21.0 3.894756 22.0 3.856914 23.0 3.819761 24.0 3.783245 25.0 3.747328 26.0 3.711987 27.0 3.677220 28.0 3.643049 29.0 3.609527 30.0 3.576728
82.374854  0.0 4.739597 1.0 4.732713 2.0 4.688367 3.0 4.630458 4.0 4.572989 5.0 4.514673 6.0 4.454623 7.0 4.395702 8.0 4.338019 9.0 4.281668 10.0 4.237290 11.0 4.193045 12.0 4.149565 13.0 4.106921 14.0 4.065155 15.0 4.024290 16.0 3.984325 17.0 3.945244 18.0 3.907012 19.0 3.869588 20.0 3.832674 21.0 3.794543 22.0 3.757151 23.0 3.720441 24.0 3.684363 25.0 3.648876 26.0 3.613955 27.0 3.579598 28.0 3.545827 29.0 3.512693 30.0 3.480279
85.131765  0.0 4.628864 1.0 4.621839 2.0 4.578081 3.0 4.521037 4.0 4.464446 5.0 4.407030 6.0 4.347892 7.0 4.289878 8.0 4.233091 9.0 4.177622 10.0 4.134309 11.0 4.090581 12.0 4.047614 13.0 4.005474 14.0 3.964202 15.0 3.923818 16.0 3.884323 17.0 3.845698 18.0 3.807913 19.0 3.770923 20.0 3.734439 21.0 3.696747 22.0 3.659785 23.0 3.623495 24.0 3.587828 25.0 3.552745 26.0 3.518223 27.0 3.484261 28.0 3.450877 29.0 3.418115 30.0 3.386055
87.980943  0.0 4.520905 1.0 4.513750 2.0 4.470568 3.0 4.414367 4.0 4.358635 5.0 4.302090 6.0 4.243836 7.0 4.186700 8.0 4.130781 9.0 4.076168 10.0 4.033897 11.0 3.990666 12.0 3.948190 13.0 3.906532 14.0 3.865732 15.0 3.825809 16.0 3.786762 17.0 3.748573 18.0 3.711211 19.0 3.674634 20.0 3.638554 21.0 3.601283 22.0 3.564733 23.0 3.528846 24.0 3.493572 25.0 3.458871 26.0 3.424725 27.0 3.391129 28.0 3.358103 29.0 3.325693 30.0 3.293978
90.925476  0.0 4.415640 1.0 4.408369 2.0 4.365746 3.0 4.310370 4.0 4.255470 5.0 4.199770 6.0 4.142374 7.0 4.086089 8.0 4.031013 9.0 3.977226 10.0 3.935978 11.0 3.893221 12.0 3.851213 13.0 3.810016 14.0 3.769667 15.0 3.730184 16.0 3.691565 17.0 3.653792 18.0 3.616834 19.0 3.580649 20.0 3.544954 21.0 3.508079 22.0 3.471915 23.0 3.436405 24.0 3.401502 25.0 3.367168 26.0 3.333382 27.0 3.300138 28.0 3.267453 29.0 3.235371 30.0 3.203969
93.968558  0.0 4.312991 1.0 4.305611 2.0 4.263539 3.0 4.208963 4.0 4.154872 5.0 4.099992 6.0 4.043427 7.0 3.987968 8.0 3.933707 9.0 3.880719 10.0 3.840474 11.0 3.798170 12.0 3.756609 13.0 3.715851 14.0 3.675931 15.0 3.636865 16.0 3.598653 17.0 3.561275 18.0 3.524702 19.0 3.488892 20.0 3.453564 21.0 3.417066 22.0 3.381267 23.0 3.346115 24.0 3.311560 25.0 3.277567 26.0 3.244113 27.0 3.211195 28.0 3.178829 29.0 3.147061 30.0 3.115962
97.113484  0.0 4.212880 1.0 4.205400 2.0 4.163866 3.0 4.110069 4.0 4.056765 5.0 4.002682 6.0 3.946922 7.0 3.892263 8.0 3.838789 9.0 3.786574 10.0 3.747311 11.0 3.705439 12.0 3.664305 13.0 3.623965 14.0 3.584453 15.0 3.545785 16.0 3.507958 17.0 3.470954 18.0 3.434743 19.0 3.399285 20.0 3.364301 21.0 3.328159 22.0 3.292707 23.0 3.257893 24.0 3.223670 25.0 3.190001 26.0 3.156864 27.0 3.124253 28.0 3.092184 29.0 3.060702 30.0 3.029876
100.363665  0.0 4.115232 1.0 4.107662 2.0 4.066653 3.0 4.013614 4.0 3.961074 5.0 3.907764 6.0 3.852787 7.0 3.798900 8.0 3.746186 9.0 3.694718 10.0 3.656419 11.0 3.614959 12.0 3.574230 13.0 3.534287 14.0 3.495163 15.0 3.456872 16.0 3.419411 17.0 3.382762 18.0 3.346893 19.0 3.311767 20.0 3.277108 21.0 3.241299 22.0 3.206171 23.0 3.171671 24.0 3.137755 25.0 3.104385 26.0 3.071539 27.0 3.039214 28.0 3.007426 29.0 2.976214 30.0 2.945649
103.722622  0.0 4.019976 1.0 4.012322 2.0 3.971828 3.0 3.919525 4.0 3.867729 5.0 3.815170 6.0 3.760948 7.0 3.707807 8.0 3.655829 9.0 3.605083 10.0 3.567728 11.0 3.526659 12.0 3.486314 13.0 3.446747 14.0 3.407990 15.0 3.370055 16.0 3.332939 17.0 3.296624 18.0 3.261080 19.0 3.226268 20.0 3.191916 21.0 3.156420 22.0 3.121596 23.0 3.087393 24.0 3.053764 25.0 3.020674 26.0 2.988101 27.0 2.956040 28.0 2.924507 29.0 2.893540 30.0 2.863208
107.193996  0.0 3.927041 1.0 3.919313 2.0 3.879320 3.0 3.827734 4.0 3.776660 5.0 3.724830 6.0 3.671337 7.0 3.618917 8.0 3.567649 9.0 3.517598 10.0 3.481172 11.0 3.440472 12.0 3.400491 13.0 3.361279 14.0 3.322868 15.0 3.285268 16.0 3.248476 17.0 3.212475 18.0 3.177233 19.0 3.142712 20.0 3.108644 21.0 3.073440 22.0 3.038898 23.0 3.004967 24.0 2.971604 25.0 2.938772 26.0 2.906451 27.0 2.874635 28.0 2.843338 29.0 2.812600 30.0 2.782484
110.781550  0.0 3.836360 1.0 3.828565 2.0 3.789061 3.0 3.738172 4.0 3.687801 5.0 3.636675 6.0 3.583887 7.0 3.532164 8.0 3.481581 9.0 3.432201 10.0 3.396685 11.0 3.356334 12.0 3.316696 13.0 3.277820 14.0 3.239734 15.0 3.202450 16.0 3.165964 17.0 3.130256 18.0 3.095297 19.0 3.061050 20.0 3.027247 21.0 2.992314 22.0 2.958034 23.0 2.924358 24.0 2.891240 25.0 2.858646 26.0 2.826556 27.0 2.794963 28.0 2.763881 29.0 2.733347 30.0 2.703424
114.489171  0.0 3.747867 1.0 3.740013 2.0 3.700986 3.0 3.650775 4.0 3.601085 5.0 3.550641 6.0 3.498534 7.0 3.447483 8.0 3.397560 9.0 3.348827 10.0 3.314204 11.0 3.274182 12.0 3.234868 13.0 3.196307 14.0 3.158528 15.0 3.121539 16.0 3.085335 17.0 3.049900 18.0 3.015204 19.0 2.981210 20.0 2.947652 21.0 2.912966 22.0 2.878925 23.0 2.845478 24.0 2.812583 25.0 2.780204 26.0 2.748321 27.0 2.716928 28.0 2.686038 29.0 2.655687 30.0 2.625937
118.320879  0.0 3.661499 1.0 3.653593 2.0 3.615032 3.0 3.565479 4.0 3.516449 5.0 3.466665 6.0 3.415215 7.0 3.364811 8.0 3.315524 9.0 3.267414 10.0 3.233668 11.0 3.193956 12.0 3.154943 13.0 3.116675 14.0 3.079179 15.0 3.042463 16.0 3.006524 17.0 2.971342 18.0 2.936889 19.0 2.903127 20.0 2.869795 21.0 2.835339 22.0 2.801518 23.0 2.768284 24.0 2.735592 25.0 2.703411 26.0 2.671718 27.0 2.640504 28.0 2.609783 29.0 2.579592 30.0 2.549990
122.280825  0.0 3.577195 1.0 3.569243 2.0 3.531135 3.0 3.482221 4.0 3.433830 5.0 3.384686 6.0 3.333868 7.0 3.284088 8.0 3.235415 9.0 3.187901 10.0 3.155018 11.0 3.115592 12.0 3.076861 13.0 3.038867 14.0 3.001635 15.0 2.965175 16.0 2.929481 17.0 2.894533 18.0 2.860304 19.0 2.826757 20.0 2.793632 21.0 2.759380 22.0 2.725753 23.0 2.692703 24.0 2.660189 25.0 2.628177 26.0 2.596646 27.0 2.565589 28.0 2.535019 29.0 2.504970 30.0 2.475498
126.373303  0.0 3.494893 1.0 3.486903 2.0 3.449236 3.0 3.400942 4.0 3.353171 5.0 3.304644 6.0 3.254435 7.0 3.205256 8.0 3.157172 9.0 3.110230 10.0 3.078194 11.0 3.039036 12.0 3.000567 13.0 2.962827 14.0 2.925842 15.0 2.889617 16.0 2.854146 17.0 2.819408 18.0 2.785379 19.0 2.752021 20.0 2.719077 21.0 2.685012 22.0 2.651563 23.0 2.618684 24.0 2.586333 25.0 2.554477 26.0 2.523084 27.0 2.492157 28.0 2.461709 29.0 2.431772 30.0 2.402403
130.602747  0.0 3.414537 1.0 3.406514 2.0 3.369277 3.0 3.321583 4.0 3.274412 5.0 3.226481 6.0 3.176859 7.0 3.128258 8.0 3.080736 9.0 3.034345 10.0 3.003141 11.0 2.964233 12.0 2.926006 13.0 2.888502 14.0 2.851736 15.0 2.815721 16.0 2.780451 17.0 2.745907 18.0 2.712062 19.0 2.678879 20.0 2.646102 21.0 2.612205 22.0 2.578904 23.0 2.546164 24.0 2.513943 25.0 2.482209 26.0 2.450941 27.0 2.420133 28.0 2.389795 29.0 2.359949 30.0 2.330656
134.973741  0.0 3.336070 1.0 3.328019 2.0 3.291200 3.0 3.244088 4.0 3.197497 5.0 3.150141 6.0 3.101084 7.0 3.053037 8.0 3.006055 9.0 2.960193 10.0 2.929807 11.0 2.891128 12.0 2.853121 13.0 2.815824 14.0 2.779263 15.0 2.743442 16.0 2.708357 17.0 2.673989 18.0 2.640307 19.0 2.607270 20.0 2.574631 21.0 2.540867 22.0 2.507703 23.0 2.475091 24.0 2.442992 25.0 2.411356 26.0 2.380178 27.0 2.349451 28.0 2.319186 29.0 2.289414 30.0 2.260189
139.491024  0.0 3.259436 1.0 3.251363 2.0 3.214951 3.0 3.168401 4.0 3.122373 5.0 3.075570 6.0 3.027055 7.0 2.979537 8.0 2.933074 9.0 2.887719 10.0 2.858137 11.0 2.819663 12.0 2.781855 13.0 2.744752 14.0 2.708376 15.0 2.672732 16.0 2.637805 17.0 2.603582 18.0 2.570036 19.0 2.537134 20.0 2.504621 21.0 2.470984 22.0 2.437921 23.0 2.405399 24.0 2.373382 25.0 2.341837 26.0 2.310743 27.0 2.280073 28.0 2.249855 29.0 2.220119 30.0 2.190921
144.159490  0.0 3.184583 1.0 3.176492 2.0 3.140475 3.0 3.094471 4.0 3.048984 5.0 3.002716 6.0 2.954720 7.0 2.907709 8.0 2.861744 9.0 2.816866 10.0 2.788077 11.0 2.749790 12.0 2.712164 13.0 2.675235 14.0 2.639021 15.0 2.603520 16.0 2.568734 17.0 2.534645 18.0 2.501225 19.0 2.468433 20.0 2.436012 21.0 2.402460 22.0 2.369489 23.0 2.337055 24.0 2.305097 25.0 2.273599 26.0 2.242545 27.0 2.211926 28.0 2.181739 29.0 2.152013 30.0 2.122813
148.984199  0.0 3.111458 1.0 3.103354 2.0 3.067722 3.0 3.022245 4.0 2.977280 5.0 2.931526 6.0 2.884027 7.0 2.837501 8.0 2.792011 9.0 2.747588 10.0 2.719578 11.0 2.681460 12.0 2.643997 13.0 2.607215 14.0 2.571137 15.0 2.535771 16.0 2.501110 17.0 2.467128 18.0 2.433797 19.0 2.401090 20.0 2.368755 21.0 2.335284 22.0 2.302362 23.0 2.269968 24.0 2.238062 25.0 2.206602 26.0 2.175559 27.0 2.144944 28.0 2.114767 29.0 2.085032 30.0 2.055803
153.970382  0.0 3.040011 1.0 3.031900 2.0 2.996639 3.0 2.951672 4.0 2.907212 5.0 2.861952 6.0 2.814925 7.0 2.768865 8.0 2.723822 9.0 2.679838 10.0 2.652594 11.0 2.614626 12.0 2.577297 13.0 2.540643 14.0 2.504689 15.0 2.469437 16.0 2.434864 17.0 2.400967 18.0 2.367720 19.0 2.335084 20.0 2.302794 21.0 2.269361 22.0 2.236491 23.0 2.204120 24.0 2.172218 25.0 2.140766 26.0 2.109727 27.0 2.079086 28.0 2.048875 29.0 2.019113 30.0 1.989825
159.123441  0.0 2.970193 1.0 2.962079 2.0 2.927180 3.0 2.882703 4.0 2.838729 5.0 2.793945 6.0 2.747369 7.0 2.701752 8.0 2.657133 9.0 2.613567 10.0 2.587078 11.0 2.549232 12.0 2.512020 13.0 2.475480 14.0 2.439624 15.0 2.404449 16.0 2.369960 17.0 2.336137 18.0 2.302932 19.0 2.270331 20.0 2.238086 21.0 2.204675 22.0 2.171803 23.0 2.139442 24.0 2.107529 25.0 2.076043 26.0 2.044979 27.0 2.014293 28.0 1.984018 29.0 1.954192 30.0 1.924815
164.448962  0.0 2.901957 1.0 2.893844 2.0 2.859295 3.0 2.815291 4.0 2.771786 5.0 2.727454 6.0 2.681310 7.0 2.636110 8.0 2.591899 9.0 2.548721 10.0 2.522979 11.0 2.485235 12.0 2.448125 13.0 2.411671 14.0 2.375885 15.0 2.340784 16.0 2.306348 17.0 2.272554 18.0 2.239391 19.0 2.206815 20.0 2.174565 21.0 2.141155 22.0 2.108272 23.0 2.075870 24.0 2.043934 25.0 2.012388 26.0 1.981252 27.0 1.950502 28.0 1.920133 29.0 1.890204 30.0 1.860709
169.952717  0.0 2.835256 1.0 2.827149 2.0 2.792938 3.0 2.749390 4.0 2.706336 5.0 2.662436 6.0 2.616704 7.0 2.571898 8.0 2.528074 9.0 2.485259 10.0 2.460250 11.0 2.422595 12.0 2.385560 13.0 2.349166 14.0 2.313444 15.0 2.278379 16.0 2.243971 17.0 2.210210 18.0 2.177042 19.0 2.144457 20.0 2.112208 21.0 2.078751 22.0 2.045831 23.0 2.013372 24.0 1.981356 25.0 1.949742 26.0 1.918504 27.0 1.887652 28.0 1.857157 29.0 1.827092 30.0 1.797442
175.640671  0.0 2.770046 1.0 2.761948 2.0 2.728064 3.0 2.684955 4.0 2.642333 5.0 2.598847 6.0 2.553504 7.0 2.509071 8.0 2.465607 9.0 2.423141 10.0 2.398854 11.0 2.361266 12.0 2.324277 13.0 2.287935 14.0 2.252237 15.0 2.217194 16.0 2.182801 17.0 2.149018 18.0 2.115847 19.0 2.083229 20.0 2.050926 21.0 2.017427 22.0 1.984421 23.0 1.951890 24.0 1.919763 25.0 1.888046 26.0 1.856674 27.0 1.825681 28.0 1.795028 29.0 1.764782 30.0 1.734949
181.518988  0.0 2.706282 1.0 2.698196 2.0 2.664628 3.0 2.621942 4.0 2.579733 5.0 2.536642 6.0 2.491663 7.0 2.447587 8.0 2.404458 9.0 2.362322 10.0 2.338748 11.0 2.301193 12.0 2.264243 13.0 2.227917 14.0 2.192229 15.0 2.157187 16.0 2.122766 17.0 2.088973 18.0 2.055741 19.0 2.023079 20.0 1.990702 21.0 1.957115 22.0 1.924006 23.0 1.891360 24.0 1.859099 25.0 1.827240 26.0 1.795701 27.0 1.764527 28.0 1.733684 29.0 1.703214 30.0 1.673166
187.594040  0.0 2.643922 1.0 2.635851 2.0 2.602588 3.0 2.560308 4.0 2.518493 5.0 2.475781 6.0 2.431143 7.0 2.387402 8.0 2.344587 9.0 2.302747 10.0 2.279881 11.0 2.242348 12.0 2.205408 13.0 2.169076 14.0 2.133380 15.0 2.098301 16.0 2.063850 17.0 2.029984 18.0 1.996704 19.0 1.963942 20.0 1.931486 21.0 1.897764 22.0 1.864532 23.0 1.831726 24.0 1.799305 25.0 1.767264 26.0 1.735524 27.0 1.704127 28.0 1.673061 29.0 1.642323 30.0 1.611993
193.872411  0.0 2.582925 1.0 2.574872 2.0 2.541903 3.0 2.500013 4.0 2.458574 5.0 2.416221 6.0 2.371904 7.0 2.328468 8.0 2.285955 9.0 2.244388 10.0 2.222216 11.0 2.184690 12.0 2.147726 13.0 2.111379 14.0 2.075631 15.0 2.040510 16.0 2.005981 17.0 1.972044 18.0 1.938656 19.0 1.905795 20.0 1.873202 21.0 1.839336 22.0 1.805943 23.0 1.772943 24.0 1.740323 25.0 1.708057 26.0 1.676084 27.0 1.644419 28.0 1.613072 29.0 1.582047 30.0 1.551374
200.360906  0.0 2.523247 1.0 2.515217 2.0 2.482533 3.0 2.441013 4.0 2.399934 5.0 2.357916 6.0 2.313906 7.0 2.270753 8.0 2.228510 9.0 2.187205 10.0 2.165719 11.0 2.128158 12.0 2.091170 13.0 2.054759 14.0 2.018963 15.0 1.983750 16.0 1.949135 17.0 1.915087 18.0 1.881574 19.0 1.848583 20.0 1.815819 21.0 1.781776 22.0 1.748180 23.0 1.714954 24.0 1.682092 25.0 1.649558 26.0 1.617318 27.0 1.585341 28.0 1.553652 29.0 1.522268 30.0 1.491228
207.066557  0.0 2.464852 1.0 2.456848 2.0 2.424436 3.0 2.383269 4.0 2.342535 5.0 2.300832 6.0 2.257104 7.0 2.214218 8.0 2.172219 9.0 2.131146 10.0 2.110346 11.0 2.072734 12.0 2.035679 13.0 1.999207 14.0 1.963304 15.0 1.927997 16.0 1.893260 17.0 1.859068 18.0 1.825413 19.0 1.792234 20.0 1.759290 21.0 1.725030 22.0 1.691187 23.0 1.657703 24.0 1.624555 25.0 1.591708 26.0 1.559134 27.0 1.526817 28.0 1.494755 29.0 1.462952 30.0 1.431461
213.996632  0.0 2.407700 1.0 2.399726 2.0 2.367576 3.0 2.326744 4.0 2.286338 5.0 2.244931 6.0 2.201459 7.0 2.158820 8.0 2.117048 9.0 2.076180 10.0 2.056049 11.0 2.018375 12.0 1.981231 13.0 1.944648 14.0 1.908644 15.0 1.873197 16.0 1.838304 17.0 1.803956 18.0 1.770108 19.0 1.736724 20.0 1.703561 21.0 1.669042 22.0 1.634917 23.0 1.601129 24.0 1.567651 25.0 1.534445 26.0 1.501483 27.0 1.468747 28.0 1.436234 29.0 1.403959 30.0 1.371960
221.158641  0.0 2.351753 1.0 2.343812 2.0 2.311914 3.0 2.271401 4.0 2.231302 5.0 2.190177 6.0 2.146938 7.0 2.104516 8.0 2.062952 9.0 2.022275 10.0 2.002807 11.0 1.965027 12.0 1.927778 13.0 1.891075 14.0 1.854912 15.0 1.819306 16.0 1.784244 17.0 1.749692 18.0 1.715617 19.0 1.682000 20.0 1.648578 21.0 1.613755 22.0 1.579303 23.0 1.545173 24.0 1.511321 25.0 1.477707 26.0 1.444302 27.0 1.411087 28.0 1.378058 29.0 1.345230 30.0 1.312639
228.560347  0.0 2.296977 1.0 2.289071 2.0 2.257411 3.0 2.217202 4.0 2.177391 5.0 2.136532 6.0 2.093505 7.0 2.051278 8.0 2.009890 9.0 1.969373 10.0 1.950572 11.0 1.912676 12.0 1.875280 13.0 1.838415 14.0 1.802089 15.0 1.766299 16.0 1.731015 17.0 1.696223 18.0 1.661900 19.0 1.628009 20.0 1.594285 21.0 1.559114 22.0 1.524284 23.0 1.489746 24.0 1.455455 25.0 1.421373 26.0 1.387467 27.0 1.353721 28.0 1.320111 29.0 1.286644 30.0 1.253375
236.209773  0.0 2.243333 1.0 2.235467 2.0 2.204032 3.0 2.164114 4.0 2.124571 5.0 2.083948 6.0 2.041120 7.0 1.999072 8.0 1.957838 9.0 1.917455 10.0 1.899304 11.0 1.861257 12.0 1.823705 13.0 1.786664 14.0 1.750128 15.0 1.714102 16.0 1.678573 17.0 1.643518 18.0 1.608906 19.0 1.574699 20.0 1.540629 21.0 1.505062 22.0 1.469806 23.0 1.434813 24.0 1.400035 25.0 1.365420 26.0 1.330925 27.0 1.296551 28.0 1.262272 29.0 1.228079 30.0 1.194029
244.115209  0.0 2.190789 1.0 2.182962 2.0 2.151743 3.0 2.112098 4.0 2.072808 5.0 2.032403 6.0 1.989742 7.0 1.947844 8.0 1.906747 9.0 1.866482 10.0 1.848984 11.0 1.810757 12.0 1.773005 13.0 1.735742 14.0 1.698974 15.0 1.662694 16.0 1.626887 17.0 1.591527 18.0 1.556582 19.0 1.522015 20.0 1.487553 21.0 1.451543 22.0 1.415813 23.0 1.380295 24.0 1.344937 25.0 1.309719 26.0 1.274571 27.0 1.239481 28.0 1.204420 29.0 1.169414 30.0 1.134428
252.285223  0.0 2.139309 1.0 2.131521 2.0 2.100509 3.0 2.061115 4.0 2.022069 5.0 1.981862 6.0 1.939347 7.0 1.897574 8.0 1.856583 9.0 1.816402 10.0 1.799548 11.0 1.761123 12.0 1.723150 13.0 1.685644 14.0 1.648608 15.0 1.612034 16.0 1.575906 17.0 1.540198 18.0 1.504877 19.0 1.469903 20.0 1.435002 21.0 1.398500 22.0 1.362203 23.0 1.326095 24.0 1.290110 25.0 1.254186 26.0 1.218288 27.0 1.182395 28.0 1.146434 29.0 1.110436 30.0 1.074405
260.728669  0.0 2.088859 1.0 2.081113 2.0 2.050299 3.0 2.011138 4.0 1.972310 5.0 1.932292 6.0 1.889901 7.0 1.848233 8.0 1.807325 9.0 1.767207 10.0 1.750987 11.0 1.712329 12.0 1.674101 13.0 1.636317 14.0 1.598980 15.0 1.562075 16.0 1.525583 17.0 1.489481 18.0 1.453736 19.0 1.418310 20.0 1.382922 21.0 1.345823 22.0 1.308932 23.0 1.272142 24.0 1.235440 25.0 1.198720 26.0 1.161956 27.0 1.125106 28.0 1.088130 29.0 1.051008 30.0 1.013744
269.454700  0.0 2.039402 1.0 2.031706 2.0 2.001078 3.0 1.962135 4.0 1.923503 5.0 1.883643 6.0 1.841351 7.0 1.799760 8.0 1.758908 9.0 1.718823 10.0 1.703249 11.0 1.664326 12.0 1.625809 13.0 1.587709 14.0 1.550029 15.0 1.512759 16.0 1.475865 17.0 1.439323 18.0 1.403108 19.0 1.367180 20.0 1.331207 21.0 1.293494 22.0 1.255882 23.0 1.218347 24.0 1.180812 25.0 1.143204 26.0 1.105455 27.0 1.067511 28.0 1.029330 29.0 0.990895 30.0 0.952154
278.472772  0.0 1.990910 1.0 1.983267 2.0 1.952813 3.0 1.914073 4.0 1.875621 5.0 1.835898 6.0 1.793684 7.0 1.752148 8.0 1.711330 9.0 1.671257 10.0 1.656309 11.0 1.617097 12.0 1.578256 13.0 1.539799 14.0 1.501733 15.0 1.464048 16.0 1.426704 17.0 1.389673 18.0 1.352938 19.0 1.316410 20.0 1.279835 21.0 1.241377 22.0 1.202990 23.0 1.164594 24.0 1.126108 25.0 1.087457 26.0 1.048573 27.0 1.009378 28.0 0.969803 29.0 0.929793 30.0 0.889311
287.792660  0.0 1.943353 1.0 1.935766 2.0 1.905467 3.0 1.866917 4.0 1.828631 5.0 1.789027 6.0 1.746865 7.0 1.705352 8.0 1.664530 9.0 1.624429 10.0 1.610123 11.0 1.570575 12.0 1.531383 13.0 1.492543 14.0 1.454044 15.0 1.415897 16.0 1.378047 17.0 1.340478 18.0 1.303137 19.0 1.265984 20.0 1.228684 21.0 1.189422 22.0 1.150145 23.0 1.110770 24.0 1.071214 25.0 1.031368 26.0 0.991157 27.0 0.950476 28.0 0.909246 29.0 0.867378 30.0 0.824775
297.424464  0.0 1.896700 1.0 1.889170 2.0 1.859016 3.0 1.820630 4.0 1.782489 5.0 1.742983 6.0 1.700842 7.0 1.659334 8.0 1.618495 9.0 1.578343 10.0 1.564670 11.0 1.524754 12.0 1.485155 13.0 1.445892 14.0 1.406917 15.0 1.368258 16.0 1.329843 17.0 1.291676 18.0 1.253667 19.0 1.215782 20.0 1.177701 21.0 1.137520 22.0 1.097235 23.0 1.056752 24.0 1.015934 25.0 0.974712 26.0 0.932953 27.0 0.890526 28.0 0.847321 29.0 0.803168 30.0 nan
307.378625  0.0 1.850921 1.0 1.843441 2.0 1.813430 3.0 1.775191 4.0 1.737174 5.0 1.697743 6.0 1.655609 7.0 1.614074 8.0 1.573169 9.0 1.532936 10.0 1.519890 11.0 1.479585 12.0 1.439543 13.0 1.399795 14.0 1.360302 15.0 1.321075 16.0 1.282042 17.0 1.243182 18.0 1.204442 19.0 1.165755 20.0 1.126779 21.0 1.085559 22.0 1.044126 23.0 1.002346 24.0 0.960101 25.0 0.917263 26.0 0.873676 27.0 0.829154 28.0 nan 29.0 nan 30.0 nan
317.665930  0.0 1.805983 1.0 1.798558 2.0 1.768680 3.0 1.730572 4.0 1.692659 5.0 1.653284 6.0 1.611113 7.0 1.569520 8.0 1.528546 9.0 1.488184 10.0 1.475778 11.0 1.435016 12.0 1.394501 13.0 1.354221 14.0 1.314151 15.0 1.274285 16.0 1.234576 17.0 1.194970 18.0 1.155401 19.0 1.115796 20.0 1.075807 21.0 1.033419 22.0 0.990654 23.0 0.947394 24.0 0.903480 25.0 0.858720 26.0 0.812927 27.0 nan 28.0 nan 29.0 nan 30.0 nan
328.297529  0.0 1.761850 1.0 1.754492 2.0 1.724725 3.0 1.686730 4.0 1.648902 5.0 1.609550 6.0 1.567333 7.0 1.525657 8.0 1.484551 9.0 1.444057 10.0 1.432276 11.0 1.391028 12.0 1.349986 13.0 1.309122 14.0 1.268416 15.0 1.227847 16.0 1.187366 17.0 1.146916 18.0 1.106431 19.0 1.065797 20.0 1.024676 21.0 0.980920 22.0 0.936643 23.0 0.891648 24.0 0.845765 25.0 nan 26.0 nan 27.0 nan 28.0 nan 29.0 nan 30.0 nan
339.284944  0.0 1.718503 1.0 1.711214 2.0 1.681542 3.0 1.643639 4.0 1.605877 5.0 1.566537 6.0 1.524232 7.0 1.482438 8.0 1.441184 9.0 1.400499 10.0 1.389351 11.0 1.347578 12.0 1.305952 13.0 1.264452 14.0 1.223049 15.0 1.181707 16.0 1.140365 17.0 1.098967 18.0 1.057446 19.0 1.015649 20.0 0.973219 21.0 0.927915 22.0 0.881861 23.0 0.834838 24.0 nan 25.0 nan 26.0 nan 27.0 nan 28.0 nan 29.0 nan 30.0 nan
350.640085  0.0 1.675914 1.0 1.668689 2.0 1.639107 3.0 1.601281 4.0 1.563565 5.0 1.524197 6.0 1.481781 7.0 1.439833 8.0 1.398404 9.0 1.357479 10.0 1.346976 11.0 1.304623 12.0 1.262352 13.0 1.220142 14.0 1.177958 15.0 1.135758 16.0 1.093491 17.0 1.051027 18.0 1.008317 19.0 0.965222 20.0 0.921290 21.0 0.874193 22.0 0.826049 23.0 nan 24.0 nan 25.0 nan 26.0 nan 27.0 nan 28.0 nan 29.0 nan 30.0 nan
362.375259  0.0 1.634055 1.0 1.626887 2.0 1.597391 3.0 1.559612 4.0 1.521910 5.0 1.482505 6.0 1.439941 7.0 1.397823 8.0 1.356149 9.0 1.314965 10.0 1.305111 11.0 1.262119 12.0 1.219141 13.0 1.176154 14.0 1.133123 15.0 1.089968 16.0 1.046633 17.0 1.002990 18.0 0.958944 19.0 0.914347 20.0 0.868676 21.0 0.819458 22.0 nan 23.0 nan 24.0 nan 25.0 nan 26.0 nan 27.0 nan 28.0 nan 29.0 nan 30.0 nan
374.503183  0.0 1.592880 1.0 1.585791 2.0 1.556349 3.0 1.518606 4.0 1.480910 5.0 1.441429 6.0 1.398695 7.0 1.356338 8.0 1.314406 9.0 1.272914 10.0 1.263713 11.0 1.220021 12.0 1.176272 13.0 1.132442 14.0 1.088447 15.0 1.044243 16.0 0.999715 17.0 0.954732 18.0 0.909155 19.0 0.862813 20.0 0.815128 21.0 nan 22.0 nan 23.0 nan 24.0 nan 25.0 nan 26.0 nan 27.0 nan 28.0 nan 29.0 nan 30.0 nan
387.037004  0.0 1.552381 1.0 1.545372 2.0 1.515973 3.0 1.478250 4.0 1.440516 5.0 1.400939 6.0 1.357981 7.0 1.315371 8.0 1.273134 9.0 1.231283 10.0 1.222740 11.0 1.178283 12.0 1.133698 13.0 1.088915 14.0 1.043879 15.0 0.998483 16.0 0.952602 17.0 0.906107 18.0 0.858781 19.0 0.810412 20.0 nan 21.0 nan 22.0 nan 23.0 nan 24.0 nan 25.0 nan 26.0 nan 27.0 nan 28.0 nan 29.0 nan 30.0 nan
399.990304  0.0 1.512531 1.0 1.505582 2.0 1.476228 3.0 1.438481 4.0 1.400710 5.0 1.360997 6.0 1.317793 7.0 1.274884 8.0 1.232291 9.0 1.190026 10.0 1.182148 11.0 1.136861 12.0 1.091352 13.0 1.045539 14.0 0.999322 15.0 0.952583 16.0 0.905203 17.0 0.856949 18.0 0.807598 19.0 nan 20.0 nan 21.0 nan 22.0 nan 23.0 nan 24.0 nan 25.0 nan 26.0 nan 27.0 nan 28.0 nan 29.0 nan 30.0 nan
413.377123  0.0 1.473283 1.0 1.466417 2.0 1.437076 3.0 1.399307 4.0 1.361448 5.0 1.321589 6.0 1.278094 7.0 1.234835 8.0 1.191833 9.0 1.149101 10.0 1.141893 11.0 1.095708 12.0 1.049169 13.0 1.002198 14.0 0.954673 15.0 0.906444 16.0 0.857321 17.0 0.807051 18.0 nan 19.0 nan 20.0 nan 21.0 nan 22.0 nan 23.0 nan 24.0 nan 25.0 nan 26.0 nan 27.0 nan 28.0 nan 29.0 nan 30.0 nan
427.211971  0.0 1.434626 1.0 1.427843 2.0 1.398510 3.0 1.360667 4.0 1.322721 5.0 1.282651 6.0 1.238826 7.0 1.195183 8.0 1.151717 9.0 1.108461 10.0 1.101930 11.0 1.054754 12.0 1.007088 13.0 0.958834 14.0 0.909832 15.0 0.859901 16.0 0.808802 17.0 nan 18.0 nan 19.0 nan 20.0 nan 21.0 nan 22.0 nan 23.0 nan 24.0 nan 25.0 nan 26.0 nan 27.0 nan 28.0 nan 29.0 nan 30.0 nan
441.509842  0.0 1.396534 1.0 1.389820 2.0 1.360471 3.0 1.322563 4.0 1.284465 5.0 1.244174 6.0 1.199969 7.0 1.155884 8.0 1.111899 9.0 1.068049 10.0 1.062215 11.0 1.013948 12.0 0.965038 13.0 0.915354 14.0 0.864697 15.0 0.812805 16.0 nan 17.0 nan 18.0 nan 19.0 nan 20.0 nan 21.0 nan 22.0 nan 23.0 nan 24.0 nan 25.0 nan 26.0 nan 27.0 nan 28.0 nan 29.0 nan 30.0 nan
456.286231  0.0 1.358961 1.0 1.352345 2.0 1.322965 3.0 1.284927 4.0 1.246679 5.0 1.206122 6.0 1.161486 7.0 1.116897 8.0 1.072335 9.0 1.027797 10.0 1.022706 11.0 0.973216 12.0 0.922925 13.0 0.871621 14.0 0.819080 15.0 nan 16.0 nan 17.0 nan 18.0 nan 19.0 nan 20.0 nan 21.0 nan 22.0 nan 23.0 nan 24.0 nan 25.0 nan 26.0 nan 27.0 nan 28.0 nan 29.0 nan 30.0 nan
471.557155  0.0 1.321908 1.0 1.315356 2.0 1.285929 3.0 1.247765 4.0 1.209325 5.0 1.168458 6.0 1.123335 7.0 1.078177 8.0 1.032969 9.0 0.987672 10.0 0.983299 11.0 0.932495 12.0 0.880649 13.0 0.827544 14.0 nan 15.0 nan 16.0 nan 17.0 nan 18.0 nan 19.0 nan 20.0 nan 21.0 nan 22.0 nan 23.0 nan 24.0 nan 25.0 nan 26.0 nan 27.0 nan 28.0 nan 29.0 nan 30.0 nan
487.339164  0.0 1.285309 1.0 1.278864 2.0 1.249367 3.0 1.211025 4.0 1.172346 5.0 1.131138 6.0 1.085476 7.0 1.039681 8.0 0.993728 9.0 0.947580 10.0 0.943980 11.0 0.891693 12.0 0.838116 13.0 nan 14.0 nan 15.0 nan 16.0 nan 17.0 nan 18.0 nan 19.0 nan 20.0 nan 21.0 nan 22.0 nan 23.0 nan 24.0 nan 25.0 nan 26.0 nan 27.0 nan 28.0 nan 29.0 nan 30.0 nan
503.649363  0.0 1.249175 1.0 1.242799 2.0 1.213217 3.0 1.174673 4.0 1.135728 5.0 1.094125 6.0 1.047865 7.0 1.001365 8.0 0.954580 9.0 0.907451 10.0 0.904657 11.0 0.850713 12.0 nan 13.0 nan 14.0 nan 15.0 nan 16.0 nan 17.0 nan 18.0 nan 19.0 nan 20.0 nan 21.0 nan 22.0 nan 23.0 nan 24.0 nan 25.0 nan 26.0 nan 27.0 nan 28.0 nan 29.0 nan 30.0 nan
520.505430  0.0 1.213444 1.0 1.207169 2.0 1.177469 3.0 1.138689 4.0 1.099434 5.0 1.057383 6.0 1.010452 7.0 0.963146 8.0 0.915439 9.0 0.867208 10.0 0.865240 11.0 0.809463 12.0 nan 13.0 nan 14.0 nan 15.0 nan 16.0 nan 17.0 nan 18.0 nan 19.0 nan 20.0 nan 21.0 nan 22.0 nan 23.0 nan 24.0 nan 25.0 nan 26.0 nan 27.0 nan 28.0 nan 29.0 nan 30.0 nan
537.925633  0.0 1.178108 1.0 1.171921 2.0 1.142095 3.0 1.103035 4.0 1.063423 5.0 1.020858 6.0 0.973171 7.0 0.924998 8.0 0.876220 9.0 0.826750 10.0 0.825640 11.0 nan 12.0 nan 13.0 nan 14.0 nan 15.0 nan 16.0 nan 17.0 nan 18.0 nan 19.0 nan 20.0 nan 21.0 nan 22.0 nan 23.0 nan 24.0 nan 25.0 nan 26.0 nan 27.0 nan 28.0 nan 29.0 nan 30.0 nan
555.928853  0.0 1.143138 1.0 1.137029 2.0 1.107047 3.0 1.067672 4.0 1.027655 5.0 0.984513 6.0 0.936003 7.0 0.886808 8.0 0.836854 9.0 nan 10.0 nan 11.0 nan 12.0 nan 13.0 nan 14.0 nan 15.0 nan 16.0 nan 17.0 nan 18.0 nan 19.0 nan 20.0 nan 21.0 nan 22.0 nan 23.0 nan 24.0 nan 25.0 nan 26.0 nan 27.0 nan 28.0 nan 29.0 nan 30.0 nan
574.534602  0.0 1.108479 1.0 1.102472 2.0 1.072293 3.0 1.032561 4.0 0.992089 5.0 0.948307 6.0 0.898842 7.0 0.848530 8.0 nan 9.0 nan 10.0 nan 11.0 nan 12.0 nan 13.0 nan 14.0 nan 15.0 nan 16.0 nan 17.0 nan 18.0 nan 19.0 nan 20.0 nan 21.0 nan 22.0 nan 23.0 nan 24.0 nan 25.0 nan 26.0 nan 27.0 nan 28.0 nan 29.0 nan 30.0 nan
593.763046  0.0 1.074117 1.0 1.068212 2.0 1.037806 3.0 0.997661 4.0 0.956685 5.0 0.912172 6.0 0.861654 7.0 0.810073 8.0 nan 9.0 nan 10.0 nan 11.0 nan 12.0 nan 13.0 nan 14.0 nan 15.0 nan 16.0 nan 17.0 nan 18.0 nan 19.0 nan 20.0 nan 21.0 nan 22.0 nan 23.0 nan 24.0 nan 25.0 nan 26.0 nan 27.0 nan 28.0 nan 29.0 nan 30.0 nan
613.635024  0.0 1.040019 1.0 1.034212 2.0 1.003548 3.0 0.962931 4.0 0.921365 5.0 0.876056 6.0 0.824350 7.0 nan 8.0 nan 9.0 nan 10.0 nan 11.0 nan 12.0 nan 13.0 nan 14.0 nan 15.0 nan 16.0 nan 17.0 nan 18.0 nan 19.0 nan 20.0 nan 21.0 nan 22.0 nan 23.0 nan 24.0 nan 25.0 nan 26.0 nan 27.0 nan 28.0 nan 29.0 nan 30.0 nan
634.172075  0.0 1.006147 1.0 1.000432 2.0 0.969479 3.0 0.928332 4.0 0.886112 5.0 0.839879 6.0 nan 7.0 nan 8.0 nan 9.0 nan 10.0 nan 11.0 nan 12.0 nan 13.0 nan 14.0 nan 15.0 nan 16.0 nan 17.0 nan 18.0 nan 19.0 nan 20.0 nan 21.0 nan 22.0 nan 23.0 nan 24.0 nan 25.0 nan 26.0 nan 27.0 nan 28.0 nan 29.0 nan 30.0 nan
655.396458  0.0 0.972463 1.0 0.966841 2.0 0.935560 3.0 0.893818 4.0 0.850838 5.0 0.803579 6.0 nan 7.0 nan 8.0 nan 9.0 nan 10.0 nan 11.0 nan 12.0 nan 13.0 nan 14.0 nan 15.0 nan 16.0 nan 17.0 nan 18.0 nan 19.0 nan 20.0 nan 21.0 nan 22.0 nan 23.0 nan 24.0 nan 25.0 nan 26.0 nan 27.0 nan 28.0 nan 29.0 nan 30.0 nan
677.331175  0.0 0.938930 1.0 0.933391 2.0 0.901725 3.0 0.859307 4.0 0.815497 5.0 nan 6.0 nan 7.0 nan 8.0 nan 9.0 nan 10.0 nan 11.0 nan 12.0 nan 13.0 nan 14.0 nan 15.0 nan 16.0 nan 17.0 nan 18.0 nan 19.0 nan 20.0 nan 21.0 nan 22.0 nan 23.0 nan 24.0 nan 25.0 nan 26.0 nan 27.0 nan 28.0 nan 29.0 nan 30.0 nan
700.000000  0.0 0.905510 1.0 0.900047 2.0 0.867949 3.0 0.824770 4.0 nan 5.0 nan 6.0 nan 7.0 nan 8.0 nan 9.0 nan 10.0 nan 11.0 nan 12.0 nan 13.0 nan 14.0 nan 15.0 nan 16.0 nan 17.0 nan 18.0 nan 19.0 nan 20.0 nan 21.0 nan 22.0 nan 23.0 nan 24.0 nan 25.0 nan 26.0 nan 27.0 nan 28.0 nan 29.0 nan 30.0 nan
