1.000000  0.0 194.897477 1.0 196.182411 2.0 195.897669 3.0 194.937134 4.0 193.842773 5.0 192.599365 6.0 191.202354 7.0 189.747988 8.0 188.256097 9.0 186.744130 10.0 185.283779 11.0 184.269998 12.0 183.243896 13.0 182.215211 14.0 181.191208 15.0 180.177031 16.0 179.175811 17.0 178.189041 18.0 177.216752 19.0 176.257928 20.0 175.302321 21.0 174.290455 22.0 173.288715 23.0 172.294617 24.0 171.306137 25.0 170.322139 26.0 169.342676 27.0 168.369300 28.0 167.405458 29.0 166.456694 30.0 165.531126
1.033468  0.0 188.758102 1.0 189.997892 2.0 189.718068 3.0 188.784344 4.0 187.721420 5.0 186.514642 6.0 185.159397 7.0 183.748927 8.0 182.302395 9.0 180.836584 10.0 179.420938 11.0 178.437901 12.0 177.442984 13.0 176.445714 14.0 175.452996 15.0 174.469915 16.0 173.499380 17.0 172.542943 18.0 171.600520 19.0 170.671234 20.0 169.745055 21.0 168.764499 22.0 167.793743 23.0 166.830483 24.0 165.872659 25.0 164.919270 26.0 163.970267 27.0 163.027243 28.0 162.093437 29.0 161.174299 30.0 160.277589
1.068056  0.0 182.817144 1.0 184.013331 2.0 183.738241 3.0 182.830458 4.0 181.798013 5.0 180.626647 6.0 179.311826 7.0 177.943887 8.0 176.541209 9.0 175.120068 10.0 173.747699 11.0 172.794406 12.0 171.829682 13.0 170.862803 14.0 169.900370 15.0 168.947374 16.0 168.006540 17.0 167.079453 18.0 166.165945 19.0 165.265233 20.0 164.367555 21.0 163.417276 22.0 162.476510 23.0 161.543087 24.0 160.614930 25.0 159.691161 26.0 158.771633 27.0 157.857982 28.0 156.953242 29.0 156.062773 30.0 155.193988
1.103801  0.0 177.068165 1.0 178.222181 2.0 177.951750 3.0 177.069026 4.0 176.066116 5.0 174.929001 6.0 173.653305 7.0 172.326533 8.0 170.966298 9.0 169.588387 10.0 168.257953 11.0 167.333397 12.0 166.397939 13.0 165.460427 14.0 164.527351 15.0 163.603425 16.0 162.691383 17.0 161.792651 18.0 160.907166 19.0 160.034066 20.0 159.164000 21.0 158.242993 22.0 157.331291 23.0 156.426700 24.0 155.527292 25.0 154.632148 26.0 153.741169 27.0 152.855916 28.0 151.979314 29.0 151.116578 30.0 150.274823
1.140743  0.0 171.504937 1.0 172.618169 2.0 172.352265 3.0 171.493804 4.0 170.519490 5.0 169.415529 6.0 168.177760 7.0 166.890777 8.0 165.571619 9.0 164.235547 10.0 162.945700 11.0 162.048956 12.0 161.141824 13.0 160.232733 14.0 159.328071 15.0 158.432275 16.0 157.548100 17.0 156.676807 18.0 155.818444 19.0 154.972066 20.0 154.128721 21.0 153.236041 22.0 152.352468 23.0 151.475776 24.0 150.604199 25.0 149.736747 26.0 148.873417 27.0 148.015625 28.0 147.166286 29.0 146.330353 30.0 145.514792
1.178921  0.0 166.121433 1.0 167.195222 2.0 166.933719 3.0 166.098752 4.0 165.152125 5.0 164.080258 6.0 162.879215 7.0 161.630730 8.0 160.351328 9.0 159.055804 10.0 157.805184 11.0 156.935358 12.0 156.055641 13.0 155.174055 14.0 154.296894 15.0 153.428322 16.0 152.571117 17.0 151.726379 18.0 150.894265 19.0 150.073746 20.0 149.256262 21.0 148.390995 22.0 147.534645 23.0 146.684952 24.0 145.840308 25.0 144.999653 26.0 144.163082 27.0 143.331862 28.0 142.508908 29.0 141.698912 30.0 140.908700
1.218377  0.0 160.911909 1.0 161.947465 2.0 161.690242 3.0 160.878099 4.0 159.958206 5.0 158.917423 6.0 157.751915 7.0 156.540692 8.0 155.299768 9.0 154.043500 10.0 152.830836 11.0 151.987078 12.0 151.133880 13.0 150.278924 14.0 149.428368 15.0 148.586147 16.0 147.755041 17.0 146.936006 18.0 146.129293 19.0 145.333810 20.0 144.541344 21.0 143.702611 22.0 142.872601 23.0 142.049035 24.0 141.230457 25.0 140.415734 26.0 139.605059 27.0 138.799553 28.0 138.002133 29.0 137.217235 30.0 136.451555
1.259154  0.0 155.870633 1.0 156.869214 2.0 156.616152 3.0 155.826121 4.0 154.932105 5.0 153.921473 6.0 152.790305 7.0 151.615147 8.0 150.411518 9.0 149.193194 10.0 148.017264 11.0 147.198784 12.0 146.371206 13.0 145.542075 14.0 144.717219 15.0 143.900555 16.0 143.094654 17.0 142.300547 18.0 141.518364 19.0 140.747154 20.0 139.978858 21.0 139.165851 22.0 138.361285 23.0 137.563046 24.0 136.769651 25.0 135.980050 26.0 135.194409 27.0 134.413799 28.0 133.641078 29.0 132.880468 30.0 132.138528
1.301295  0.0 150.992145 1.0 151.954976 2.0 151.705953 3.0 150.937339 4.0 150.068378 5.0 149.086937 6.0 147.989008 7.0 146.848760 8.0 145.681247 9.0 144.499631 10.0 143.359255 11.0 142.565243 12.0 141.762461 13.0 140.958325 14.0 140.158341 15.0 139.366414 16.0 138.584905 17.0 137.814926 18.0 137.056483 19.0 136.308766 20.0 135.563858 21.0 134.775750 22.0 133.995807 23.0 133.222089 24.0 132.453056 25.0 131.687790 26.0 130.926352 27.0 130.169872 28.0 129.421016 29.0 128.683958 30.0 127.964946
1.344847  0.0 146.271158 1.0 147.199499 2.0 146.954337 3.0 146.206455 4.0 145.361778 5.0 144.408577 6.0 143.342824 7.0 142.236416 8.0 141.103813 9.0 139.957725 10.0 138.851760 11.0 138.081433 12.0 137.302649 13.0 136.522708 14.0 135.746796 15.0 134.978812 16.0 134.220909 17.0 133.474283 18.0 132.738814 19.0 132.013836 20.0 131.291563 21.0 130.527553 22.0 129.771438 23.0 129.021452 24.0 128.275994 25.0 127.534281 26.0 126.796264 27.0 126.063137 28.0 125.337375 29.0 124.623110 30.0 123.926284
1.389856  0.0 141.702560 1.0 142.597551 2.0 142.356222 3.0 141.628347 4.0 140.807241 5.0 139.881324 6.0 138.846719 7.0 137.773093 8.0 136.674257 9.0 135.562556 10.0 134.489936 11.0 133.742496 12.0 132.986974 13.0 132.230417 14.0 131.477825 15.0 130.732993 16.0 129.997953 17.0 129.273914 18.0 128.560697 19.0 127.857709 20.0 127.157366 21.0 126.416655 22.0 125.683606 23.0 124.956584 24.0 124.233939 25.0 123.515022 26.0 122.799670 27.0 122.089144 28.0 121.385729 29.0 120.693523 30.0 120.018168
1.436371  0.0 137.281402 1.0 138.144148 2.0 137.906551 3.0 137.198053 4.0 136.399776 5.0 135.500275 6.0 134.495865 7.0 133.453931 8.0 132.387779 9.0 131.309361 10.0 130.269047 11.0 129.543731 12.0 128.810758 13.0 128.076802 14.0 127.346823 15.0 126.624358 16.0 125.911492 17.0 125.209268 18.0 124.517629 19.0 123.835884 20.0 123.156799 21.0 122.438603 22.0 121.727927 23.0 121.023079 24.0 120.322557 25.0 119.625657 26.0 118.932265 27.0 118.243587 28.0 117.561809 29.0 116.890941 30.0 116.236367
1.484444  0.0 133.002947 1.0 133.834467 2.0 133.600504 3.0 132.910787 4.0 132.134609 5.0 131.260682 6.0 130.285541 7.0 129.274251 8.0 128.239735 9.0 127.193575 10.0 126.184493 11.0 125.480590 12.0 124.769443 13.0 124.057363 14.0 123.349273 15.0 122.648455 16.0 121.957052 17.0 121.275942 18.0 120.605189 19.0 119.944001 20.0 119.285492 21.0 118.589086 22.0 117.900065 23.0 117.216676 24.0 116.537576 25.0 115.861972 26.0 115.189861 27.0 114.522298 28.0 113.861502 29.0 113.211243 30.0 112.576826
1.534125  0.0 128.862559 1.0 129.663839 2.0 129.433417 3.0 128.761970 4.0 128.007119 5.0 127.157985 6.0 126.211151 7.0 125.229525 8.0 124.225633 9.0 123.210729 10.0 122.231847 11.0 121.548679 12.0 120.858653 13.0 120.167746 14.0 119.480843 15.0 118.800978 16.0 118.130350 17.0 117.469673 18.0 116.819138 19.0 116.177846 20.0 115.539252 21.0 114.863935 22.0 114.195873 23.0 113.533251 24.0 112.874884 25.0 112.219890 26.0 111.568374 27.0 110.921247 28.0 110.280756 29.0 109.650442 30.0 109.035533
1.585469  0.0 124.855707 1.0 125.627747 2.0 125.400777 3.0 124.747033 4.0 124.012835 5.0 123.187762 6.0 122.268283 7.0 121.315373 8.0 120.341185 9.0 119.356479 10.0 118.406827 11.0 117.743793 12.0 117.074151 13.0 116.403802 14.0 115.737344 15.0 115.077809 16.0 114.427239 17.0 113.786386 18.0 113.155374 19.0 112.533385 20.0 111.914020 21.0 111.259151 22.0 110.611337 23.0 109.968832 24.0 109.330514 25.0 108.695467 26.0 108.063883 27.0 107.436531 28.0 106.815693 29.0 106.204679 30.0 105.608652
1.638531  0.0 120.978052 1.0 121.721906 2.0 121.498217 3.0 120.861628 4.0 120.147432 5.0 119.345660 6.0 118.452664 7.0 117.527555 8.0 116.582140 9.0 115.626647 10.0 114.705290 11.0 114.061750 12.0 113.411836 13.0 112.761393 14.0 112.114719 15.0 111.474879 16.0 110.843708 17.0 110.222061 18.0 109.609927 19.0 109.006637 20.0 108.405869 21.0 107.770813 22.0 107.142574 23.0 106.519578 24.0 105.900624 25.0 105.284937 26.0 104.672590 27.0 104.064416 28.0 103.462559 29.0 102.870249 30.0 102.292470
1.693369  0.0 117.225395 1.0 117.942019 2.0 117.721597 3.0 117.101545 4.0 116.406802 5.0 115.627519 6.0 114.760163 7.0 113.862049 8.0 112.944409 9.0 112.017196 10.0 111.123228 11.0 110.498559 12.0 109.867742 13.0 109.236569 14.0 108.609045 15.0 107.988269 16.0 107.375876 17.0 106.772821 18.0 106.178957 19.0 105.593768 20.0 105.010999 21.0 104.395120 22.0 103.785826 23.0 103.181714 24.0 102.581501 25.0 101.984552 26.0 101.390821 27.0 100.801223 28.0 100.217720 29.0 99.643541 30.0 99.083393
1.750042  0.0 113.593674 1.0 114.283976 2.0 114.066753 3.0 113.462715 4.0 112.786828 5.0 112.029311 6.0 111.186798 7.0 110.314805 8.0 109.424053 9.0 108.524214 10.0 107.656828 11.0 107.050362 12.0 106.438088 13.0 105.825512 14.0 105.216564 15.0 104.614205 16.0 104.020014 17.0 103.434927 18.0 102.858774 19.0 102.291080 20.0 101.725759 21.0 101.128415 22.0 100.537463 23.0 99.951623 24.0 99.369547 25.0 98.790735 26.0 98.215020 27.0 97.643403 28.0 97.077663 29.0 96.521031 30.0 95.977947
1.808613  0.0 110.079037 1.0 110.743819 2.0 110.529718 3.0 109.941210 4.0 109.283579 5.0 108.547141 6.0 107.728752 7.0 106.881980 8.0 106.017259 9.0 105.143933 10.0 104.302276 11.0 103.713423 12.0 103.119118 13.0 102.524529 14.0 101.933594 15.0 101.349030 16.0 100.772499 17.0 100.204766 18.0 99.645795 19.0 99.094997 20.0 98.546600 21.0 97.967161 22.0 97.394016 23.0 96.825807 24.0 96.261332 25.0 95.700028 26.0 95.141777 27.0 94.587535 28.0 94.038995 29.0 93.499336 30.0 92.972768
1.869143  0.0 106.677629 1.0 107.317714 2.0 107.106662 3.0 106.533288 4.0 105.893261 5.0 105.177267 6.0 104.382210 7.0 103.559859 8.0 102.720338 9.0 101.872747 10.0 101.055932 11.0 100.484130 12.0 99.907221 13.0 99.330043 14.0 98.756548 15.0 98.189209 16.0 97.629774 17.0 97.078838 18.0 96.536501 19.0 96.002055 20.0 95.470042 21.0 94.907932 22.0 94.352026 23.0 93.800880 24.0 93.253455 25.0 92.709081 26.0 92.167764 27.0 91.630308 28.0 91.098462 29.0 90.575185 30.0 90.064654
1.931699  0.0 103.385740 1.0 104.001981 2.0 103.793880 3.0 103.235177 4.0 102.612204 5.0 101.916073 6.0 101.143551 7.0 100.344843 8.0 99.529775 9.0 98.707045 10.0 97.914281 11.0 97.359048 12.0 96.798920 13.0 96.238641 14.0 95.681984 15.0 95.131347 16.0 94.588435 17.0 94.053776 18.0 93.527525 19.0 93.008923 20.0 92.492753 21.0 91.947422 22.0 91.408196 23.0 90.873564 24.0 90.342643 25.0 89.814656 26.0 89.289731 27.0 88.768520 28.0 88.252831 29.0 87.745408 30.0 87.250400
1.996349  0.0 100.199809 1.0 100.793084 2.0 100.587818 3.0 100.043307 4.0 99.436872 5.0 98.759968 6.0 98.009266 7.0 97.233463 8.0 96.442090 9.0 95.643400 10.0 94.873919 11.0 94.334746 12.0 93.790848 13.0 93.246960 14.0 92.706575 15.0 92.172151 16.0 91.645190 17.0 91.126339 18.0 90.615607 19.0 90.112393 20.0 89.611509 21.0 89.082478 22.0 88.559339 23.0 88.040740 24.0 87.525746 25.0 87.013647 26.0 86.504559 27.0 85.999079 28.0 85.499022 29.0 85.006941 30.0 84.526959
2.063163  0.0 97.116388 1.0 97.687472 2.0 97.485048 3.0 96.954222 4.0 96.363894 5.0 95.705534 6.0 94.975965 7.0 94.222418 8.0 93.453912 9.0 92.678496 10.0 91.931556 11.0 91.407934 12.0 90.879749 13.0 90.351732 14.0 89.827097 15.0 89.308371 16.0 88.796850 17.0 88.293304 18.0 87.797593 19.0 87.309278 20.0 86.823189 21.0 86.309938 22.0 85.802369 23.0 85.299306 24.0 84.799711 25.0 84.303025 26.0 83.809232 27.0 83.319030 28.0 82.834051 29.0 82.356872 30.0 81.891380
2.132212  0.0 94.132208 1.0 94.681783 2.0 94.482139 3.0 93.964580 4.0 93.389864 5.0 92.749467 6.0 92.040414 7.0 91.308370 8.0 90.562005 9.0 89.809123 10.0 89.084089 11.0 88.575444 12.0 88.062536 13.0 87.549821 14.0 87.040477 15.0 86.536906 16.0 86.040359 17.0 85.551604 18.0 85.070455 19.0 84.596542 20.0 84.124794 21.0 83.626800 22.0 83.134302 23.0 82.646277 24.0 82.161588 25.0 81.679821 26.0 81.200832 27.0 80.725418 28.0 80.255032 29.0 79.792285 30.0 79.340811
2.203573  0.0 91.244025 1.0 91.772767 2.0 91.575842 3.0 91.071229 4.0 90.511562 5.0 89.888566 6.0 89.199427 7.0 88.488167 8.0 87.763240 9.0 87.032217 10.0 86.328354 11.0 85.834209 12.0 85.336109 13.0 84.838194 14.0 84.343689 15.0 83.854756 16.0 83.372753 17.0 82.898270 18.0 82.431269 19.0 81.971248 20.0 81.513433 21.0 81.030158 22.0 80.552311 23.0 80.078782 24.0 79.608560 25.0 79.141196 26.0 78.676553 27.0 78.215436 28.0 77.759173 29.0 77.310395 30.0 76.872487
2.277322  0.0 88.448666 1.0 88.957305 2.0 88.763014 3.0 88.270979 4.0 87.725875 5.0 87.119828 6.0 86.449889 7.0 85.758755 8.0 85.054602 9.0 84.344775 10.0 83.661368 11.0 83.181279 12.0 82.697502 13.0 82.213915 14.0 81.733779 15.0 81.259018 16.0 80.791097 17.0 80.330430 18.0 79.877128 19.0 79.430554 20.0 78.986229 21.0 78.517201 22.0 78.053542 23.0 77.594040 24.0 77.137848 25.0 76.684399 26.0 76.233689 27.0 75.786364 28.0 75.343834 29.0 74.908515 30.0 74.483789
2.353539  0.0 85.743109 1.0 86.232412 2.0 86.040648 3.0 85.560777 4.0 85.029792 5.0 84.440174 6.0 83.788824 7.0 83.117181 8.0 82.433221 9.0 81.743845 10.0 81.080244 11.0 80.613834 12.0 80.143859 13.0 79.674223 14.0 79.207923 15.0 78.746937 16.0 78.292597 17.0 77.845344 18.0 77.405266 19.0 76.971745 20.0 76.540445 21.0 76.085229 22.0 75.635287 23.0 75.189361 24.0 74.746752 25.0 74.306772 26.0 73.869549 27.0 73.435574 28.0 73.006337 29.0 72.584045 30.0 72.172090
2.432307  0.0 83.124428 1.0 83.595054 2.0 83.405842 3.0 82.937694 4.0 82.420495 5.0 81.846696 6.0 81.213354 7.0 80.560668 8.0 79.896186 9.0 79.226612 10.0 78.582189 11.0 78.129028 12.0 77.672418 13.0 77.216295 14.0 76.763387 15.0 76.315762 16.0 75.874547 17.0 75.440320 18.0 75.013008 19.0 74.592163 20.0 74.173435 21.0 73.731641 22.0 73.294927 23.0 72.862208 24.0 72.432684 25.0 72.005782 26.0 71.581574 27.0 71.160541 28.0 70.744153 29.0 70.334472 30.0 69.934875
2.513711  0.0 80.589905 1.0 81.042382 2.0 80.855670 3.0 80.398893 4.0 79.895061 5.0 79.336592 6.0 78.720740 7.0 78.086385 8.0 77.440751 9.0 76.790352 10.0 76.164565 11.0 75.724172 12.0 75.280545 13.0 74.837468 14.0 74.397543 15.0 73.962841 16.0 73.534332 17.0 73.112717 18.0 72.697765 19.0 72.289195 20.0 71.882637 21.0 71.453838 22.0 71.029928 23.0 70.610001 24.0 70.193138 25.0 69.778923 26.0 69.367288 27.0 68.958828 28.0 68.554831 29.0 68.157418 30.0 67.769724
2.597839  0.0 78.136703 1.0 78.571635 2.0 78.387375 3.0 77.941736 4.0 77.450760 5.0 76.907151 6.0 76.308291 7.0 75.691642 8.0 75.064262 9.0 74.432469 10.0 73.824718 11.0 73.396666 12.0 72.965656 13.0 72.535168 14.0 72.107881 15.0 71.685626 16.0 71.269498 17.0 70.860019 18.0 70.457098 19.0 70.060347 20.0 69.665631 21.0 69.249356 22.0 68.837872 23.0 68.430298 24.0 68.025698 25.0 67.623760 26.0 67.224293 27.0 66.828006 28.0 66.436003 29.0 66.050466 30.0 65.674293
2.684783  0.0 75.762159 1.0 76.180230 2.0 75.998291 3.0 75.563465 4.0 75.084949 5.0 74.555841 6.0 73.973348 7.0 73.373848 8.0 72.764170 9.0 72.150430 10.0 71.560093 11.0 71.144006 12.0 70.725202 13.0 70.306904 14.0 69.891857 15.0 69.481654 16.0 69.077518 17.0 68.679786 18.0 68.288528 19.0 67.903209 20.0 67.519975 21.0 67.115808 22.0 66.716397 23.0 66.320741 24.0 65.928076 25.0 65.537959 26.0 65.150326 27.0 64.765769 28.0 64.385408 29.0 64.011337 30.0 63.646334
2.774637  0.0 73.463710 1.0 73.865535 2.0 73.685929 3.0 73.261505 4.0 72.795116 5.0 72.280022 6.0 71.713385 7.0 71.130506 8.0 70.538041 9.0 69.941713 10.0 69.368239 11.0 68.963817 12.0 68.556760 13.0 68.150343 14.0 67.747074 15.0 67.348592 16.0 66.956020 17.0 66.569694 18.0 66.189698 19.0 65.815470 20.0 65.443332 21.0 65.050893 22.0 64.663166 23.0 64.279046 24.0 63.897938 25.0 63.519263 26.0 63.143103 27.0 62.769886 28.0 62.400830 29.0 62.037822 30.0 61.683679
2.867499  0.0 71.238955 1.0 71.625014 2.0 71.447725 3.0 71.033371 4.0 70.578809 5.0 70.077233 6.0 69.525960 7.0 68.959277 8.0 68.383394 9.0 67.803929 10.0 67.246787 11.0 66.853666 12.0 66.457986 13.0 66.063089 14.0 65.671214 15.0 65.284117 16.0 64.902708 17.0 64.527477 18.0 64.158338 19.0 63.794905 20.0 63.433455 21.0 63.052441 22.0 62.675957 23.0 62.303061 24.0 61.933088 25.0 61.565519 26.0 61.200438 27.0 60.838202 28.0 60.480087 29.0 60.127788 30.0 59.784159
2.963468  0.0 69.085461 1.0 69.456249 2.0 69.281235 3.0 68.876720 4.0 68.433567 5.0 67.945095 6.0 67.408804 7.0 66.857720 8.0 66.297899 9.0 65.734767 10.0 65.193534 11.0 64.811273 12.0 64.426673 13.0 64.042872 14.0 63.662064 15.0 63.285962 16.0 62.915373 17.0 62.550877 18.0 62.192250 19.0 61.839272 20.0 61.488171 21.0 61.118222 22.0 60.752622 23.0 60.390613 24.0 60.031401 25.0 59.674628 26.0 59.320229 27.0 58.968690 28.0 58.621101 29.0 58.279224 30.0 57.945718
3.062648  0.0 67.000856 1.0 67.356966 2.0 67.184122 3.0 66.789211 4.0 66.357074 5.0 65.881376 6.0 65.359548 7.0 64.823566 8.0 64.279304 9.0 63.732070 10.0 63.206178 11.0 62.834429 12.0 62.460593 13.0 62.087509 14.0 61.717476 15.0 61.351967 16.0 60.991932 17.0 60.637759 18.0 60.289389 19.0 59.946458 20.0 59.605445 21.0 59.246143 22.0 58.891118 23.0 58.539615 24.0 58.190830 25.0 57.844501 26.0 57.500442 27.0 57.159260 28.0 56.821861 29.0 56.490088 30.0 56.166368
3.165149  0.0 64.982891 1.0 65.324894 2.0 65.154199 3.0 64.768539 4.0 64.347107 5.0 63.883817 6.0 63.375967 7.0 62.854617 8.0 62.325507 9.0 61.793618 10.0 61.282564 11.0 60.921056 12.0 60.557592 13.0 60.194914 14.0 59.835293 15.0 59.480042 16.0 59.130230 17.0 58.786052 18.0 58.447622 19.0 58.114416 20.0 57.783186 21.0 57.434180 22.0 57.089437 23.0 56.748065 24.0 56.409442 25.0 56.073159 26.0 55.739171 27.0 55.407957 28.0 55.080459 29.0 54.758433 30.0 54.444208
3.271080  0.0 63.029485 1.0 63.357780 2.0 63.189248 3.0 62.812522 4.0 62.401575 5.0 61.950221 6.0 61.455918 7.0 60.948826 8.0 60.434344 9.0 59.917296 10.0 59.420616 11.0 59.069069 12.0 58.715613 13.0 58.363082 14.0 58.013481 15.0 57.668252 16.0 57.328256 17.0 56.993822 18.0 56.664956 19.0 56.341217 20.0 56.019411 21.0 55.680405 22.0 55.345589 23.0 55.014027 24.0 54.685243 25.0 54.358687 26.0 54.034465 27.0 53.712888 28.0 53.395011 29.0 53.082384 30.0 52.777401
3.380556  0.0 61.138482 1.0 61.453504 2.0 61.287100 3.0 60.919117 4.0 60.518281 5.0 60.078503 6.0 59.597406 7.0 59.104085 8.0 58.603749 9.0 58.101078 10.0 57.618382 11.0 57.276430 12.0 56.932698 13.0 56.589969 14.0 56.250072 15.0 55.914555 16.0 55.584063 17.0 55.259090 18.0 54.939463 19.0 54.624927 20.0 54.312215 21.0 53.982944 22.0 53.657690 23.0 53.335706 24.0 53.016372 25.0 52.699284 26.0 52.384468 27.0 52.072246 28.0 51.763659 29.0 51.460139 30.0 51.164098
3.493696  0.0 59.307801 1.0 59.610107 2.0 59.445707 3.0 59.086275 4.0 58.695196 5.0 58.266709 6.0 57.798386 7.0 57.318376 8.0 56.831746 9.0 56.343062 10.0 55.873899 11.0 55.541202 12.0 55.206958 13.0 54.873659 14.0 54.543252 15.0 54.217054 16.0 53.895828 17.0 53.579960 18.0 53.269324 19.0 52.963660 20.0 52.659784 21.0 52.339912 22.0 52.023917 23.0 51.711208 24.0 51.401024 25.0 51.093132 26.0 50.787396 27.0 50.484281 28.0 50.184641 29.0 49.890003 30.0 49.602554
3.610622  0.0 57.535481 1.0 57.825552 2.0 57.663187 3.0 57.311963 4.0 56.930383 5.0 56.512869 6.0 56.056881 7.0 55.589772 8.0 55.116494 9.0 54.641338 10.0 54.185242 11.0 53.861555 12.0 53.536465 13.0 53.212307 14.0 52.891091 15.0 52.573917 16.0 52.261697 17.0 51.954618 18.0 51.652736 19.0 51.355621 20.0 51.060358 21.0 50.749535 22.0 50.442586 23.0 50.138780 24.0 49.837507 25.0 49.538468 26.0 49.241548 27.0 48.947229 28.0 48.656250 29.0 48.370215 30.0 48.091083
3.731462  0.0 55.819739 1.0 56.097876 2.0 55.937544 3.0 55.594269 4.0 55.222001 5.0 54.815042 6.0 54.371013 7.0 53.916493 8.0 53.456109 9.0 52.994025 10.0 52.550590 11.0 52.235693 12.0 51.919414 13.0 51.604203 14.0 51.291804 15.0 50.983440 16.0 50.679876 17.0 50.381355 18.0 50.087909 19.0 49.799103 20.0 49.512155 21.0 49.210100 22.0 48.911910 23.0 48.616724 24.0 48.324110 25.0 48.033615 26.0 47.745285 27.0 47.459429 28.0 47.176912 29.0 46.899131 30.0 46.628111
3.856346  0.0 54.158597 1.0 54.425238 2.0 54.266895 3.0 53.931444 4.0 53.568120 5.0 53.171400 6.0 52.739060 7.0 52.296680 8.0 51.848765 9.0 51.399348 10.0 50.968244 11.0 50.661805 12.0 50.354092 13.0 50.047523 14.0 49.743664 15.0 49.443862 16.0 49.148659 17.0 48.858475 18.0 48.573155 19.0 48.292456 20.0 48.013504 21.0 47.720021 22.0 47.430235 23.0 47.143454 24.0 46.859169 25.0 46.576977 26.0 46.296938 27.0 46.019279 28.0 45.744954 29.0 45.475164 30.0 45.212015
3.985410  0.0 52.550270 1.0 52.805943 2.0 52.649471 3.0 52.321624 4.0 51.966957 5.0 51.580272 6.0 51.159194 7.0 50.728559 8.0 50.292729 9.0 49.855659 10.0 49.436477 11.0 49.138193 12.0 48.838854 13.0 48.540588 14.0 48.245094 15.0 47.953497 16.0 47.666452 17.0 47.384289 18.0 47.106877 19.0 46.833997 20.0 46.562810 21.0 46.277610 22.0 45.995963 23.0 45.717348 24.0 45.441104 25.0 45.167004 26.0 44.894943 27.0 44.625297 28.0 44.358830 29.0 44.096836 30.0 43.841250
4.118793  0.0 50.993126 1.0 51.238129 2.0 51.083608 3.0 50.763052 4.0 50.416872 5.0 50.039867 6.0 49.629689 7.0 49.210448 8.0 48.786423 9.0 48.361260 10.0 47.953596 11.0 47.663275 12.0 47.371995 13.0 47.081793 14.0 46.794393 15.0 46.510739 16.0 46.231636 17.0 45.957207 18.0 45.687511 19.0 45.422151 20.0 45.158554 21.0 44.881311 22.0 44.607619 23.0 44.336843 24.0 44.068427 25.0 43.802123 26.0 43.537801 27.0 43.275902 28.0 43.017043 29.0 42.762618 30.0 42.514338
4.256640  0.0 49.485446 1.0 49.720112 2.0 49.567517 3.0 49.254092 4.0 48.916162 5.0 48.548507 6.0 48.148925 7.0 47.740817 8.0 47.328143 9.0 46.914504 10.0 46.518004 11.0 46.235450 12.0 45.951933 13.0 45.669628 14.0 45.389993 15.0 45.114118 16.0 44.842627 17.0 44.575745 18.0 44.313472 19.0 44.055432 20.0 43.799154 21.0 43.529627 22.0 43.263647 23.0 43.000448 24.0 42.739657 25.0 42.480862 26.0 42.224103 27.0 41.969639 28.0 41.718216 29.0 41.471053 30.0 41.229896
4.399100  0.0 48.025564 1.0 48.250376 2.0 48.099572 3.0 47.793172 4.0 47.463167 5.0 47.104628 6.0 46.715380 7.0 46.317974 8.0 45.916304 9.0 45.513843 10.0 45.128255 11.0 44.853132 12.0 44.577200 13.0 44.302492 14.0 44.030397 15.0 43.762058 16.0 43.497929 17.0 43.238401 18.0 42.983281 19.0 42.732389 20.0 42.483146 21.0 42.221173 22.0 41.962583 23.0 41.706788 24.0 41.453320 25.0 41.201831 26.0 40.952363 27.0 40.705105 28.0 40.460890 29.0 40.220748 30.0 39.986518
4.546329  0.0 46.611984 1.0 46.827260 2.0 46.678321 3.0 46.378634 4.0 46.056362 5.0 45.706722 6.0 45.327417 7.0 44.940390 8.0 44.549427 9.0 44.157867 10.0 43.782764 11.0 43.514836 12.0 43.246302 13.0 42.978912 14.0 42.714209 15.0 42.453091 16.0 42.196179 17.0 41.943694 18.0 41.695562 19.0 41.451540 20.0 41.209152 21.0 40.954458 22.0 40.703031 23.0 40.454427 24.0 40.208030 25.0 39.963668 26.0 39.721212 27.0 39.481009 28.0 39.243699 29.0 39.010418 30.0 38.782835
4.698485  0.0 45.243201 1.0 45.449208 2.0 45.302128 3.0 45.008966 4.0 44.694298 5.0 44.353204 6.0 43.983546 7.0 43.606657 8.0 43.226081 9.0 42.845013 10.0 42.480075 11.0 42.219229 12.0 41.957763 13.0 41.697527 14.0 41.439927 15.0 41.185831 16.0 40.935905 17.0 40.690231 18.0 40.448907 19.0 40.211506 20.0 39.975812 21.0 39.728119 22.0 39.483716 23.0 39.241995 24.0 39.002505 25.0 38.764988 26.0 38.529353 27.0 38.295955 28.0 38.065334 29.0 37.838713 30.0 37.617550
4.855733  0.0 43.917669 1.0 44.114844 2.0 43.969505 3.0 43.682820 4.0 43.375417 5.0 43.042628 6.0 42.682428 7.0 42.315317 8.0 41.944767 9.0 41.573871 10.0 41.218840 11.0 40.964813 12.0 40.710206 13.0 40.456938 14.0 40.206182 15.0 39.958969 16.0 39.715737 17.0 39.476756 18.0 39.241939 19.0 39.011021 20.0 38.781746 21.0 38.540876 22.0 38.303240 23.0 38.068190 24.0 37.835415 25.0 37.604502 26.0 37.375528 27.0 37.148667 28.0 36.924604 29.0 36.704356 30.0 36.489474
5.018244  0.0 42.634044 1.0 42.822687 2.0 42.679134 3.0 42.398646 4.0 42.098317 5.0 41.773703 6.0 41.422581 7.0 41.064936 8.0 40.704114 9.0 40.343157 10.0 39.997712 11.0 39.750238 12.0 39.502380 13.0 39.255771 14.0 39.011722 15.0 38.771109 16.0 38.534400 17.0 38.301876 18.0 38.073370 19.0 37.848752 20.0 37.625671 21.0 37.391464 22.0 37.160332 23.0 36.931830 24.0 36.705476 25.0 36.481021 26.0 36.258441 27.0 36.037942 28.0 35.820200 29.0 35.606131 30.0 35.397342
5.186194  0.0 41.390960 1.0 41.571307 2.0 41.429555 3.0 41.155069 4.0 40.861739 5.0 40.544946 6.0 40.202635 7.0 39.854221 8.0 39.502901 9.0 39.151503 10.0 38.815321 11.0 38.574272 12.0 38.332888 13.0 38.092762 14.0 37.855220 15.0 37.620974 16.0 37.390653 17.0 37.164325 18.0 36.942021 19.0 36.723423 20.0 36.506429 21.0 36.278594 22.0 36.053810 23.0 35.831608 24.0 35.611487 25.0 35.393302 26.0 35.176889 27.0 34.962606 28.0 34.750934 29.0 34.542925 30.0 34.339964
5.359765  0.0 40.187010 1.0 40.359475 2.0 40.219400 3.0 39.950897 4.0 39.664237 5.0 39.355041 6.0 39.021373 7.0 38.681903 8.0 38.339725 9.0 37.997597 10.0 37.670424 11.0 37.435622 12.0 37.200477 13.0 36.966717 14.0 36.735404 15.0 36.507420 16.0 36.283204 17.0 36.062934 18.0 35.846590 19.0 35.633856 20.0 35.422741 21.0 35.201073 22.0 34.982485 23.0 34.766341 24.0 34.552335 25.0 34.340149 26.0 34.129779 27.0 33.921450 28.0 33.715699 29.0 33.513519 30.0 33.316223
5.539145  0.0 39.021006 1.0 39.185829 2.0 39.047495 3.0 38.784703 4.0 38.504546 5.0 38.202845 6.0 37.877477 7.0 37.546649 8.0 37.213341 9.0 36.880267 10.0 36.561856 11.0 36.333027 12.0 36.104026 13.0 35.876347 14.0 35.651120 15.0 35.429175 16.0 35.210872 17.0 34.996513 18.0 34.785900 19.0 34.578917 20.0 34.373435 21.0 34.157835 22.0 33.945160 23.0 33.734942 24.0 33.526807 25.0 33.320456 26.0 33.115934 27.0 32.913355 28.0 32.713384 29.0 32.516808 30.0 32.325060
5.724528  0.0 37.891663 1.0 38.049075 2.0 37.912493 3.0 37.655258 4.0 37.381531 5.0 37.086998 6.0 36.769686 7.0 36.447289 8.0 36.122656 9.0 35.798305 10.0 35.488341 11.0 35.265363 12.0 35.042282 13.0 34.820493 14.0 34.601219 15.0 34.385070 16.0 34.172593 17.0 33.963872 18.0 33.758895 19.0 33.557407 20.0 33.357442 21.0 33.147668 22.0 32.940739 23.0 32.736282 24.0 32.533800 25.0 32.333168 26.0 32.134249 27.0 31.937321 28.0 31.742869 29.0 31.551776 30.0 31.365350
5.916116  0.0 36.797720 1.0 36.948141 2.0 36.813164 3.0 36.561463 4.0 36.293871 5.0 36.006315 6.0 35.696910 7.0 35.382685 8.0 35.066397 9.0 34.750500 10.0 34.448753 11.0 34.231486 12.0 34.014092 13.0 33.798116 14.0 33.584515 15.0 33.374060 16.0 33.167161 17.0 32.963943 18.0 32.764412 19.0 32.568244 20.0 32.373654 21.0 32.169487 22.0 31.968204 23.0 31.769255 24.0 31.572325 25.0 31.377161 26.0 31.183712 27.0 30.992224 28.0 30.803125 29.0 30.617361 30.0 30.436061
6.114115  0.0 35.738156 1.0 35.881723 2.0 35.748470 3.0 35.502027 4.0 35.240445 5.0 34.959755 6.0 34.657944 7.0 34.351617 8.0 34.043428 9.0 33.735799 10.0 33.442051 11.0 33.230233 12.0 33.018444 13.0 32.808019 14.0 32.599961 15.0 32.395021 16.0 32.193498 17.0 31.995680 18.0 31.801367 19.0 31.610443 20.0 31.420979 21.0 31.222322 22.0 31.026436 23.0 30.832862 24.0 30.641292 25.0 30.451416 26.0 30.263308 27.0 30.077044 28.0 29.893205 29.0 29.712532 30.0 29.536275
6.318742  0.0 34.711709 1.0 34.848715 2.0 34.717136 3.0 34.475872 4.0 34.220188 5.0 33.946077 6.0 33.651642 7.0 33.353045 8.0 33.052778 9.0 32.753102 10.0 32.467064 11.0 32.260596 12.0 32.054209 13.0 31.849157 14.0 31.646532 15.0 31.446872 16.0 31.250667 17.0 31.057983 18.0 30.868800 19.0 30.682890 20.0 30.498441 21.0 30.305102 22.0 30.114432 23.0 29.926118 24.0 29.739688 25.0 29.555020 26.0 29.372005 27.0 29.190866 28.0 29.012061 29.0 28.836356 30.0 28.664956
6.530216  0.0 33.717330 1.0 33.848087 2.0 33.718118 3.0 33.481942 4.0 33.231914 5.0 32.964244 6.0 32.677053 7.0 32.385909 8.0 32.093266 9.0 31.801309 10.0 31.522791 11.0 31.321531 12.0 31.120333 13.0 30.920593 14.0 30.723139 15.0 30.528677 16.0 30.337556 17.0 30.149888 18.0 29.965672 19.0 29.784605 20.0 29.605061 21.0 29.416824 22.0 29.231301 23.0 29.047996 24.0 28.866612 25.0 28.686929 26.0 28.508878 27.0 28.332700 28.0 28.158751 29.0 27.987906 30.0 27.821164
6.748769  0.0 32.754003 1.0 32.878663 2.0 32.750388 3.0 32.519088 4.0 32.274652 5.0 32.013257 6.0 31.733026 7.0 31.449110 8.0 31.163899 9.0 30.879491 10.0 30.608265 11.0 30.411982 12.0 30.215920 13.0 30.021234 14.0 29.828849 15.0 29.639410 16.0 29.453197 17.0 29.270452 18.0 29.090988 19.0 28.914708 20.0 28.739830 21.0 28.556614 22.0 28.376007 23.0 28.197593 24.0 28.021093 25.0 27.846215 26.0 27.673034 27.0 27.501604 28.0 27.332445 29.0 27.166227 30.0 27.004062
6.974636  0.0 31.820604 1.0 31.939519 2.0 31.812824 3.0 31.586392 4.0 31.347355 5.0 31.092013 6.0 30.818577 7.0 30.541747 8.0 30.263751 9.0 29.986611 10.0 29.722430 11.0 29.531063 12.0 29.339916 13.0 29.150153 14.0 28.962714 15.0 28.778090 16.0 28.596736 17.0 28.418669 18.0 28.243894 19.0 28.072177 20.0 27.901877 21.0 27.723500 22.0 27.547648 23.0 27.374024 24.0 27.202200 25.0 27.032068 26.0 26.863518 27.0 26.696750 28.0 26.532174 29.0 26.370470 30.0 26.212730
7.208062  0.0 30.916275 1.0 31.029587 2.0 30.904551 3.0 30.682789 4.0 30.448985 5.0 30.199623 6.0 29.932801 7.0 29.662789 8.0 29.391768 9.0 29.121688 10.0 28.864413 11.0 28.677781 12.0 28.491391 13.0 28.306471 14.0 28.123751 15.0 27.943893 16.0 27.767159 17.0 27.593685 18.0 27.423428 19.0 27.256139 20.0 27.090302 21.0 26.916572 22.0 26.745413 23.0 26.576349 24.0 26.409127 25.0 26.243529 26.0 26.079501 27.0 25.917246 28.0 25.757088 29.0 25.599809 30.0 25.446302
7.449300  0.0 30.039928 1.0 30.147899 2.0 30.024500 3.0 29.807317 4.0 29.578715 5.0 29.335083 6.0 29.074654 7.0 28.811286 8.0 28.547096 9.0 28.283913 10.0 28.033277 11.0 27.851204 12.0 27.669522 13.0 27.489206 14.0 27.311145 15.0 27.135849 16.0 26.963619 17.0 26.794617 18.0 26.628693 19.0 26.465777 20.0 26.304192 21.0 26.135055 22.0 25.968362 23.0 25.803766 24.0 25.640984 25.0 25.479769 26.0 25.320168 27.0 25.162232 28.0 25.006437 29.0 24.853365 30.0 24.704030
7.698612  0.0 29.190692 1.0 29.293575 2.0 29.171770 3.0 28.959113 4.0 28.735484 5.0 28.497460 6.0 28.243311 7.0 27.986422 8.0 27.728812 9.0 27.472277 10.0 27.228090 11.0 27.050553 12.0 26.873335 13.0 26.697557 14.0 26.523983 15.0 26.353102 16.0 26.185295 17.0 26.020562 18.0 25.858945 19.0 25.700169 20.0 25.542782 21.0 25.378038 22.0 25.215697 23.0 25.055451 24.0 24.896925 25.0 24.740039 26.0 24.584652 27.0 24.430973 28.0 24.279339 29.0 24.130385 30.0 23.985068
7.956268  0.0 28.367643 1.0 28.465597 2.0 28.345476 3.0 28.137166 4.0 27.918471 5.0 27.685941 6.0 27.437840 7.0 27.187210 8.0 26.936002 9.0 26.685976 10.0 26.448111 11.0 26.274867 12.0 26.102045 13.0 25.930657 14.0 25.761404 15.0 25.594889 16.0 25.431288 17.0 25.270783 18.0 25.113260 19.0 24.958554 20.0 24.805215 21.0 24.644722 22.0 24.486650 23.0 24.330557 24.0 24.176247 25.0 24.023472 26.0 23.872221 27.0 23.722636 28.0 23.575038 29.0 23.430100 30.0 23.288634
8.222548  0.0 27.569866 1.0 27.663214 2.0 27.544659 3.0 27.340718 4.0 27.126785 5.0 26.899555 6.0 26.657372 7.0 26.412882 8.0 26.167929 9.0 25.924174 10.0 25.692393 11.0 25.523378 12.0 25.354822 13.0 25.187651 14.0 25.022690 15.0 24.860313 16.0 24.700868 17.0 24.544413 18.0 24.390882 19.0 24.240138 20.0 24.090685 21.0 23.934391 22.0 23.780380 23.0 23.628388 24.0 23.478100 25.0 23.329342 26.0 23.182104 27.0 23.036454 28.0 22.892831 29.0 22.751719 30.0 22.614070
8.497739  0.0 26.796564 1.0 26.885431 2.0 26.768580 3.0 26.568816 4.0 26.359549 5.0 26.137565 6.0 25.901140 7.0 25.662572 8.0 25.423659 9.0 25.186002 10.0 24.960190 11.0 24.795284 12.0 24.630822 13.0 24.467849 14.0 24.306951 15.0 24.148659 16.0 23.993216 17.0 23.840685 18.0 23.691071 19.0 23.544107 20.0 23.398518 21.0 23.246206 22.0 23.096197 23.0 22.948144 24.0 22.801760 25.0 22.656927 26.0 22.513526 27.0 22.371777 28.0 22.231923 29.0 22.094585 30.0 21.960574
8.782140  0.0 26.046799 1.0 26.131496 2.0 26.016271 3.0 25.820686 4.0 25.616017 5.0 25.399080 6.0 25.168240 7.0 24.935470 8.0 24.702477 9.0 24.470786 10.0 24.250720 11.0 24.089760 12.0 23.929378 13.0 23.770377 14.0 23.613489 15.0 23.459144 16.0 23.307565 17.0 23.158907 18.0 23.013016 19.0 22.869815 20.0 22.727884 21.0 22.579491 22.0 22.433344 23.0 22.289094 24.0 22.146550 25.0 22.005457 26.0 21.865858 27.0 21.727811 28.0 21.591661 29.0 21.457956 30.0 21.327476
9.076059  0.0 25.319863 1.0 25.400532 2.0 25.287028 3.0 25.095506 4.0 24.895286 5.0 24.683340 6.0 24.457997 7.0 24.230853 8.0 24.003575 9.0 23.777646 10.0 23.563181 11.0 23.406154 12.0 23.249633 13.0 23.094558 14.0 22.941549 15.0 22.791009 16.0 22.643254 17.0 22.498270 18.0 22.356080 19.0 22.216456 20.0 22.078122 21.0 21.933524 22.0 21.791093 23.0 21.650601 24.0 21.511704 25.0 21.374312 26.0 21.238338 27.0 21.103910 28.0 20.971353 29.0 20.841143 30.0 20.714136
9.379816  0.0 24.614826 1.0 24.691760 2.0 24.579969 3.0 24.392471 4.0 24.196695 5.0 23.989580 6.0 23.769551 7.0 23.547877 8.0 23.326201 9.0 23.105917 10.0 22.896927 11.0 22.743627 12.0 22.590933 13.0 22.439651 14.0 22.290385 15.0 22.143615 16.0 21.999488 17.0 21.858152 18.0 21.719496 19.0 21.583374 20.0 21.448534 21.0 21.307581 22.0 21.168835 23.0 21.031906 24.0 20.896614 25.0 20.762766 26.0 20.630321 27.0 20.499423 28.0 20.370300 29.0 20.243555 30.0 20.119841
9.693738  0.0 23.948858 1.0 24.004388 2.0 23.894371 3.0 23.710856 4.0 23.519373 5.0 23.317011 6.0 23.102217 7.0 22.885920 8.0 22.669668 9.0 22.454838 10.0 22.251142 11.0 22.101549 12.0 21.952541 13.0 21.804934 14.0 21.659373 15.0 21.516181 16.0 21.375656 17.0 21.237813 18.0 21.102607 19.0 20.969902 20.0 20.838411 21.0 20.701077 22.0 20.565821 23.0 20.432413 24.0 20.300585 25.0 20.170175 26.0 20.041186 27.0 19.913656 28.0 19.787950 29.0 19.664480 30.0 19.544022
10.018167  0.0 23.298309 1.0 23.362788 2.0 23.229434 3.0 23.049842 4.0 22.862658 5.0 22.664961 6.0 22.455243 7.0 22.244153 8.0 22.033195 9.0 21.823715 10.0 21.625219 11.0 21.479183 12.0 21.333768 13.0 21.189785 14.0 21.047747 15.0 20.908116 16.0 20.771041 17.0 20.636606 18.0 20.504775 19.0 20.375338 20.0 20.247183 21.0 20.113277 22.0 19.981471 23.0 19.851451 24.0 19.722979 25.0 19.595947 26.0 19.470249 27.0 19.346065 28.0 19.223596 29.0 19.103354 30.0 18.986026
10.353453  0.0 22.651786 1.0 22.720561 2.0 22.606266 3.0 22.408766 4.0 22.225762 5.0 22.032630 6.0 21.827921 7.0 21.621958 8.0 21.416185 9.0 21.211885 10.0 21.018413 11.0 20.875872 12.0 20.733983 13.0 20.593460 14.0 20.454938 15.0 20.318709 16.0 20.185009 17.0 20.053909 18.0 19.925305 19.0 19.799130 20.0 19.674128 21.0 19.543616 22.0 19.415130 23.0 19.288393 24.0 19.163222 25.0 19.039404 26.0 18.916977 27.0 18.795971 28.0 18.676683 29.0 18.559560 30.0 18.445258
10.699961  0.0 22.026693 1.0 22.090325 2.0 21.986966 3.0 21.817732 4.0 21.608005 5.0 21.419404 6.0 21.219573 7.0 21.018591 8.0 20.817859 9.0 20.618632 10.0 20.430104 11.0 20.290971 12.0 20.152474 13.0 20.015409 14.0 19.880234 15.0 19.747350 16.0 19.616944 17.0 19.489043 18.0 19.363660 19.0 19.240568 20.0 19.118700 21.0 18.991450 22.0 18.866188 23.0 18.742680 24.0 18.620650 25.0 18.500029 26.0 18.380712 27.0 18.262825 28.0 18.146618 29.0 18.032501 30.0 17.921179
11.058066  0.0 21.421941 1.0 21.481044 2.0 21.377718 3.0 21.210223 4.0 21.037016 5.0 20.852171 6.0 20.629482 7.0 20.433415 8.0 20.237643 9.0 20.043366 10.0 19.859625 11.0 19.723807 12.0 19.588687 13.0 19.454912 14.0 19.323052 15.0 19.193420 16.0 19.066191 17.0 18.941474 18.0 18.819143 19.0 18.699121 20.0 18.580257 21.0 18.456187 22.0 18.334089 23.0 18.213658 24.0 18.094757 25.0 17.977176 26.0 17.860913 27.0 17.746052 28.0 17.632811 29.0 17.521663 30.0 17.413171
11.428156  0.0 20.836229 1.0 20.891443 2.0 20.788573 3.0 20.623291 4.0 20.452549 5.0 20.273479 6.0 20.084543 7.0 19.895160 8.0 19.677694 9.0 19.485365 10.0 19.306341 11.0 19.173799 12.0 19.041909 13.0 18.911417 14.0 18.782761 15.0 18.656290 16.0 18.532209 17.0 18.410520 18.0 18.291233 19.0 18.174152 20.0 18.058234 21.0 17.937272 22.0 17.818200 23.0 17.700838 24.0 17.584908 25.0 17.470318 26.0 17.357017 27.0 17.245072 28.0 17.134761 29.0 17.026432 30.0 16.920755
11.810632  0.0 20.268841 1.0 20.320466 2.0 20.218402 3.0 20.055673 4.0 19.887609 5.0 19.711516 6.0 19.525918 7.0 19.339924 8.0 19.154705 9.0 18.971309 10.0 18.777590 11.0 18.640269 12.0 18.511612 13.0 18.384272 14.0 18.258763 15.0 18.135404 16.0 18.014335 17.0 17.895674 18.0 17.779298 19.0 17.665112 20.0 17.552064 21.0 17.434096 22.0 17.318038 23.0 17.203588 24.0 17.090593 25.0 16.978898 26.0 16.868458 27.0 16.759391 28.0 16.651867 29.0 16.546340 30.0 16.443342
12.205908  0.0 19.718851 1.0 19.767264 2.0 19.666159 3.0 19.506135 4.0 19.341059 5.0 19.168212 6.0 18.986115 7.0 18.803686 8.0 18.622054 9.0 18.442276 10.0 18.272913 11.0 18.147540 12.0 18.022194 13.0 17.889565 14.0 17.758316 15.0 17.630128 16.0 17.512070 17.0 17.396299 18.0 17.282804 19.0 17.171432 20.0 17.061167 21.0 16.946163 22.0 16.832973 23.0 16.721413 24.0 16.611251 25.0 16.502367 26.0 16.394745 27.0 16.288420 28.0 16.183667 29.0 16.080811 30.0 15.980448
12.614414  0.0 19.185693 1.0 19.231057 2.0 19.131090 3.0 18.973876 4.0 18.811802 5.0 18.642280 6.0 18.463866 7.0 18.285197 8.0 18.107363 9.0 17.931335 10.0 17.765560 11.0 17.642439 12.0 17.520254 13.0 17.399476 14.0 17.280679 15.0 17.164073 16.0 17.048361 17.0 16.926702 18.0 16.806901 19.0 16.692549 20.0 16.585029 21.0 16.472864 22.0 16.362530 23.0 16.253748 24.0 16.146353 25.0 16.040226 26.0 15.935300 27.0 15.831706 28.0 15.729594 29.0 15.629367 30.0 15.531555
13.036591  0.0 18.668659 1.0 18.711229 2.0 18.612407 3.0 18.458046 4.0 18.299095 5.0 18.132968 6.0 17.958231 7.0 17.783323 8.0 17.609291 9.0 17.437093 10.0 17.275059 11.0 17.154378 12.0 17.034518 13.0 16.916194 14.0 16.799688 15.0 16.685318 16.0 16.573292 17.0 16.463522 18.0 16.356113 19.0 16.250798 20.0 16.142582 21.0 16.025235 22.0 15.909453 23.0 15.800083 24.0 15.695391 25.0 15.591921 26.0 15.489677 27.0 15.388682 28.0 15.289178 29.0 15.191494 30.0 15.096162
13.472898  0.0 18.167228 1.0 18.207106 2.0 18.109566 3.0 17.958035 4.0 17.802140 5.0 17.639398 6.0 17.468376 7.0 17.297267 8.0 17.127080 9.0 16.958710 10.0 16.800373 11.0 16.682134 12.0 16.564813 13.0 16.448873 14.0 16.334789 15.0 16.222802 16.0 16.112993 17.0 16.005540 18.0 15.900235 19.0 15.797037 20.0 15.694989 21.0 15.588605 22.0 15.484114 23.0 15.381123 24.0 15.279557 25.0 15.179251 26.0 15.078755 27.0 14.972014 28.0 14.866700 29.0 14.766701 30.0 14.673797
13.923807  0.0 17.680844 1.0 17.718225 2.0 17.621883 3.0 17.473207 4.0 17.320405 5.0 17.161010 6.0 16.993628 7.0 16.826247 8.0 16.659833 9.0 16.495272 10.0 16.340660 11.0 16.224927 12.0 16.110036 13.0 15.996617 14.0 15.884959 15.0 15.775333 16.0 15.667930 17.0 15.562687 18.0 15.459641 19.0 15.358607 20.0 15.258672 21.0 15.154618 22.0 15.052267 23.0 14.951511 24.0 14.852095 25.0 14.753896 26.0 14.656950 27.0 14.561193 28.0 14.466954 29.0 14.374445 30.0 14.284224
14.389807  0.0 17.208980 1.0 17.243960 2.0 17.148940 3.0 17.003020 4.0 16.853219 5.0 16.697149 6.0 16.533384 7.0 16.369703 8.0 16.207034 9.0 16.046202 10.0 15.895221 11.0 15.781943 12.0 15.669577 13.0 15.558572 14.0 15.449356 15.0 15.342146 16.0 15.237029 17.0 15.134133 18.0 15.033300 19.0 14.934458 20.0 14.836722 21.0 14.734896 22.0 14.634858 23.0 14.536290 24.0 14.439066 25.0 14.343084 26.0 14.248230 27.0 14.154689 28.0 14.062512 29.0 13.972087 30.0 13.883877
14.871403  0.0 16.751209 1.0 16.783911 2.0 16.690129 3.0 16.546981 4.0 16.400174 5.0 16.247326 6.0 16.087080 7.0 15.927001 8.0 15.767991 9.0 15.610840 10.0 15.463463 11.0 15.352629 12.0 15.242666 13.0 15.134136 14.0 15.027312 15.0 14.922451 16.0 14.819705 17.0 14.719036 18.0 14.620455 19.0 14.523801 20.0 14.428204 21.0 14.328713 22.0 14.230871 23.0 14.134543 24.0 14.039526 25.0 13.945685 26.0 13.853057 27.0 13.761603 28.0 13.671569 29.0 13.583215 30.0 13.496996
15.369118  0.0 16.306989 1.0 16.337537 2.0 16.245039 3.0 16.104560 4.0 15.960680 5.0 15.811029 6.0 15.654254 7.0 15.497722 8.0 15.342288 9.0 15.188712 10.0 15.044829 11.0 14.936391 12.0 14.828862 13.0 14.722677 14.0 14.618236 15.0 14.515717 16.0 14.415219 17.0 14.316837 18.0 14.220434 19.0 14.125940 20.0 14.032508 21.0 13.935227 22.0 13.839651 23.0 13.745503 24.0 13.652652 25.0 13.561006 26.0 13.470471 27.0 13.381180 28.0 13.293223 29.0 13.206922 30.0 13.122727
15.883489  0.0 15.875961 1.0 15.904414 2.0 15.813188 3.0 15.675380 4.0 15.534344 5.0 15.387784 6.0 15.234376 7.0 15.081302 8.0 14.929371 9.0 14.779307 10.0 14.638872 11.0 14.532766 12.0 14.427566 13.0 14.323756 14.0 14.221607 15.0 14.121367 16.0 14.023145 17.0 13.926920 18.0 13.832704 19.0 13.740328 20.0 13.648985 21.0 13.553960 22.0 13.460529 23.0 13.368557 24.0 13.277855 25.0 13.188302 26.0 13.099917 27.0 13.012679 28.0 12.926798 29.0 12.842528 30.0 12.760280
16.415075  0.0 15.457634 1.0 15.484125 2.0 15.394128 3.0 15.258916 4.0 15.120696 5.0 14.977191 6.0 14.827092 7.0 14.677382 8.0 14.528848 9.0 14.382187 10.0 14.245086 11.0 14.141291 12.0 14.038398 13.0 13.936833 14.0 13.836978 15.0 13.738966 16.0 13.642914 17.0 13.548878 18.0 13.456746 19.0 13.366456 20.0 13.277186 21.0 13.184297 22.0 13.093040 23.0 13.003167 24.0 12.914556 25.0 12.827109 26.0 12.740748 27.0 12.655586 28.0 12.571712 29.0 12.489421 30.0 12.409126
16.964453  0.0 15.051609 1.0 15.076202 2.0 14.987495 3.0 14.854818 4.0 14.719312 5.0 14.578766 6.0 14.431894 7.0 14.285479 8.0 14.140273 9.0 13.996948 10.0 13.863127 11.0 13.761531 12.0 13.660879 13.0 13.561573 14.0 13.463886 15.0 13.368061 16.0 13.274164 17.0 13.182192 18.0 13.092155 19.0 13.003880 20.0 12.916618 21.0 12.825872 22.0 12.736668 23.0 12.648880 24.0 12.562317 25.0 12.476880 26.0 12.392567 27.0 12.309371 28.0 12.227481 29.0 12.147131 30.0 12.068706
17.532217  0.0 14.657527 1.0 14.680324 2.0 14.592816 3.0 14.462647 4.0 14.329833 5.0 14.192192 6.0 14.048447 7.0 13.905223 8.0 13.763243 9.0 13.623148 10.0 13.492517 11.0 13.393123 12.0 13.294640 13.0 13.197489 14.0 13.101980 15.0 13.008254 16.0 12.916437 17.0 12.826540 18.0 12.738477 19.0 12.652198 20.0 12.566897 21.0 12.478196 22.0 12.391057 23.0 12.305259 24.0 12.220694 25.0 12.137250 26.0 12.054867 27.0 11.973646 28.0 11.893664 29.0 11.815199 30.0 11.738629
18.118983  0.0 14.274945 1.0 14.296034 2.0 14.209763 3.0 14.082009 4.0 13.951810 5.0 13.817010 6.0 13.676332 7.0 13.536235 8.0 13.397411 9.0 13.260477 10.0 13.132943 11.0 13.035632 12.0 12.939297 13.0 12.844265 14.0 12.750818 15.0 12.659181 16.0 12.569388 17.0 12.481468 18.0 12.395390 19.0 12.311008 20.0 12.227627 21.0 12.140945 22.0 12.055756 23.0 11.971943 24.0 11.889311 25.0 11.807783 26.0 11.727337 27.0 11.647976 28.0 11.569880 29.0 11.493250 30.0 11.418459
18.725386  0.0 13.903542 1.0 13.922975 2.0 13.837933 3.0 13.712581 4.0 13.584933 5.0 13.452880 6.0 13.315176 7.0 13.178109 8.0 13.042356 9.0 12.908497 10.0 12.783998 11.0 12.688771 12.0 12.594468 13.0 12.501503 14.0 12.410111 15.0 12.320446 16.0 12.232644 17.0 12.146669 18.0 12.062470 19.0 11.979987 20.0 11.898447 21.0 11.813717 22.0 11.730477 23.0 11.648538 24.0 11.567808 25.0 11.488156 26.0 11.409547 27.0 11.332051 28.0 11.255751 29.0 11.180912 30.0 11.107868
19.352085  0.0 13.542946 1.0 13.560824 2.0 13.476942 3.0 13.353940 4.0 13.228804 5.0 13.099455 6.0 12.964664 7.0 12.830564 8.0 12.697791 9.0 12.566911 10.0 12.445346 11.0 12.352123 12.0 12.259853 13.0 12.168867 14.0 12.079452 15.0 11.991763 16.0 11.905853 17.0 11.821770 18.0 11.739438 19.0 11.658743 20.0 11.579035 21.0 11.496197 22.0 11.414816 23.0 11.334752 24.0 11.255835 25.0 11.178006 26.0 11.101214 27.0 11.025477 28.0 10.950965 29.0 10.877850 30.0 10.806496
19.999758  0.0 13.192782 1.0 13.209176 2.0 13.126515 3.0 13.005780 4.0 12.883067 5.0 12.756350 6.0 12.624398 7.0 12.493185 8.0 12.363324 9.0 12.235356 10.0 12.116672 11.0 12.025391 12.0 11.935062 13.0 11.846044 14.0 11.758545 15.0 11.672740 16.0 11.588719 17.0 11.506452 18.0 11.425918 19.0 11.347014 20.0 11.269030 21.0 11.188052 22.0 11.108497 23.0 11.030209 24.0 10.953095 25.0 10.877022 26.0 10.801977 27.0 10.727996 28.0 10.655170 29.0 10.583754 30.0 10.514038
20.669107  0.0 12.852770 1.0 12.867729 2.0 12.786242 3.0 12.667759 4.0 12.547444 5.0 12.423289 6.0 12.294090 7.0 12.165680 8.0 12.038642 9.0 11.913497 10.0 11.797610 11.0 11.708249 12.0 11.619825 13.0 11.532672 14.0 11.447066 15.0 11.363108 16.0 11.280878 17.0 11.200414 18.0 11.121622 19.0 11.044429 20.0 10.968173 21.0 10.888963 22.0 10.811180 23.0 10.734654 24.0 10.659242 25.0 10.584903 26.0 10.511557 27.0 10.439248 28.0 10.368106 29.0 10.298304 30.0 10.230191
21.360857  0.0 12.522554 1.0 12.536165 2.0 12.455815 3.0 12.339523 4.0 12.221550 5.0 12.099907 6.0 11.973405 7.0 11.847734 8.0 11.723455 9.0 11.601066 10.0 11.487902 11.0 11.400357 12.0 11.313802 13.0 11.228503 14.0 11.144685 15.0 11.062536 16.0 10.982080 17.0 10.903318 18.0 10.826246 19.0 10.750723 20.0 10.676111 21.0 10.598661 22.0 10.522581 23.0 10.447747 24.0 10.374035 25.0 10.301336 26.0 10.229651 27.0 10.158983 28.0 10.089437 29.0 10.021240 30.0 9.954659
22.075760  0.0 12.201808 1.0 12.214134 2.0 12.134959 3.0 12.020806 4.0 11.905097 5.0 11.785888 6.0 11.662010 7.0 11.539007 8.0 11.417414 9.0 11.297707 10.0 11.187208 11.0 11.101479 12.0 11.016692 13.0 10.933189 14.0 10.851159 15.0 10.770726 16.0 10.691990 17.0 10.614929 18.0 10.539478 19.0 10.465594 20.0 10.392597 21.0 10.316817 22.0 10.242421 23.0 10.169230 24.0 10.097138 25.0 10.026074 26.0 9.955975 27.0 9.886896 28.0 9.818928 29.0 9.752248 30.0 9.687186
22.814588  0.0 11.890274 1.0 11.901360 2.0 11.823319 3.0 11.711276 4.0 11.597804 5.0 11.480987 6.0 11.359662 7.0 11.239249 8.0 11.120262 9.0 11.003157 10.0 10.895238 11.0 10.811265 12.0 10.728244 13.0 10.646461 14.0 10.566148 15.0 10.487427 16.0 10.410339 17.0 10.334912 18.0 10.261085 19.0 10.188752 20.0 10.117330 21.0 10.043201 22.0 9.970398 23.0 9.898823 24.0 9.828316 25.0 9.758805 26.0 9.690278 27.0 9.622729 28.0 9.556277 29.0 9.491106 30.0 9.427476
23.578144  0.0 11.587635 1.0 11.597556 2.0 11.520614 3.0 11.410626 4.0 11.299339 5.0 11.184856 6.0 11.066027 7.0 10.948144 8.0 10.831702 9.0 10.717137 10.0 10.611749 11.0 10.529455 12.0 10.448135 13.0 10.368058 14.0 10.289406 15.0 10.212323 16.0 10.136869 17.0 10.063020 18.0 9.990747 19.0 9.919963 20.0 9.850041 21.0 9.777510 22.0 9.706295 23.0 9.636247 24.0 9.567287 25.0 9.499306 26.0 9.432267 27.0 9.366228 28.0 9.301247 29.0 9.237516 30.0 9.175315
24.367254  0.0 11.293597 1.0 11.302408 2.0 11.226597 3.0 11.118615 4.0 11.009443 5.0 10.897224 6.0 10.780821 7.0 10.665404 8.0 10.551439 9.0 10.439345 10.0 10.336424 11.0 10.255800 12.0 10.176123 13.0 10.097680 14.0 10.020668 15.0 9.945181 16.0 9.871285 17.0 9.798995 18.0 9.728231 19.0 9.658927 20.0 9.590497 21.0 9.519500 22.0 9.449808 23.0 9.381282 24.0 9.313796 25.0 9.247296 26.0 9.181734 27.0 9.117121 28.0 9.053583 29.0 8.991258 30.0 8.930417
25.182773  0.0 11.007911 1.0 11.015655 2.0 10.940947 3.0 10.834944 4.0 10.727858 5.0 10.617861 6.0 10.503829 7.0 10.390807 8.0 10.279248 9.0 10.169553 10.0 10.069022 11.0 9.990004 12.0 9.911949 13.0 9.835100 14.0 9.759651 15.0 9.685734 16.0 9.613368 17.0 9.542558 18.0 9.473281 19.0 9.405420 20.0 9.338413 21.0 9.268932 22.0 9.200713 23.0 9.133643 24.0 9.067618 25.0 9.002541 26.0 8.938398 27.0 8.875205 28.0 8.813035 29.0 8.752081 30.0 8.692571
26.025587  0.0 10.730318 1.0 10.737059 2.0 10.663403 3.0 10.559335 4.0 10.454288 5.0 10.346460 6.0 10.234737 7.0 10.124054 8.0 10.014843 9.0 9.907489 10.0 9.809303 11.0 9.731840 12.0 9.655339 13.0 9.580057 14.0 9.506145 15.0 9.433717 16.0 9.362849 17.0 9.293502 18.0 9.225634 19.0 9.159192 20.0 9.093576 21.0 9.025540 22.0 8.958772 23.0 8.893120 24.0 8.828488 25.0 8.764815 26.0 8.702043 27.0 8.640210 28.0 8.579398 29.0 8.519751 30.0 8.461535
26.896608  0.0 10.460539 1.0 10.466326 2.0 10.393754 3.0 10.291560 4.0 10.188491 5.0 10.082769 6.0 9.973299 7.0 9.864893 8.0 9.757969 9.0 9.652892 10.0 9.556993 11.0 9.481064 12.0 9.406081 13.0 9.332292 14.0 9.259884 15.0 9.188932 16.0 9.119482 17.0 9.051563 18.0 8.985092 19.0 8.919991 20.0 8.855741 21.0 8.789125 22.0 8.723734 23.0 8.659472 24.0 8.596205 25.0 8.533867 26.0 8.472445 27.0 8.411931 28.0 8.352418 29.0 8.294064 30.0 8.237086
27.796780  0.0 10.198330 1.0 10.203210 2.0 10.131709 3.0 10.031369 4.0 9.930246 5.0 9.826590 6.0 9.719311 7.0 9.613122 8.0 9.508419 9.0 9.405555 10.0 9.311873 11.0 9.237420 12.0 9.163926 13.0 9.091607 14.0 9.020628 15.0 8.951114 16.0 8.883077 17.0 8.816508 18.0 8.751396 19.0 8.687629 20.0 8.624670 21.0 8.559439 22.0 8.495411 23.0 8.432465 24.0 8.370531 25.0 8.309509 26.0 8.249367 27.0 8.190147 28.0 8.131899 29.0 8.074779 30.0 8.019023
28.727078  0.0 9.943492 1.0 9.947505 2.0 9.877029 3.0 9.778502 4.0 9.679282 5.0 9.577642 6.0 9.472502 7.0 9.368474 8.0 9.265938 9.0 9.165230 10.0 9.073725 11.0 9.000702 12.0 8.928635 13.0 8.857753 14.0 8.788189 15.0 8.720039 16.0 8.653372 17.0 8.588150 18.0 8.524327 19.0 8.461854 20.0 8.400180 21.0 8.336263 22.0 8.273556 23.0 8.211918 24.0 8.151250 25.0 8.091504 26.0 8.032628 27.0 7.974635 28.0 7.917623 29.0 7.861710 30.0 7.807119
29.688512  0.0 9.695762 1.0 9.698957 2.0 9.629500 3.0 9.532734 4.0 9.435370 5.0 9.335697 6.0 9.232642 7.0 9.130719 8.0 9.030293 9.0 8.931685 10.0 8.842302 11.0 8.770688 12.0 8.700016 13.0 8.630505 14.0 8.562319 15.0 8.495525 16.0 8.430159 17.0 8.366241 18.0 8.303699 19.0 8.242457 20.0 8.182026 21.0 8.119414 22.0 8.057967 23.0 7.997591 24.0 7.938177 25.0 7.879650 26.0 7.821996 27.0 7.765219 28.0 7.709382 29.0 7.654643 30.0 7.601195
30.682123  0.0 9.454914 1.0 9.457333 2.0 9.388904 3.0 9.293875 4.0 9.198320 5.0 9.100560 6.0 8.999537 7.0 8.899665 8.0 8.801291 9.0 8.704725 10.0 8.617400 11.0 8.547149 12.0 8.477843 13.0 8.409680 14.0 8.342806 15.0 8.277329 16.0 8.213256 17.0 8.150580 18.0 8.089278 19.0 8.029258 20.0 7.970013 21.0 7.908661 22.0 7.848460 23.0 7.789294 24.0 7.731087 25.0 7.673763 26.0 7.617283 27.0 7.561676 28.0 7.507001 29.0 7.453383 30.0 7.401042
31.708988  0.0 9.220737 1.0 9.222420 2.0 9.155002 3.0 9.061672 4.0 8.967893 5.0 8.872007 6.0 8.772965 7.0 8.675090 8.0 8.578716 9.0 8.484138 10.0 8.398834 11.0 8.329891 12.0 8.261902 13.0 8.195056 14.0 8.129479 15.0 8.065252 16.0 8.002434 17.0 7.940989 18.0 7.880872 19.0 7.822032 20.0 7.763962 21.0 7.703817 22.0 7.644816 23.0 7.586843 24.0 7.529800 25.0 7.473632 26.0 7.418307 27.0 7.363827 28.0 7.310268 29.0 7.257755 30.0 7.206475
32.770220  0.0 8.993056 1.0 8.994040 2.0 8.927588 3.0 8.835921 4.0 8.743876 5.0 8.649818 6.0 8.552707 7.0 8.456778 8.0 8.362352 9.0 8.269708 10.0 8.186376 11.0 8.118727 12.0 8.052011 13.0 7.986429 14.0 7.922114 15.0 7.859128 16.0 7.797503 17.0 7.737251 18.0 7.678306 19.0 7.620595 20.0 7.563658 21.0 7.504704 22.0 7.446860 23.0 7.390033 24.0 7.334132 25.0 7.279084 26.0 7.224866 27.0 7.171492 28.0 7.119013 29.0 7.067560 30.0 7.017323
33.866969  0.0 8.771637 1.0 8.771961 2.0 8.706478 3.0 8.616429 4.0 8.526073 5.0 8.433797 6.0 8.338569 7.0 8.244538 8.0 8.152007 9.0 8.061248 10.0 7.979835 11.0 7.913442 12.0 7.847980 13.0 7.783628 14.0 7.720521 15.0 7.658740 16.0 7.598298 17.0 7.539182 18.0 7.481371 19.0 7.424777 20.0 7.368927 21.0 7.311120 22.0 7.254412 23.0 7.198695 24.0 7.143891 25.0 7.089938 26.0 7.036796 27.0 6.984481 28.0 6.933058 29.0 6.882634 30.0 6.833397
35.000424  0.0 8.556288 1.0 8.555987 2.0 8.491472 3.0 8.403015 4.0 8.314315 5.0 8.223779 6.0 8.130386 7.0 8.038201 8.0 7.947516 9.0 7.858588 10.0 7.779049 11.0 7.713854 12.0 7.649608 13.0 7.586462 14.0 7.524537 15.0 7.463907 16.0 7.404612 17.0 7.346622 18.0 7.289894 19.0 7.234379 20.0 7.179601 21.0 7.122899 22.0 7.067284 23.0 7.012653 24.0 6.958914 25.0 6.906011 26.0 6.853919 27.0 6.802636 28.0 6.752224 29.0 6.702803 30.0 6.654539
36.171814  0.0 8.346822 1.0 8.345929 2.0 8.282367 3.0 8.195467 4.0 8.108387 5.0 8.019550 6.0 7.927944 7.0 7.837557 8.0 7.748668 9.0 7.661524 10.0 7.583819 11.0 7.519809 12.0 7.456722 13.0 7.394744 14.0 7.333973 15.0 7.274473 16.0 7.216273 17.0 7.159375 18.0 7.103717 19.0 7.049234 20.0 6.995491 21.0 6.939874 22.0 6.885316 23.0 6.831728 24.0 6.779029 25.0 6.727149 26.0 6.676062 27.0 6.625784 28.0 6.576359 29.0 6.527898 30.0 6.480580
37.382407  0.0 8.143076 1.0 8.141626 2.0 8.078983 3.0 7.993607 4.0 7.908107 5.0 7.820928 6.0 7.731065 7.0 7.642429 8.0 7.555289 9.0 7.469881 10.0 7.393966 11.0 7.331107 12.0 7.269168 13.0 7.208307 14.0 7.148651 15.0 7.090253 16.0 7.033131 17.0 6.977272 18.0 6.922652 19.0 6.869187 20.0 6.816437 21.0 6.761866 22.0 6.708343 23.0 6.655768 24.0 6.604066 25.0 6.553181 26.0 6.503076 27.0 6.453759 28.0 6.405292 29.0 6.357770 30.0 6.311357
38.633516  0.0 7.944866 1.0 7.942887 2.0 7.881151 3.0 7.797260 4.0 7.713303 5.0 7.627741 6.0 7.539580 7.0 7.452654 8.0 7.367219 9.0 7.283502 10.0 7.209327 11.0 7.147583 12.0 7.086757 13.0 7.026999 14.0 6.968415 15.0 6.911078 16.0 6.855004 17.0 6.800171 18.0 6.746539 19.0 6.694061 20.0 6.642287 21.0 6.588724 22.0 6.536197 23.0 6.484610 24.0 6.433878 25.0 6.383948 26.0 6.334796 27.0 6.286419 28.0 6.238869 29.0 6.192256 30.0 6.146729
39.926497  0.0 7.752015 1.0 7.749536 2.0 7.688709 3.0 7.606277 4.0 7.523829 5.0 7.439845 6.0 7.353338 7.0 7.268073 8.0 7.184296 9.0 7.102221 10.0 7.029754 11.0 6.969080 12.0 6.909328 13.0 6.850640 14.0 6.793111 15.0 6.736799 16.0 6.681732 17.0 6.627895 18.0 6.575238 19.0 6.523699 20.0 6.472873 21.0 6.420296 22.0 6.368731 23.0 6.318094 24.0 6.268307 25.0 6.219308 26.0 6.171068 27.0 6.123602 28.0 6.076950 29.0 6.031208 30.0 5.986537
41.262751  0.0 7.564358 1.0 7.561409 2.0 7.501476 3.0 7.420469 4.0 7.339496 5.0 7.257052 6.0 7.172157 7.0 7.088510 8.0 7.006345 9.0 6.925870 10.0 6.855071 11.0 6.795451 12.0 6.736736 13.0 6.679077 14.0 6.622571 15.0 6.567263 16.0 6.513172 17.0 6.460291 18.0 6.408580 19.0 6.357969 20.0 6.308044 21.0 6.256422 22.0 6.205798 23.0 6.156081 24.0 6.107201 25.0 6.059105 26.0 6.011757 27.0 5.965164 28.0 5.919379 29.0 5.874488 30.0 5.830641
42.643727  0.0 7.381739 1.0 7.378345 2.0 7.319293 3.0 7.239680 4.0 7.160147 5.0 7.079206 6.0 6.995881 7.0 6.913810 8.0 6.833215 9.0 6.754295 10.0 6.685125 11.0 6.626527 12.0 6.568830 13.0 6.512170 14.0 6.456645 15.0 6.402312 16.0 6.349176 17.0 6.297223 18.0 6.246419 19.0 6.196706 20.0 6.147670 21.0 6.096962 22.0 6.047245 23.0 5.998425 24.0 5.950426 25.0 5.903197 26.0 5.856713 27.0 5.810972 28.0 5.766020 29.0 5.721950 30.0 5.678904
44.070922  0.0 7.204017 1.0 7.200209 2.0 7.142005 3.0 7.063756 4.0 6.985630 5.0 6.906154 6.0 6.824360 7.0 6.743825 8.0 6.664762 9.0 6.587359 10.0 6.519775 11.0 6.462165 12.0 6.405455 13.0 6.349771 14.0 6.295203 15.0 6.241801 16.0 6.189591 17.0 6.138545 18.0 6.088623 19.0 6.039771 20.0 5.991594 21.0 5.941783 22.0 5.892938 23.0 5.844982 24.0 5.797839 25.0 5.751454 26.0 5.705798 27.0 5.660881 28.0 5.616740 29.0 5.573462 30.0 5.531188
45.545881  0.0 7.031037 1.0 7.026836 2.0 6.969472 3.0 6.892556 4.0 6.815804 5.0 6.737760 6.0 6.657462 7.0 6.578423 8.0 6.500847 9.0 6.424915 10.0 6.358887 11.0 6.302229 12.0 6.246469 13.0 6.191732 14.0 6.138095 15.0 6.085606 16.0 6.034280 17.0 5.984111 18.0 5.935049 19.0 5.887035 20.0 5.839683 21.0 5.790738 22.0 5.742746 23.0 5.695624 24.0 5.649304 25.0 5.603736 26.0 5.558887 27.0 5.514762 28.0 5.471404 29.0 5.428894 30.0 5.387366
47.070204  0.0 6.862650 1.0 6.858078 2.0 6.801551 3.0 6.725939 4.0 6.650529 5.0 6.573879 6.0 6.495033 7.0 6.417448 8.0 6.341319 9.0 6.266818 10.0 6.202310 11.0 6.146585 12.0 6.091746 13.0 6.037917 14.0 5.985183 15.0 5.933580 16.0 5.883121 17.0 5.833791 18.0 5.785560 19.0 5.738361 20.0 5.691812 21.0 5.643699 22.0 5.596530 23.0 5.550219 24.0 5.504697 25.0 5.459914 26.0 5.415846 27.0 5.372489 28.0 5.329886 29.0 5.288117 30.0 5.247311
48.645543  0.0 6.698718 1.0 6.693798 2.0 6.638093 3.0 6.563755 4.0 6.489656 5.0 6.414365 6.0 6.336933 7.0 6.260763 8.0 6.186042 9.0 6.112934 10.0 6.049911 11.0 5.995091 12.0 5.941150 13.0 5.888206 14.0 5.836336 15.0 5.785592 16.0 5.735973 17.0 5.687466 18.0 5.640030 19.0 5.593618 20.0 5.547849 21.0 5.500545 22.0 5.454167 23.0 5.408639 24.0 5.363890 25.0 5.319869 26.0 5.276550 27.0 5.233937 28.0 5.192064 29.0 5.151010 30.0 5.110900
50.273606  0.0 6.539106 1.0 6.533860 2.0 6.478963 3.0 6.405871 4.0 6.333051 5.0 6.259085 6.0 6.183031 7.0 6.108239 8.0 6.034887 9.0 5.963136 10.0 5.901562 11.0 5.847618 12.0 5.794548 13.0 5.742464 14.0 5.691440 15.0 5.641516 16.0 5.592710 17.0 5.544998 18.0 5.498342 19.0 5.452686 20.0 5.407667 21.0 5.361147 22.0 5.315538 23.0 5.270764 24.0 5.226760 25.0 5.183476 26.0 5.140884 27.0 5.098986 28.0 5.057818 29.0 5.017455 30.0 4.978017
51.956156  0.0 6.383687 1.0 6.378135 2.0 6.324030 3.0 6.252155 4.0 6.180584 5.0 6.107912 6.0 6.033199 7.0 5.959754 8.0 5.887739 9.0 5.817306 10.0 5.757151 11.0 5.704046 12.0 5.651817 13.0 5.600566 14.0 5.550361 15.0 5.501240 16.0 5.453214 17.0 5.406269 18.0 5.360365 19.0 5.315446 20.0 5.271152 21.0 5.225387 22.0 5.180521 23.0 5.136478 24.0 5.093193 25.0 5.050619 26.0 5.008728 27.0 4.967521 28.0 4.927033 29.0 4.887336 30.0 4.848546
53.695017  0.0 6.232341 1.0 6.226507 2.0 6.173168 3.0 6.102484 4.0 6.032133 5.0 5.960726 6.0 5.887326 7.0 5.815184 8.0 5.744465 9.0 5.675311 10.0 5.616545 11.0 5.564262 12.0 5.512842 13.0 5.462392 14.0 5.412980 15.0 5.364636 16.0 5.317370 17.0 5.271165 18.0 5.225986 19.0 5.181779 20.0 5.138188 21.0 5.093151 22.0 5.049001 23.0 5.005663 24.0 4.963074 25.0 4.921185 26.0 4.879970 27.0 4.839430 28.0 4.799597 29.0 4.760542 30.0 4.722378
55.492074  0.0 6.084944 1.0 6.078841 2.0 6.026264 3.0 5.956745 4.0 5.887586 5.0 5.817407 6.0 5.745277 7.0 5.674404 8.0 5.604945 9.0 5.537035 10.0 5.479626 11.0 5.428139 12.0 5.377509 13.0 5.327835 14.0 5.279183 15.0 5.231591 16.0 5.185060 17.0 5.139573 18.0 5.095094 19.0 5.051572 20.0 5.008659 21.0 4.964328 22.0 4.920869 23.0 4.878211 24.0 4.836292 25.0 4.795064 26.0 4.754501 27.0 4.714605 28.0 4.675404 29.0 4.636966 30.0 4.599402
57.349275  0.0 5.941373 1.0 5.935020 2.0 5.883194 3.0 5.814810 4.0 5.746813 5.0 5.677831 6.0 5.606938 7.0 5.537300 8.0 5.469065 9.0 5.402365 10.0 5.346284 11.0 5.295566 12.0 5.245699 13.0 5.196778 14.0 5.148866 15.0 5.101994 16.0 5.056173 17.0 5.011380 18.0 4.967579 19.0 4.924720 20.0 4.882460 21.0 4.838809 22.0 4.796017 23.0 4.754015 24.0 4.712742 25.0 4.672151 26.0 4.632216 27.0 4.592937 28.0 4.554346 29.0 4.516505 30.0 4.479518
59.268633  0.0 5.801516 1.0 5.794928 2.0 5.743839 3.0 5.676565 4.0 5.609701 5.0 5.541885 6.0 5.472197 7.0 5.403759 8.0 5.336715 9.0 5.271194 10.0 5.216409 11.0 5.166434 12.0 5.117305 13.0 5.069112 14.0 5.021915 15.0 4.975744 16.0 4.930605 17.0 4.886480 18.0 4.843334 19.0 4.801115 20.0 4.759486 21.0 4.716489 22.0 4.674341 23.0 4.632971 24.0 4.592319 25.0 4.552342 26.0 4.513013 27.0 4.474330 28.0 4.436321 29.0 4.399053 30.0 4.362627
61.252227  0.0 5.665262 1.0 5.658455 2.0 5.608089 3.0 5.541899 4.0 5.476140 5.0 5.409462 6.0 5.340945 7.0 5.273677 8.0 5.207796 9.0 5.143416 10.0 5.089903 11.0 5.040642 12.0 4.992223 13.0 4.944733 14.0 4.898226 15.0 4.852732 16.0 4.808253 17.0 4.764773 18.0 4.722257 19.0 4.680654 20.0 4.639634 21.0 4.597269 22.0 4.555740 23.0 4.514978 24.0 4.474925 25.0 4.435537 26.0 4.396789 27.0 4.358681 28.0 4.321236 29.0 4.284516 30.0 4.248622
63.302208  0.0 5.532504 1.0 5.525494 2.0 5.475838 3.0 5.410705 4.0 5.346025 5.0 5.280454 6.0 5.213081 7.0 5.146952 8.0 5.082195 9.0 5.018924 10.0 4.966654 11.0 4.918088 12.0 4.870356 13.0 4.823540 14.0 4.777699 15.0 4.732857 16.0 4.689016 17.0 4.646159 18.0 4.604250 19.0 4.563241 20.0 4.522806 21.0 4.481049 22.0 4.440115 23.0 4.399939 24.0 4.360463 25.0 4.321643 26.0 4.283453 27.0 4.245892 28.0 4.208989 29.0 4.172801 30.0 4.137418
65.420798  0.0 5.403140 1.0 5.395942 2.0 5.346980 3.0 5.282881 4.0 5.219253 5.0 5.154766 6.0 5.088503 7.0 5.023476 8.0 4.959812 9.0 4.897617 10.0 4.846565 11.0 4.798669 12.0 4.751600 13.0 4.705440 14.0 4.660239 15.0 4.616023 16.0 4.572797 17.0 4.530539 18.0 4.489216 19.0 4.448778 20.0 4.408908 21.0 4.367735 22.0 4.327374 23.0 4.287759 24.0 4.248836 25.0 4.210561 26.0 4.172911 27.0 4.135878 28.0 4.099490 29.0 4.063806 30.0 4.028918
67.610292  0.0 5.277070 1.0 5.269704 2.0 5.221417 3.0 5.158328 4.0 5.095730 5.0 5.032293 6.0 4.967108 7.0 4.903153 8.0 4.840549 9.0 4.779400 10.0 4.729539 11.0 4.682290 12.0 4.635861 13.0 4.590331 14.0 4.545749 15.0 4.502139 16.0 4.459503 17.0 4.417822 18.0 4.377061 19.0 4.337174 20.0 4.297845 21.0 4.257234 22.0 4.217424 23.0 4.178351 24.0 4.139957 25.0 4.102203 26.0 4.065066 27.0 4.028541 28.0 3.992654 29.0 3.957452 30.0 3.923032
69.873063  0.0 5.154203 1.0 5.146675 2.0 5.099054 3.0 5.036951 4.0 4.975353 5.0 4.912939 6.0 4.848800 7.0 4.785887 8.0 4.724313 9.0 4.664181 10.0 4.615484 11.0 4.568858 12.0 4.523047 13.0 4.478124 14.0 4.434138 15.0 4.391110 16.0 4.349043 17.0 4.307916 18.0 4.267698 19.0 4.228339 20.0 4.189530 21.0 4.149457 22.0 4.110174 23.0 4.071619 24.0 4.033737 25.0 3.996485 26.0 3.959838 27.0 3.923796 28.0 3.888381 29.0 3.853648 30.0 3.819681
72.211565  0.0 5.034439 1.0 5.026761 2.0 4.979795 3.0 4.918653 4.0 4.858029 5.0 4.796610 6.0 4.733489 7.0 4.671586 8.0 4.611016 9.0 4.551870 10.0 4.504316 11.0 4.458287 12.0 4.413068 13.0 4.368730 14.0 4.325317 15.0 4.282849 16.0 4.241328 17.0 4.200735 18.0 4.161035 19.0 4.122184 20.0 4.083876 21.0 4.044320 22.0 4.005542 23.0 3.967481 24.0 3.930085 25.0 3.893313 26.0 3.857141 27.0 3.821563 28.0 3.786600 29.0 3.752306 30.0 3.718766
74.628332  0.0 4.917687 1.0 4.909871 2.0 4.863547 3.0 4.803341 4.0 4.743666 5.0 4.683216 6.0 4.621083 7.0 4.560165 8.0 4.500567 9.0 4.442376 10.0 4.395940 11.0 4.350489 12.0 4.305841 13.0 4.262063 14.0 4.219200 15.0 4.177271 16.0 4.136274 17.0 4.096192 18.0 4.056991 19.0 4.018626 20.0 3.980795 21.0 3.941736 22.0 3.903444 23.0 3.865857 24.0 3.828926 25.0 3.792609 26.0 3.756885 27.0 3.721750 28.0 3.687224 29.0 3.653355 30.0 3.620220
77.125983  0.0 4.803859 1.0 4.795917 2.0 4.750220 3.0 4.690927 4.0 4.632178 5.0 4.572670 6.0 4.511499 7.0 4.451537 8.0 4.392880 9.0 4.335614 10.0 4.290274 11.0 4.245378 12.0 4.201278 13.0 4.158040 14.0 4.115705 15.0 4.074292 16.0 4.033799 17.0 3.994207 18.0 3.955483 19.0 3.917583 20.0 3.880210 21.0 3.841622 22.0 3.803792 23.0 3.766660 24.0 3.730176 25.0 3.694298 26.0 3.659001 27.0 3.624283 28.0 3.590166 29.0 3.556697 30.0 3.523957
79.707224  0.0 4.692870 1.0 4.684812 2.0 4.639730 3.0 4.581328 4.0 4.523480 5.0 4.464888 6.0 4.404653 7.0 4.345615 8.0 4.287871 9.0 4.231502 10.0 4.187236 11.0 4.142873 12.0 4.099300 13.0 4.056579 14.0 4.014750 15.0 3.973831 16.0 3.933820 17.0 3.894698 18.0 3.856432 19.0 3.818978 20.0 3.782041 21.0 3.743905 22.0 3.706514 23.0 3.669813 24.0 3.633750 25.0 3.598288 26.0 3.563402 27.0 3.529090 28.0 3.495363 29.0 3.462272 30.0 3.429895
82.374854  0.0 4.584638 1.0 4.576474 2.0 4.531993 3.0 4.474459 4.0 4.417488 5.0 4.359791 6.0 4.300461 7.0 4.242320 8.0 4.185460 9.0 4.129961 10.0 4.086747 11.0 4.042895 12.0 3.999827 13.0 3.957602 14.0 3.916258 15.0 3.875813 16.0 3.836262 17.0 3.797587 18.0 3.759757 19.0 3.722727 20.0 3.686210 21.0 3.648505 22.0 3.611537 23.0 3.575245 24.0 3.539583 25.0 3.504514 26.0 3.470013 27.0 3.436076 28.0 3.402723 29.0 3.369997 30.0 3.337974
85.131765  0.0 4.479082 1.0 4.470822 2.0 4.426930 3.0 4.370241 4.0 4.314126 5.0 4.257297 6.0 4.198844 7.0 4.141572 8.0 4.085570 9.0 4.030915 10.0 3.988731 11.0 3.945369 12.0 3.902783 13.0 3.861033 14.0 3.820154 15.0 3.780160 16.0 3.741050 17.0 3.702802 18.0 3.665387 19.0 3.628762 20.0 3.592640 21.0 3.555343 22.0 3.518773 23.0 3.482873 24.0 3.447596 25.0 3.412904 26.0 3.378770 27.0 3.345190 28.0 3.312184 29.0 3.279794 30.0 3.248094
87.980943  0.0 4.376126 1.0 4.367779 2.0 4.324461 3.0 4.268596 4.0 4.213316 5.0 4.157328 6.0 4.099726 7.0 4.043296 8.0 3.988126 9.0 3.934287 10.0 3.893113 11.0 3.850219 12.0 3.808095 13.0 3.766798 14.0 3.726361 15.0 3.686799 16.0 3.648109 17.0 3.610271 18.0 3.573251 19.0 3.537009 20.0 3.501264 21.0 3.464355 22.0 3.428161 23.0 3.392630 24.0 3.357712 25.0 3.323370 26.0 3.289583 27.0 3.256345 28.0 3.223672 29.0 3.191607 30.0 3.160215
90.925476  0.0 4.275694 1.0 4.267269 2.0 4.224512 3.0 4.169453 4.0 4.114981 5.0 4.059810 6.0 4.003032 7.0 3.947420 8.0 3.893055 9.0 3.840003 10.0 3.799821 11.0 3.757374 12.0 3.715690 13.0 3.674825 14.0 3.634810 15.0 3.595658 16.0 3.557366 17.0 3.519914 18.0 3.483271 19.0 3.447396 20.0 3.412010 21.0 3.375470 22.0 3.339635 23.0 3.304451 24.0 3.269872 25.0 3.235863 26.0 3.202399 27.0 3.169476 28.0 3.137109 29.0 3.105340 30.0 3.074236
93.968558  0.0 4.177712 1.0 4.169220 2.0 4.127011 3.0 4.072734 4.0 4.019049 5.0 3.964671 6.0 3.908692 7.0 3.853871 8.0 3.800284 9.0 3.747995 10.0 3.708784 11.0 3.666763 12.0 3.625500 13.0 3.585046 14.0 3.545432 15.0 3.506671 16.0 3.468757 17.0 3.431671 18.0 3.395383 19.0 3.359852 20.0 3.324802 21.0 3.288607 22.0 3.253108 23.0 3.218253 24.0 3.183996 25.0 3.150300 26.0 3.117144 27.0 3.084520 28.0 3.052446 29.0 3.020957 30.0 2.990118
97.113484  0.0 4.082111 1.0 4.073558 2.0 4.031886 3.0 3.978370 4.0 3.925449 5.0 3.871841 6.0 3.816636 7.0 3.762580 8.0 3.709745 9.0 3.658193 10.0 3.619936 11.0 3.578321 12.0 3.537457 13.0 3.497394 14.0 3.458161 15.0 3.419770 16.0 3.382214 17.0 3.345476 18.0 3.309524 19.0 3.274318 20.0 3.239585 21.0 3.203715 22.0 3.168532 23.0 3.133983 24.0 3.100024 25.0 3.066619 26.0 3.033744 27.0 3.001396 28.0 2.969587 29.0 2.938355 30.0 2.907767
100.363665  0.0 3.988824 1.0 3.980216 2.0 3.939068 3.0 3.886291 4.0 3.834112 5.0 3.781251 6.0 3.726797 7.0 3.673480 8.0 3.621372 9.0 3.570532 10.0 3.533209 11.0 3.491980 12.0 3.451495 13.0 3.411802 14.0 3.372929 15.0 3.334887 16.0 3.297671 17.0 3.261260 18.0 3.225624 19.0 3.190725 20.0 3.156291 21.0 3.120726 22.0 3.085839 23.0 3.051577 24.0 3.017897 25.0 2.984764 26.0 2.952154 27.0 2.920063 28.0 2.888502 29.0 2.857507 30.0 2.827143
103.722622  0.0 3.897782 1.0 3.889126 2.0 3.848489 3.0 3.796431 4.0 3.744974 5.0 3.692837 6.0 3.639108 7.0 3.586505 8.0 3.535099 9.0 3.484946 10.0 3.448541 11.0 3.407676 12.0 3.367549 13.0 3.328205 14.0 3.289672 15.0 3.251959 16.0 3.215061 17.0 3.178956 18.0 3.143617 19.0 3.109003 20.0 3.074847 21.0 3.039565 22.0 3.004952 23.0 2.970955 24.0 2.937533 25.0 2.904648 26.0 2.872280 27.0 2.840423 28.0 2.809088 29.0 2.778312 30.0 2.748155
107.193996  0.0 3.808921 1.0 3.800222 2.0 3.760085 3.0 3.708725 4.0 3.657969 5.0 3.606536 6.0 3.553505 7.0 3.501593 8.0 3.450864 9.0 3.401372 10.0 3.365868 11.0 3.325348 12.0 3.285559 13.0 3.246545 14.0 3.208332 15.0 3.170929 16.0 3.134329 17.0 3.098512 18.0 3.063450 19.0 3.029102 20.0 2.995205 21.0 2.960188 22.0 2.925829 23.0 2.892079 24.0 2.858895 25.0 2.826241 26.0 2.794096 27.0 2.762453 28.0 2.731325 29.0 2.700745 30.0 2.670774
110.781550  0.0 3.722178 1.0 3.713444 2.0 3.673792 3.0 3.623112 4.0 3.573036 5.0 3.522283 6.0 3.469928 7.0 3.418682 8.0 3.368606 9.0 3.319752 10.0 3.285132 11.0 3.244936 12.0 3.205466 13.0 3.166762 14.0 3.128849 15.0 3.091736 16.0 3.055416 17.0 3.019868 18.0 2.985062 19.0 2.950961 20.0 2.917302 21.0 2.882524 22.0 2.848396 23.0 2.814868 24.0 2.781897 25.0 2.749450 26.0 2.717504 27.0 2.686052 28.0 2.655107 29.0 2.624702 30.0 2.594894
114.489171  0.0 3.637492 1.0 3.628728 2.0 3.589551 3.0 3.539530 4.0 3.490115 5.0 3.440019 6.0 3.388317 7.0 3.337712 8.0 3.288265 9.0 3.240025 10.0 3.206274 11.0 3.166383 12.0 3.127211 13.0 3.088798 14.0 3.051164 15.0 3.014318 16.0 2.978253 17.0 2.942951 18.0 2.908382 19.0 2.874508 20.0 2.841068 21.0 2.806513 22.0 2.772599 23.0 2.739276 24.0 2.706503 25.0 2.674245 26.0 2.642481 27.0 2.611202 28.0 2.580417 29.0 2.550162 30.0 2.520494
118.320879  0.0 3.554804 1.0 3.546016 2.0 3.507301 3.0 3.457921 4.0 3.409145 5.0 3.359686 6.0 3.308612 7.0 3.258626 8.0 3.209784 9.0 3.162136 10.0 3.129238 11.0 3.089632 12.0 3.050737 13.0 3.012590 14.0 2.975215 15.0 2.938619 16.0 2.902793 17.0 2.867720 18.0 2.833369 19.0 2.799704 20.0 2.766465 21.0 2.732114 22.0 2.698388 23.0 2.665243 24.0 2.632638 25.0 2.600542 26.0 2.568932 27.0 2.537801 28.0 2.507160 29.0 2.477039 30.0 2.447495
122.280825  0.0 3.474058 1.0 3.465251 2.0 3.426986 3.0 3.378227 4.0 3.330071 5.0 3.281227 6.0 3.230759 7.0 3.181367 8.0 3.133107 9.0 3.086027 10.0 3.053968 11.0 3.014625 12.0 2.975986 13.0 2.938089 14.0 2.900954 15.0 2.864588 16.0 2.828984 17.0 2.794121 18.0 2.759966 19.0 2.726485 20.0 2.693421 21.0 2.659243 22.0 2.625687 23.0 2.592706 24.0 2.560257 25.0 2.528310 26.0 2.496838 27.0 2.465828 28.0 2.435300 29.0 2.405284 30.0 2.375833
126.373303  0.0 3.395197 1.0 3.386377 2.0 3.348549 3.0 3.300393 4.0 3.252837 5.0 3.204587 6.0 3.154702 7.0 3.105881 8.0 3.058181 9.0 3.011642 10.0 2.980407 11.0 2.941309 12.0 2.902909 13.0 2.865242 14.0 2.828329 15.0 2.792174 16.0 2.756762 17.0 2.722082 18.0 2.688104 19.0 2.654791 20.0 2.621889 21.0 2.587874 22.0 2.554471 23.0 2.521621 24.0 2.489295 25.0 2.457463 26.0 2.426101 27.0 2.395203 28.0 2.364778 29.0 2.334851 30.0 2.305467
130.602747  0.0 3.318167 1.0 3.309339 2.0 3.271937 3.0 3.224364 4.0 3.177389 5.0 3.129712 6.0 3.080387 7.0 3.032116 8.0 2.984952 9.0 2.938932 10.0 2.908507 11.0 2.869635 12.0 2.831454 13.0 2.793998 14.0 2.757280 15.0 2.721309 16.0 2.686078 17.0 2.651567 18.0 2.617749 19.0 2.584588 20.0 2.551822 21.0 2.517933 22.0 2.484647 23.0 2.451919 24.0 2.419709 25.0 2.387980 26.0 2.356700 27.0 2.325875 28.0 2.295515 29.0 2.265648 30.0 2.236327
134.973741  0.0 3.242917 1.0 3.234084 2.0 3.197096 3.0 3.150089 4.0 3.103674 5.0 3.056551 6.0 3.007763 7.0 2.960019 8.0 2.913367 9.0 2.867846 10.0 2.838218 11.0 2.799552 12.0 2.761570 13.0 2.724297 14.0 2.687758 15.0 2.651958 16.0 2.616888 17.0 2.582528 18.0 2.548839 19.0 2.515796 20.0 2.483147 21.0 2.449378 22.0 2.416205 23.0 2.383562 24.0 2.351426 25.0 2.319767 26.0 2.288564 27.0 2.257804 28.0 2.227482 29.0 2.197643 30.0 2.168340
139.491024  0.0 3.169395 1.0 3.160562 2.0 3.123976 3.0 3.077516 4.0 3.031644 5.0 2.985053 6.0 2.936780 7.0 2.889541 8.0 2.843377 9.0 2.798334 10.0 2.769490 11.0 2.731011 12.0 2.693200 13.0 2.656097 14.0 2.619719 15.0 2.584071 16.0 2.549132 17.0 2.514891 18.0 2.481321 19.0 2.448390 20.0 2.415844 21.0 2.382154 22.0 2.349049 23.0 2.316484 24.0 2.284422 25.0 2.252802 26.0 2.221631 27.0 2.190900 28.0 2.160618 29.0 2.130781 30.0 2.101468
144.159490  0.0 3.097551 1.0 3.088723 2.0 3.052527 3.0 3.006595 4.0 2.961247 5.0 2.915167 6.0 2.867389 7.0 2.820631 8.0 2.774935 9.0 2.730348 10.0 2.702275 11.0 2.663956 12.0 2.626304 13.0 2.589352 14.0 2.553115 15.0 2.517584 16.0 2.482762 17.0 2.448632 18.0 2.415163 19.0 2.382305 20.0 2.349823 21.0 2.316210 22.0 2.283170 23.0 2.250639 24.0 2.218600 25.0 2.187024 26.0 2.155867 27.0 2.125131 28.0 2.094836 29.0 2.065000 30.0 2.035649
148.984199  0.0 3.027338 1.0 3.018518 2.0 2.982701 3.0 2.937279 4.0 2.892436 5.0 2.846848 6.0 2.799542 7.0 2.753242 8.0 2.707995 9.0 2.663834 10.0 2.636523 11.0 2.598348 12.0 2.560836 13.0 2.524013 14.0 2.487883 15.0 2.452463 16.0 2.417744 17.0 2.383691 18.0 2.350284 19.0 2.317497 20.0 2.285077 21.0 2.251494 22.0 2.218477 23.0 2.185985 24.0 2.153948 25.0 2.122360 26.0 2.091206 27.0 2.060445 28.0 2.030107 29.0 2.000227 30.0 1.970821
153.970382  0.0 2.958709 1.0 2.949900 2.0 2.914450 3.0 2.869521 4.0 2.825165 5.0 2.780048 6.0 2.733195 7.0 2.687330 8.0 2.642509 9.0 2.598754 10.0 2.572190 11.0 2.534143 12.0 2.496749 13.0 2.460023 14.0 2.423995 15.0 2.388667 16.0 2.354007 17.0 2.320018 18.0 2.286673 19.0 2.253918 20.0 2.221515 21.0 2.187965 22.0 2.154952 23.0 2.122440 24.0 2.090406 25.0 2.058782 26.0 2.027578 27.0 1.996783 28.0 1.966373 29.0 1.936411 30.0 1.906920
159.123441  0.0 2.891617 1.0 2.882823 2.0 2.847728 3.0 2.803275 4.0 2.759387 5.0 2.714723 6.0 2.668298 7.0 2.622849 8.0 2.578429 9.0 2.535061 10.0 2.509234 11.0 2.471296 12.0 2.433988 13.0 2.397353 14.0 2.361404 15.0 2.326124 16.0 2.291525 17.0 2.257582 18.0 2.224249 19.0 2.191516 20.0 2.159129 21.0 2.125554 22.0 2.092531 23.0 2.059986 24.0 2.027895 25.0 1.996233 26.0 1.964949 27.0 1.934074 28.0 1.903571 29.0 1.873498 30.0 1.843883
164.448962  0.0 2.826019 1.0 2.817243 2.0 2.782492 3.0 2.738498 4.0 2.695058 5.0 2.650828 6.0 2.604808 7.0 2.559757 8.0 2.515712 9.0 2.472715 10.0 2.447613 11.0 2.409753 12.0 2.372522 13.0 2.335958 14.0 2.300048 15.0 2.264818 16.0 2.230247 17.0 2.196310 18.0 2.162996 19.0 2.130249 20.0 2.097833 21.0 2.064242 22.0 2.031154 23.0 1.998566 24.0 1.966390 25.0 1.934642 26.0 1.903261 27.0 1.872267 28.0 1.841642 29.0 1.811425 30.0 1.781648
169.952717  0.0 2.761872 1.0 2.753117 2.0 2.718698 3.0 2.675145 4.0 2.632136 5.0 2.588322 6.0 2.542685 7.0 2.498010 8.0 2.454320 9.0 2.411664 10.0 2.387282 11.0 2.349480 12.0 2.312309 13.0 2.275774 14.0 2.239904 15.0 2.204691 16.0 2.170120 17.0 2.136191 18.0 2.102840 19.0 2.070070 20.0 2.037608 21.0 2.003947 22.0 1.970793 23.0 1.938101 24.0 1.905836 25.0 1.873961 26.0 1.842455 27.0 1.811311 28.0 1.780523 29.0 1.750131 30.0 1.720149
175.640671  0.0 2.699132 1.0 2.690401 2.0 2.656304 3.0 2.613175 4.0 2.570579 5.0 2.527161 6.0 2.481888 7.0 2.437560 8.0 2.394210 9.0 2.351869 10.0 2.328194 11.0 2.290439 12.0 2.253294 13.0 2.216782 14.0 2.180921 15.0 2.145697 16.0 2.111119 17.0 2.077140 18.0 2.043766 19.0 2.010923 20.0 1.978399 21.0 1.944639 22.0 1.911392 23.0 1.878567 24.0 1.846176 25.0 1.814141 26.0 1.782472 27.0 1.751145 28.0 1.720153 29.0 1.689550 30.0 1.659324
181.518988  0.0 2.637759 1.0 2.629056 2.0 2.595269 3.0 2.552546 4.0 2.510346 5.0 2.467303 6.0 2.422374 7.0 2.378372 8.0 2.335342 9.0 2.293296 10.0 2.270317 11.0 2.232587 12.0 2.195444 13.0 2.158937 14.0 2.123050 15.0 2.087809 16.0 2.053174 17.0 2.019155 18.0 1.985690 19.0 1.952784 20.0 1.920143 21.0 1.886277 22.0 1.852877 23.0 1.819909 24.0 1.787352 25.0 1.755125 26.0 1.723252 27.0 1.691708 28.0 1.660470 29.0 1.629593 30.0 1.599110
187.594040  0.0 2.577713 1.0 2.569041 2.0 2.535552 3.0 2.493218 4.0 2.451398 5.0 2.408708 6.0 2.364106 7.0 2.320409 8.0 2.277666 9.0 2.235904 10.0 2.213614 11.0 2.175872 12.0 2.138727 13.0 2.102181 14.0 2.066271 15.0 2.030959 16.0 1.996271 17.0 1.962154 18.0 1.928606 19.0 1.895574 20.0 1.862816 21.0 1.828798 22.0 1.795221 23.0 1.762071 24.0 1.729303 25.0 1.696855 26.0 1.664736 27.0 1.632930 28.0 1.601414 29.0 1.570217 30.0 1.539390
193.872411  0.0 2.518956 1.0 2.510316 2.0 2.477116 3.0 2.435153 4.0 2.393696 5.0 2.351341 6.0 2.307039 7.0 2.263631 8.0 2.221153 9.0 2.179643 10.0 2.158039 11.0 2.120271 12.0 2.083085 13.0 2.046498 14.0 2.010508 15.0 1.975137 16.0 1.940338 17.0 1.906122 18.0 1.872445 19.0 1.839270 20.0 1.806366 21.0 1.772145 22.0 1.738369 23.0 1.704998 24.0 1.671985 25.0 1.639272 26.0 1.606862 27.0 1.574737 28.0 1.542897 29.0 1.511358 30.0 1.480135
200.360906  0.0 2.461450 1.0 2.452845 2.0 2.419922 3.0 2.378313 4.0 2.337201 5.0 2.295162 6.0 2.251137 7.0 2.207997 8.0 2.165767 9.0 2.124483 10.0 2.103550 11.0 2.065746 12.0 2.028491 13.0 1.991827 14.0 1.955759 15.0 1.920265 16.0 1.885358 17.0 1.851003 18.0 1.817164 19.0 1.783829 20.0 1.750722 21.0 1.716282 22.0 1.682267 23.0 1.648631 24.0 1.615331 25.0 1.582318 26.0 1.549571 27.0 1.517081 28.0 1.484845 29.0 1.452878 30.0 1.421214
207.066557  0.0 2.405156 1.0 2.396590 2.0 2.363933 3.0 2.322661 4.0 2.281875 5.0 2.240137 6.0 2.196367 7.0 2.153465 8.0 2.111468 9.0 2.070391 10.0 2.050122 11.0 2.012239 12.0 1.974913 13.0 1.938143 14.0 1.901951 15.0 1.866339 16.0 1.831276 17.0 1.796746 18.0 1.762733 19.0 1.729195 20.0 1.695853 21.0 1.661157 22.0 1.626860 23.0 1.592914 24.0 1.559277 25.0 1.525911 26.0 1.492787 27.0 1.459885 28.0 1.427202 29.0 1.394751 30.0 1.362566
213.996632  0.0 2.350040 1.0 2.341515 2.0 2.309112 3.0 2.268162 4.0 2.227681 5.0 2.186227 6.0 2.142692 7.0 2.100007 8.0 2.058208 9.0 2.017322 10.0 1.997718 11.0 1.959735 12.0 1.922290 13.0 1.885402 14.0 1.849075 15.0 1.813288 16.0 1.778045 17.0 1.743326 18.0 1.709101 19.0 1.675307 20.0 1.641710 21.0 1.606715 22.0 1.572091 23.0 1.537790 24.0 1.503769 25.0 1.469989 26.0 1.436420 27.0 1.403042 28.0 1.369852 29.0 1.336863 30.0 1.304072
221.158641  0.0 2.296067 1.0 2.287585 2.0 2.255422 3.0 2.214780 4.0 2.174587 5.0 2.133393 6.0 2.090078 7.0 2.047589 8.0 2.005966 9.0 1.965236 10.0 1.946284 11.0 1.908191 12.0 1.870613 13.0 1.833563 14.0 1.797057 15.0 1.761088 16.0 1.725642 17.0 1.690693 18.0 1.656198 19.0 1.622135 20.0 1.588240 21.0 1.552901 22.0 1.517904 23.0 1.483202 24.0 1.448749 25.0 1.414507 26.0 1.380427 27.0 1.346492 28.0 1.312708 29.0 1.279086 30.0 1.245609
228.560347  0.0 2.243201 1.0 2.234764 2.0 2.202830 3.0 2.162480 4.0 2.122558 5.0 2.081602 6.0 2.038479 7.0 1.996170 8.0 1.954708 9.0 1.914112 10.0 1.895804 11.0 1.857560 12.0 1.819818 13.0 1.782594 14.0 1.745893 15.0 1.709704 16.0 1.674004 17.0 1.638780 18.0 1.604000 19.0 1.569626 20.0 1.535389 21.0 1.499660 22.0 1.464244 23.0 1.429088 24.0 1.394125 25.0 1.359335 26.0 1.324689 27.0 1.290138 28.0 1.255672 29.0 1.221317 30.0 1.187054
236.209773  0.0 2.191409 1.0 2.183018 2.0 2.151304 3.0 2.111226 4.0 2.071561 5.0 2.030824 6.0 1.987869 7.0 1.945710 8.0 1.904378 9.0 1.863900 10.0 1.846242 11.0 1.807829 12.0 1.769892 13.0 1.732453 14.0 1.695512 15.0 1.659064 16.0 1.623090 17.0 1.587565 18.0 1.552457 19.0 1.517728 20.0 1.483105 21.0 1.446938 22.0 1.411031 23.0 1.375340 24.0 1.339832 25.0 1.304438 26.0 1.269120 27.0 1.233862 28.0 1.198627 29.0 1.163413 30.0 1.128255
244.115209  0.0 2.140658 1.0 2.132313 2.0 2.100809 3.0 2.060985 4.0 2.021562 5.0 1.981026 6.0 1.938219 7.0 1.896187 8.0 1.854962 9.0 1.814570 10.0 1.797545 11.0 1.758930 12.0 1.720777 13.0 1.683098 14.0 1.645894 15.0 1.609155 16.0 1.572865 17.0 1.536997 18.0 1.501518 19.0 1.466388 20.0 1.431333 21.0 1.394650 22.0 1.358199 23.0 1.321944 24.0 1.285773 25.0 1.249704 26.0 1.213625 27.0 1.177543 28.0 1.141427 29.0 1.105256 30.0 1.069031
252.285223  0.0 2.090917 1.0 2.082619 2.0 2.051315 3.0 2.011726 4.0 1.972523 5.0 1.932176 6.0 1.889495 7.0 1.847568 8.0 1.806427 9.0 1.766097 10.0 1.749705 11.0 1.710863 12.0 1.672461 13.0 1.634510 14.0 1.597002 15.0 1.559933 16.0 1.523284 17.0 1.487028 18.0 1.451131 19.0 1.415554 20.0 1.379997 21.0 1.342747 22.0 1.305698 23.0 1.268752 24.0 1.231875 25.0 1.195015 26.0 1.158086 27.0 1.121063 28.0 1.083913 29.0 1.046615 30.0 1.009142
260.728669  0.0 2.042151 1.0 2.033904 2.0 2.002788 3.0 1.963419 4.0 1.924415 5.0 1.884227 6.0 1.841647 7.0 1.799799 8.0 1.758716 9.0 1.718422 10.0 1.702664 11.0 1.663561 12.0 1.624874 13.0 1.586612 14.0 1.548775 15.0 1.511351 16.0 1.474297 17.0 1.437606 18.0 1.401244 19.0 1.365156 20.0 1.329038 21.0 1.291170 22.0 1.253415 23.0 1.215718 24.0 1.178022 25.0 1.140254 26.0 1.102345 27.0 1.064241 28.0 1.025902 29.0 0.987284 30.0 0.948353
269.454700  0.0 1.994328 1.0 1.986137 2.0 1.955200 3.0 1.916033 4.0 1.877211 5.0 1.837163 6.0 1.794661 7.0 1.752871 8.0 1.711824 9.0 1.671544 10.0 1.656407 11.0 1.617021 12.0 1.578014 13.0 1.539400 14.0 1.501182 15.0 1.463349 16.0 1.425855 17.0 1.388681 18.0 1.351805 19.0 1.315129 20.0 1.278417 21.0 1.239812 22.0 1.201277 23.0 1.162733 24.0 1.124100 25.0 1.085303 26.0 1.046276 27.0 1.006907 28.0 0.967189 29.0 0.926998 30.0 0.886329
278.472772  0.0 1.947421 1.0 1.939289 2.0 1.908513 3.0 1.869538 4.0 1.830880 5.0 1.790952 6.0 1.748509 7.0 1.706745 8.0 1.665697 9.0 1.625390 10.0 1.610887 11.0 1.571172 12.0 1.531821 13.0 1.492831 14.0 1.454187 15.0 1.415897 16.0 1.377908 17.0 1.340202 18.0 1.302723 19.0 1.265438 20.0 1.228001 21.0 1.188604 22.0 1.149192 23.0 1.109682 24.0 1.069994 25.0 1.029999 26.0 0.989659 27.0 0.948828 28.0 0.907447 29.0 0.865424 30.0 0.822628
287.792660  0.0 1.901401 1.0 1.893329 2.0 1.862701 3.0 1.823895 4.0 1.785387 5.0 1.745559 6.0 1.703137 7.0 1.661378 8.0 1.620314 9.0 1.579968 10.0 1.566081 11.0 1.526012 12.0 1.486260 13.0 1.446852 14.0 1.407743 15.0 1.368948 16.0 1.330405 17.0 1.292111 18.0 1.253974 19.0 1.215963 20.0 1.177759 21.0 1.137454 22.0 1.097047 23.0 1.056439 24.0 1.015501 25.0 0.974154 26.0 0.932269 27.0 0.889716 28.0 0.846383 29.0 0.802085 30.0 nan
297.424464  0.0 1.856237 1.0 1.848228 2.0 1.817736 3.0 1.779079 4.0 1.740697 5.0 1.700947 6.0 1.658534 7.0 1.616760 8.0 1.575635 9.0 1.535201 10.0 1.521944 11.0 1.481483 12.0 1.441305 13.0 1.401419 14.0 1.361803 15.0 1.322454 16.0 1.283297 17.0 1.244322 18.0 1.205470 19.0 1.166670 20.0 1.127583 21.0 1.086252 22.0 1.044717 23.0 1.002828 24.0 0.960481 25.0 0.917541 26.0 0.873855 27.0 0.829229 28.0 nan 29.0 nan 30.0 nan
307.378625  0.0 1.811903 1.0 1.803950 2.0 1.773590 3.0 1.735066 4.0 1.696791 5.0 1.657100 6.0 1.614667 7.0 1.572827 8.0 1.531634 9.0 1.491089 10.0 1.478463 11.0 1.437554 12.0 1.396914 13.0 1.356501 14.0 1.316320 15.0 1.276347 16.0 1.236533 17.0 1.196815 18.0 1.157148 19.0 1.117454 20.0 1.077366 21.0 1.034888 22.0 0.992033 23.0 0.948692 24.0 0.904712 25.0 0.859872 26.0 0.814013 27.0 nan 28.0 nan 29.0 nan 30.0 nan
317.665930  0.0 1.768369 1.0 1.760474 2.0 1.730235 3.0 1.691828 4.0 1.653642 5.0 1.613980 6.0 1.571488 7.0 1.529583 8.0 1.488265 9.0 1.447583 10.0 1.435568 11.0 1.394198 12.0 1.353035 13.0 1.312052 14.0 1.271247 15.0 1.230583 16.0 1.190010 17.0 1.149471 18.0 1.108897 19.0 1.068205 20.0 1.026996 21.0 0.983180 22.0 0.938842 23.0 0.893816 24.0 0.847873 25.0 0.800808 26.0 nan 27.0 nan 28.0 nan 29.0 nan 30.0 nan
328.297529  0.0 1.725601 1.0 1.717771 2.0 1.687637 3.0 1.649323 4.0 1.611202 5.0 1.571550 6.0 1.528995 7.0 1.486961 8.0 1.445518 9.0 1.404638 10.0 1.393257 11.0 1.351374 12.0 1.309630 13.0 1.268026 14.0 1.226535 15.0 1.185117 16.0 1.143720 17.0 1.102247 18.0 1.060650 19.0 1.018814 20.0 0.976347 21.0 0.931002 22.0 0.884942 23.0 0.837904 24.0 nan 25.0 nan 26.0 nan 27.0 nan 28.0 nan 29.0 nan 30.0 nan
339.284944  0.0 1.683575 1.0 1.675816 2.0 1.645767 3.0 1.607531 4.0 1.569459 5.0 1.529801 6.0 1.487122 7.0 1.444965 8.0 1.403321 9.0 1.362236 10.0 1.351492 11.0 1.309029 12.0 1.266664 13.0 1.224377 14.0 1.182134 15.0 1.139864 16.0 1.097529 17.0 1.055042 18.0 1.012302 19.0 0.969176 20.0 0.925248 21.0 0.878137 22.0 0.830031 23.0 nan 24.0 nan 25.0 nan 26.0 nan 27.0 nan 28.0 nan 29.0 nan 30.0 nan
350.640085  0.0 1.642267 1.0 1.634583 2.0 1.604606 3.0 1.566430 4.0 1.528389 5.0 1.488676 6.0 1.445875 7.0 1.403523 8.0 1.361673 9.0 1.320337 10.0 1.310212 11.0 1.267133 12.0 1.224090 13.0 1.181046 14.0 1.137952 15.0 1.094774 16.0 1.051395 17.0 1.007750 18.0 0.963703 19.0 0.919111 20.0 0.873498 21.0 0.824335 22.0 nan 23.0 nan 24.0 nan 25.0 nan 26.0 nan 27.0 nan 28.0 nan 29.0 nan 30.0 nan
362.375259  0.0 1.601652 1.0 1.594028 2.0 1.564128 3.0 1.525984 4.0 1.487935 5.0 1.448170 6.0 1.405185 7.0 1.362632 8.0 1.320533 9.0 1.278894 10.0 1.269400 11.0 1.225648 12.0 1.181860 13.0 1.137973 14.0 1.093976 15.0 1.049743 16.0 1.005216 17.0 0.960265 18.0 0.914754 19.0 0.868458 20.0 0.820872 21.0 nan 22.0 nan 23.0 nan 24.0 nan 25.0 nan 26.0 nan 27.0 nan 28.0 nan 29.0 nan 30.0 nan
374.503183  0.0 1.561698 1.0 1.554140 2.0 1.524289 3.0 1.486161 4.0 1.448101 5.0 1.408234 6.0 1.365055 7.0 1.322257 8.0 1.279853 9.0 1.237863 10.0 1.229016 11.0 1.184529 12.0 1.139909 13.0 1.095125 14.0 1.050083 15.0 1.004711 16.0 0.958888 17.0 0.912457 18.0 0.865245 19.0 0.816995 20.0 nan 21.0 nan 22.0 nan 23.0 nan 24.0 nan 25.0 nan 26.0 nan 27.0 nan 28.0 nan 29.0 nan 30.0 nan
387.037004  0.0 1.522372 1.0 1.514895 2.0 1.485075 3.0 1.446950 4.0 1.408836 5.0 1.368856 6.0 1.325429 7.0 1.282336 8.0 1.239595 9.0 1.197214 10.0 1.189019 11.0 1.143734 12.0 1.098205 13.0 1.052405 14.0 1.006233 15.0 0.959575 16.0 0.912281 17.0 0.864166 18.0 0.814973 19.0 nan 20.0 nan 21.0 nan 22.0 nan 23.0 nan 24.0 nan 25.0 nan 26.0 nan 27.0 nan 28.0 nan 29.0 nan 30.0 nan
399.990304  0.0 1.483660 1.0 1.476259 2.0 1.446466 3.0 1.408299 4.0 1.370124 5.0 1.329984 6.0 1.286282 7.0 1.242858 8.0 1.199730 9.0 1.156904 10.0 1.149366 11.0 1.103193 12.0 1.056694 13.0 1.009774 14.0 0.962326 15.0 0.914231 16.0 0.865265 17.0 0.815186 18.0 nan 19.0 nan 20.0 nan 21.0 nan 22.0 nan 23.0 nan 24.0 nan 25.0 nan 26.0 nan 27.0 nan 28.0 nan 29.0 nan 30.0 nan
413.377123  0.0 1.445539 1.0 1.438199 2.0 1.408412 3.0 1.370202 4.0 1.331925 5.0 1.291613 6.0 1.247589 7.0 1.203784 8.0 1.160214 9.0 1.116876 10.0 1.110015 11.0 1.062873 12.0 1.015280 13.0 0.967138 14.0 0.918265 15.0 0.868515 16.0 0.817647 17.0 nan 18.0 nan 19.0 nan 20.0 nan 21.0 nan 22.0 nan 23.0 nan 24.0 nan 25.0 nan 26.0 nan 27.0 nan 28.0 nan 29.0 nan 30.0 nan
427.211971  0.0 1.407956 1.0 1.400706 2.0 1.370907 3.0 1.332617 4.0 1.294225 5.0 1.253683 6.0 1.209310 7.0 1.165072 8.0 1.121006 9.0 1.077083 10.0 1.070922 11.0 1.022733 12.0 0.973921 13.0 0.924397 14.0 0.873939 15.0 0.822310 16.0 nan 17.0 nan 18.0 nan 19.0 nan 20.0 nan 21.0 nan 22.0 nan 23.0 nan 24.0 nan 25.0 nan 26.0 nan 27.0 nan 28.0 nan 29.0 nan 30.0 nan
441.509842  0.0 1.370914 1.0 1.363739 2.0 1.333916 3.0 1.295524 4.0 1.256969 5.0 1.216178 6.0 1.171394 7.0 1.126681 8.0 1.082062 9.0 1.037486 10.0 1.032023 11.0 0.982662 12.0 0.932534 13.0 0.881452 14.0 0.829189 15.0 nan 16.0 nan 17.0 nan 18.0 nan 19.0 nan 20.0 nan 21.0 nan 22.0 nan 23.0 nan 24.0 nan 25.0 nan 26.0 nan 27.0 nan 28.0 nan 29.0 nan 30.0 nan
456.286231  0.0 1.334375 1.0 1.327275 2.0 1.297408 3.0 1.258884 4.0 1.220152 5.0 1.179069 6.0 1.133820 7.0 1.088568 8.0 1.043315 9.0 0.998021 10.0 0.993270 11.0 0.942637 12.0 0.891022 13.0 0.838206 14.0 nan 15.0 nan 16.0 nan 17.0 nan 18.0 nan 19.0 nan 20.0 nan 21.0 nan 22.0 nan 23.0 nan 24.0 nan 25.0 nan 26.0 nan 27.0 nan 28.0 nan 29.0 nan 30.0 nan
471.557155  0.0 1.298306 1.0 1.291296 2.0 1.261363 3.0 1.222688 4.0 1.183731 5.0 1.142316 6.0 1.096547 7.0 1.050691 8.0 1.004729 9.0 0.958618 10.0 0.954617 11.0 0.902567 12.0 0.849289 13.0 nan 14.0 nan 15.0 nan 16.0 nan 17.0 nan 18.0 nan 19.0 nan 20.0 nan 21.0 nan 22.0 nan 23.0 nan 24.0 nan 25.0 nan 26.0 nan 27.0 nan 28.0 nan 29.0 nan 30.0 nan
487.339164  0.0 1.262696 1.0 1.255755 2.0 1.225745 3.0 1.186869 4.0 1.147663 5.0 1.105880 6.0 1.059535 7.0 1.013008 8.0 0.966257 9.0 0.919208 10.0 0.915982 11.0 0.862356 12.0 0.807217 13.0 nan 14.0 nan 15.0 nan 16.0 nan 17.0 nan 18.0 nan 19.0 nan 20.0 nan 21.0 nan 22.0 nan 23.0 nan 24.0 nan 25.0 nan 26.0 nan 27.0 nan 28.0 nan 29.0 nan 30.0 nan
503.649363  0.0 1.227496 1.0 1.220649 2.0 1.190527 3.0 1.151429 4.0 1.111929 5.0 1.069719 6.0 1.022742 7.0 0.975448 8.0 0.927806 9.0 0.879721 10.0 0.877290 11.0 0.821910 12.0 nan 13.0 nan 14.0 nan 15.0 nan 16.0 nan 17.0 nan 18.0 nan 19.0 nan 20.0 nan 21.0 nan 22.0 nan 23.0 nan 24.0 nan 25.0 nan 26.0 nan 27.0 nan 28.0 nan 29.0 nan 30.0 nan
520.505430  0.0 1.192698 1.0 1.185929 2.0 1.155692 3.0 1.116330 4.0 1.076491 5.0 1.033800 6.0 0.986097 7.0 0.937968 8.0 0.889325 9.0 0.840063 10.0 0.838470 11.0 nan 12.0 nan 13.0 nan 14.0 nan 15.0 nan 16.0 nan 17.0 nan 18.0 nan 19.0 nan 20.0 nan 21.0 nan 22.0 nan 23.0 nan 24.0 nan 25.0 nan 26.0 nan 27.0 nan 28.0 nan 29.0 nan 30.0 nan
537.925633  0.0 1.158265 1.0 1.151576 2.0 1.121183 3.0 1.081535 4.0 1.041309 5.0 0.998071 6.0 0.949577 7.0 0.900500 8.0 0.850734 9.0 0.800141 10.0 nan 11.0 nan 12.0 nan 13.0 nan 14.0 nan 15.0 nan 16.0 nan 17.0 nan 18.0 nan 19.0 nan 20.0 nan 21.0 nan 22.0 nan 23.0 nan 24.0 nan 25.0 nan 26.0 nan 27.0 nan 28.0 nan 29.0 nan 30.0 nan
555.928853  0.0 1.124159 1.0 1.117570 2.0 1.086987 3.0 1.046996 4.0 1.006344 5.0 0.962495 6.0 0.913123 7.0 0.862982 8.0 0.811941 9.0 nan 10.0 nan 11.0 nan 12.0 nan 13.0 nan 14.0 nan 15.0 nan 16.0 nan 17.0 nan 18.0 nan 19.0 nan 20.0 nan 21.0 nan 22.0 nan 23.0 nan 24.0 nan 25.0 nan 26.0 nan 27.0 nan 28.0 nan 29.0 nan 30.0 nan
574.534602  0.0 1.090368 1.0 1.083856 2.0 1.053071 3.0 1.012692 4.0 0.971554 5.0 0.927031 6.0 0.876659 7.0 0.825324 8.0 nan 9.0 nan 10.0 nan 11.0 nan 12.0 nan 13.0 nan 14.0 nan 15.0 nan 16.0 nan 17.0 nan 18.0 nan 19.0 nan 20.0 nan 21.0 nan 22.0 nan 23.0 nan 24.0 nan 25.0 nan 26.0 nan 27.0 nan 28.0 nan 29.0 nan 30.0 nan
593.763046  0.0 1.056856 1.0 1.050417 2.0 1.019399 3.0 0.978583 4.0 0.936900 5.0 0.891607 6.0 0.840120 7.0 nan 8.0 nan 9.0 nan 10.0 nan 11.0 nan 12.0 nan 13.0 nan 14.0 nan 15.0 nan 16.0 nan 17.0 nan 18.0 nan 19.0 nan 20.0 nan 21.0 nan 22.0 nan 23.0 nan 24.0 nan 25.0 nan 26.0 nan 27.0 nan 28.0 nan 29.0 nan 30.0 nan
613.635024  0.0 1.023577 1.0 1.017223 2.0 0.985931 3.0 0.944617 4.0 0.902319 5.0 0.856180 6.0 0.803435 7.0 nan 8.0 nan 9.0 nan 10.0 nan 11.0 nan 12.0 nan 13.0 nan 14.0 nan 15.0 nan 16.0 nan 17.0 nan 18.0 nan 19.0 nan 20.0 nan 21.0 nan 22.0 nan 23.0 nan 24.0 nan 25.0 nan 26.0 nan 27.0 nan 28.0 nan 29.0 nan 30.0 nan
634.172075  0.0 0.990504 1.0 0.984236 2.0 0.952629 3.0 0.910752 4.0 0.867764 5.0 0.820658 6.0 nan 7.0 nan 8.0 nan 9.0 nan 10.0 nan 11.0 nan 12.0 nan 13.0 nan 14.0 nan 15.0 nan 16.0 nan 17.0 nan 18.0 nan 19.0 nan 20.0 nan 21.0 nan 22.0 nan 23.0 nan 24.0 nan 25.0 nan 26.0 nan 27.0 nan 28.0 nan 29.0 nan 30.0 nan
655.396458  0.0 0.957605 1.0 0.951418 2.0 0.919454 3.0 0.876952 4.0 0.833176 5.0 nan 6.0 nan 7.0 nan 8.0 nan 9.0 nan 10.0 nan 11.0 nan 12.0 nan 13.0 nan 14.0 nan 15.0 nan 16.0 nan 17.0 nan 18.0 nan 19.0 nan 20.0 nan 21.0 nan 22.0 nan 23.0 nan 24.0 nan 25.0 nan 26.0 nan 27.0 nan 28.0 nan 29.0 nan 30.0 nan
677.331175  0.0 0.924842 1.0 0.918731 2.0 0.886367 3.0 0.843149 4.0 nan 5.0 nan 6.0 nan 7.0 nan 8.0 nan 9.0 nan 10.0 nan 11.0 nan 12.0 nan 13.0 nan 14.0 nan 15.0 nan 16.0 nan 17.0 nan 18.0 nan 19.0 nan 20.0 nan 21.0 nan 22.0 nan 23.0 nan 24.0 nan 25.0 nan 26.0 nan 27.0 nan 28.0 nan 29.0 nan 30.0 nan
700.000000  0.0 0.892157 1.0 0.886137 2.0 0.853305 3.0 0.809299 4.0 nan 5.0 nan 6.0 nan 7.0 nan 8.0 nan 9.0 nan 10.0 nan 11.0 nan 12.0 nan 13.0 nan 14.0 nan 15.0 nan 16.0 nan 17.0 nan 18.0 nan 19.0 nan 20.0 nan 21.0 nan 22.0 nan 23.0 nan 24.0 nan 25.0 nan 26.0 nan 27.0 nan 28.0 nan 29.0 nan 30.0 nan
