0.010000  0.0 0.141123 1.0 0.160659 2.0 0.178262 3.0 0.194162 4.0 0.208561 5.0 0.221638 6.0 0.233554 7.0 0.244446 8.0 0.254434 9.0 0.263621 10.0 0.272101 11.0 0.279950 12.0 0.287236 13.0 0.294013 14.0 0.300328 15.0 0.306223 16.0 0.311729 17.0 0.316873 18.0 0.321674 19.0 0.326152 20.0 0.330321 21.0 0.334194 22.0 0.337780 23.0 0.341090 24.0 0.344133 25.0 0.346923 26.0 0.349469 27.0 0.351789 28.0 0.353900 29.0 0.355825 30.0 0.357590
0.010577  0.0 0.141744 1.0 0.161364 2.0 0.179041 3.0 0.195008 4.0 0.209468 5.0 0.222602 6.0 0.234567 7.0 0.245504 8.0 0.255532 9.0 0.264760 10.0 0.273275 11.0 0.281156 12.0 0.288472 13.0 0.295277 14.0 0.301619 15.0 0.307538 16.0 0.313067 17.0 0.318229 18.0 0.323052 19.0 0.327549 20.0 0.331735 21.0 0.335622 22.0 0.339222 23.0 0.342546 24.0 0.345601 25.0 0.348401 26.0 0.350958 27.0 0.353287 28.0 0.355406 29.0 0.357338 30.0 0.359112
0.011187  0.0 0.142370 1.0 0.162074 2.0 0.179828 3.0 0.195862 4.0 0.210383 5.0 0.223572 6.0 0.235589 7.0 0.246571 8.0 0.256642 9.0 0.265908 10.0 0.274458 11.0 0.282373 12.0 0.289719 13.0 0.296552 14.0 0.302921 15.0 0.308864 16.0 0.314415 17.0 0.319600 18.0 0.324440 19.0 0.328956 20.0 0.333159 21.0 0.337062 22.0 0.340678 23.0 0.344014 24.0 0.347083 25.0 0.349893 26.0 0.352460 27.0 0.354797 28.0 0.356926 29.0 0.358867 30.0 0.360647
0.011832  0.0 0.143001 1.0 0.162790 2.0 0.180620 3.0 0.196724 4.0 0.211307 5.0 0.224551 6.0 0.236618 7.0 0.247647 8.0 0.257762 9.0 0.267065 10.0 0.275652 11.0 0.283600 12.0 0.290976 13.0 0.297838 14.0 0.304233 15.0 0.310201 16.0 0.315775 17.0 0.320982 18.0 0.325843 19.0 0.330375 20.0 0.334596 21.0 0.338516 22.0 0.342146 23.0 0.345495 24.0 0.348575 25.0 0.351399 26.0 0.353976 27.0 0.356323 28.0 0.358460 29.0 0.360407 30.0 0.362193
0.012514  0.0 0.143638 1.0 0.163513 2.0 0.181420 3.0 0.197592 4.0 0.212238 5.0 0.225540 6.0 0.237658 7.0 0.248733 8.0 0.258890 9.0 0.268234 10.0 0.276857 11.0 0.284837 12.0 0.292245 13.0 0.299136 14.0 0.305558 15.0 0.311550 16.0 0.317148 17.0 0.322374 18.0 0.327257 19.0 0.331809 20.0 0.336046 21.0 0.339982 22.0 0.343625 23.0 0.346990 24.0 0.350082 25.0 0.352915 26.0 0.355504 27.0 0.357860 28.0 0.360005 29.0 0.361960 30.0 0.363755
0.013235  0.0 0.144281 1.0 0.164243 2.0 0.182227 3.0 0.198469 4.0 0.213177 5.0 0.226536 6.0 0.238706 7.0 0.249830 8.0 0.260029 9.0 0.269412 10.0 0.278071 11.0 0.286087 12.0 0.293526 13.0 0.300444 14.0 0.306894 15.0 0.312912 16.0 0.318531 17.0 0.323781 18.0 0.328682 19.0 0.333253 20.0 0.337508 21.0 0.341459 22.0 0.345120 23.0 0.348496 24.0 0.351603 25.0 0.354448 26.0 0.357045 27.0 0.359411 28.0 0.361565 29.0 0.363529 30.0 0.365330
0.013999  0.0 0.144929 1.0 0.164979 2.0 0.183041 3.0 0.199354 4.0 0.214126 5.0 0.227541 6.0 0.239764 7.0 0.250935 8.0 0.261178 9.0 0.270601 10.0 0.279297 11.0 0.287346 12.0 0.294816 13.0 0.301765 14.0 0.308240 15.0 0.314284 16.0 0.319928 17.0 0.325200 18.0 0.330122 19.0 0.334711 20.0 0.338983 21.0 0.342952 22.0 0.346626 23.0 0.350017 24.0 0.353135 25.0 0.355993 26.0 0.358601 27.0 0.360977 28.0 0.363139 29.0 0.365110 30.0 0.366917
0.014806  0.0 0.145583 1.0 0.165721 2.0 0.183862 3.0 0.200246 4.0 0.215082 5.0 0.228556 6.0 0.240831 7.0 0.252050 8.0 0.262337 9.0 0.271801 10.0 0.280534 11.0 0.288617 12.0 0.296119 13.0 0.303098 14.0 0.309601 15.0 0.315669 16.0 0.321338 17.0 0.326630 18.0 0.331574 19.0 0.336182 20.0 0.340473 21.0 0.344457 22.0 0.348145 23.0 0.351552 24.0 0.354682 25.0 0.357550 26.0 0.360170 27.0 0.362556 28.0 0.364726 29.0 0.366704 30.0 0.368521
0.015659  0.0 0.146244 1.0 0.166471 2.0 0.184692 3.0 0.201146 4.0 0.216047 5.0 0.229580 6.0 0.241908 7.0 0.253176 8.0 0.263507 9.0 0.273011 10.0 0.281781 11.0 0.289900 12.0 0.297434 13.0 0.304441 14.0 0.310973 15.0 0.317067 16.0 0.322759 17.0 0.328075 18.0 0.333037 19.0 0.337666 20.0 0.341974 21.0 0.345974 22.0 0.349680 23.0 0.353099 24.0 0.356244 25.0 0.359123 26.0 0.361752 27.0 0.364147 28.0 0.366328 29.0 0.368315 30.0 0.370138
0.016562  0.0 0.146910 1.0 0.167227 2.0 0.185528 3.0 0.202056 4.0 0.217021 5.0 0.230612 6.0 0.242994 7.0 0.254311 8.0 0.264687 9.0 0.274231 10.0 0.283040 11.0 0.291194 12.0 0.298760 13.0 0.305797 14.0 0.312356 15.0 0.318477 16.0 0.324192 17.0 0.329532 18.0 0.334515 19.0 0.339162 20.0 0.343489 21.0 0.347507 22.0 0.351228 23.0 0.354660 24.0 0.357818 25.0 0.360710 26.0 0.363351 27.0 0.365756 28.0 0.367945 29.0 0.369940 30.0 0.371769
0.017518  0.0 0.147582 1.0 0.167989 2.0 0.186372 3.0 0.202973 4.0 0.218004 5.0 0.231655 6.0 0.244090 7.0 0.255455 8.0 0.265878 9.0 0.275465 10.0 0.284311 11.0 0.292498 12.0 0.300097 13.0 0.307167 14.0 0.313753 15.0 0.319900 16.0 0.325640 17.0 0.331001 18.0 0.336007 19.0 0.340674 20.0 0.345019 21.0 0.349053 22.0 0.352788 23.0 0.356237 24.0 0.359406 25.0 0.362310 26.0 0.364963 27.0 0.367378 28.0 0.369575 29.0 0.371577 30.0 0.373415
0.018528  0.0 0.148261 1.0 0.168759 2.0 0.187224 3.0 0.203897 4.0 0.218995 5.0 0.232707 6.0 0.245198 7.0 0.256613 8.0 0.267079 9.0 0.276708 10.0 0.285593 11.0 0.293817 12.0 0.301449 13.0 0.308547 14.0 0.315163 15.0 0.321336 16.0 0.327101 17.0 0.332484 18.0 0.337511 19.0 0.342198 20.0 0.346561 21.0 0.350612 22.0 0.354365 23.0 0.357826 24.0 0.361010 25.0 0.363926 26.0 0.366588 27.0 0.369012 28.0 0.371219 29.0 0.373232 30.0 0.375077
0.019596  0.0 0.148946 1.0 0.169537 2.0 0.188084 3.0 0.204832 4.0 0.219996 5.0 0.233768 6.0 0.246314 7.0 0.257779 8.0 0.268292 9.0 0.277962 10.0 0.286885 11.0 0.295146 12.0 0.302811 13.0 0.309940 14.0 0.316585 15.0 0.322785 16.0 0.328573 17.0 0.333982 18.0 0.339029 19.0 0.343735 20.0 0.348117 21.0 0.352187 22.0 0.355955 23.0 0.359430 24.0 0.362628 25.0 0.365557 26.0 0.368230 27.0 0.370665 28.0 0.372881 29.0 0.374901 30.0 0.376753
0.020726  0.0 0.149637 1.0 0.170320 2.0 0.188951 3.0 0.205775 4.0 0.221007 5.0 0.234839 6.0 0.247440 7.0 0.258956 8.0 0.269516 9.0 0.279229 10.0 0.288192 11.0 0.296487 12.0 0.304185 13.0 0.311347 14.0 0.318019 15.0 0.324246 16.0 0.330061 17.0 0.335492 18.0 0.340562 19.0 0.345289 20.0 0.349689 21.0 0.353776 22.0 0.357558 23.0 0.361051 24.0 0.364259 25.0 0.367201 26.0 0.369887 27.0 0.372332 28.0 0.374557 29.0 0.376584 30.0 0.378444
0.021921  0.0 0.150335 1.0 0.171112 2.0 0.189826 3.0 0.206725 4.0 0.222026 5.0 0.235921 6.0 0.248578 7.0 0.260145 8.0 0.270750 9.0 0.280507 10.0 0.289510 11.0 0.297842 12.0 0.305574 13.0 0.312767 14.0 0.319469 15.0 0.325722 16.0 0.331562 17.0 0.337015 18.0 0.342108 19.0 0.346856 20.0 0.351275 21.0 0.355378 22.0 0.359178 23.0 0.362684 24.0 0.365908 25.0 0.368860 26.0 0.371557 27.0 0.374012 28.0 0.376246 29.0 0.378284 30.0 0.380152
0.023185  0.0 0.151039 1.0 0.171911 2.0 0.190711 3.0 0.207685 4.0 0.223054 5.0 0.237012 6.0 0.249726 7.0 0.261345 8.0 0.271997 9.0 0.281797 10.0 0.290838 11.0 0.299209 12.0 0.306975 13.0 0.314198 14.0 0.320931 15.0 0.327212 16.0 0.333076 17.0 0.338555 18.0 0.343667 19.0 0.348436 20.0 0.352874 21.0 0.356996 22.0 0.360813 23.0 0.364332 24.0 0.367571 25.0 0.370537 26.0 0.373244 27.0 0.375710 28.0 0.377954 29.0 0.380000 30.0 0.381875
0.024522  0.0 0.151750 1.0 0.172718 2.0 0.191603 3.0 0.208655 4.0 0.224094 5.0 0.238113 6.0 0.250884 7.0 0.262555 8.0 0.273256 9.0 0.283098 10.0 0.292181 11.0 0.300587 12.0 0.308388 13.0 0.315644 14.0 0.322405 15.0 0.328714 16.0 0.334605 17.0 0.340108 18.0 0.345244 19.0 0.350032 20.0 0.354490 21.0 0.358630 22.0 0.362461 23.0 0.365998 24.0 0.369249 25.0 0.372228 26.0 0.374948 27.0 0.377424 28.0 0.379677 29.0 0.381730 30.0 0.383612
0.025936  0.0 0.152467 1.0 0.173531 2.0 0.192503 3.0 0.209633 4.0 0.225142 5.0 0.239225 6.0 0.252053 7.0 0.263776 8.0 0.274525 9.0 0.284413 10.0 0.293536 11.0 0.301979 12.0 0.309815 13.0 0.317104 14.0 0.323895 15.0 0.330232 16.0 0.336149 17.0 0.341674 18.0 0.346834 19.0 0.351644 20.0 0.356121 21.0 0.360277 22.0 0.364125 23.0 0.367678 24.0 0.370943 25.0 0.373934 26.0 0.376665 27.0 0.379152 28.0 0.381415 29.0 0.383476 30.0 0.385369
0.027432  0.0 0.153192 1.0 0.174353 2.0 0.193412 3.0 0.210620 4.0 0.226200 5.0 0.240347 6.0 0.253234 7.0 0.265010 8.0 0.275807 9.0 0.285739 10.0 0.294903 11.0 0.303385 12.0 0.311256 13.0 0.318576 14.0 0.325399 15.0 0.331763 16.0 0.337706 17.0 0.343257 18.0 0.348438 19.0 0.353269 20.0 0.357765 21.0 0.361940 22.0 0.365807 23.0 0.369373 24.0 0.372654 25.0 0.375658 26.0 0.378400 27.0 0.380897 28.0 0.383170 29.0 0.385242 30.0 0.387141
0.029013  0.0 0.153923 1.0 0.175183 2.0 0.194330 3.0 0.211617 4.0 0.227268 5.0 0.241480 6.0 0.254425 7.0 0.266255 8.0 0.277102 9.0 0.287077 10.0 0.296282 11.0 0.304804 12.0 0.312710 13.0 0.320063 14.0 0.326915 15.0 0.333309 16.0 0.339278 17.0 0.344855 18.0 0.350058 19.0 0.354909 20.0 0.359426 21.0 0.363621 22.0 0.367503 23.0 0.371085 24.0 0.374380 25.0 0.377398 26.0 0.380152 27.0 0.382660 28.0 0.384943 29.0 0.387023 30.0 0.388929
0.030686  0.0 0.154661 1.0 0.176021 2.0 0.195257 3.0 0.212624 4.0 0.228347 5.0 0.242622 6.0 0.255627 7.0 0.267511 8.0 0.278408 9.0 0.288430 10.0 0.297677 11.0 0.306235 12.0 0.314177 13.0 0.321565 14.0 0.328446 15.0 0.334869 16.0 0.340866 17.0 0.346466 18.0 0.351694 19.0 0.356568 20.0 0.361104 21.0 0.365316 22.0 0.369215 23.0 0.372815 24.0 0.376121 25.0 0.379153 26.0 0.381920 27.0 0.384439 28.0 0.386731 29.0 0.388819 30.0 0.390734
0.032456  0.0 0.155407 1.0 0.176866 2.0 0.196191 3.0 0.213640 4.0 0.229435 5.0 0.243778 6.0 0.256842 7.0 0.268780 8.0 0.279726 9.0 0.289795 10.0 0.299084 11.0 0.307681 12.0 0.315659 13.0 0.323080 14.0 0.329994 15.0 0.336445 16.0 0.342469 17.0 0.348093 18.0 0.353345 19.0 0.358241 20.0 0.362797 21.0 0.367027 22.0 0.370944 23.0 0.374559 24.0 0.377882 25.0 0.380924 26.0 0.383703 27.0 0.386233 28.0 0.388535 29.0 0.390634 30.0 0.392558
0.034327  0.0 0.156160 1.0 0.177720 2.0 0.197136 3.0 0.214665 4.0 0.230534 5.0 0.244944 6.0 0.258069 7.0 0.270062 8.0 0.281058 9.0 0.291172 10.0 0.300503 11.0 0.309141 12.0 0.317156 13.0 0.324609 14.0 0.331556 15.0 0.338036 16.0 0.344086 17.0 0.349737 18.0 0.355010 19.0 0.359929 20.0 0.364505 21.0 0.368755 22.0 0.372691 23.0 0.376319 24.0 0.379658 25.0 0.382716 26.0 0.385506 27.0 0.388047 28.0 0.390360 29.0 0.392467 30.0 0.394399
0.036307  0.0 0.156920 1.0 0.178583 2.0 0.198090 3.0 0.215701 4.0 0.231644 5.0 0.246121 6.0 0.259306 7.0 0.271356 8.0 0.282403 9.0 0.292562 10.0 0.301937 11.0 0.310615 12.0 0.318666 13.0 0.326154 14.0 0.333131 15.0 0.339641 16.0 0.345719 17.0 0.351397 18.0 0.356695 19.0 0.361634 20.0 0.366231 21.0 0.370501 22.0 0.374453 23.0 0.378099 24.0 0.381451 25.0 0.384523 26.0 0.387326 27.0 0.389879 28.0 0.392201 29.0 0.394317 30.0 0.396255
0.038400  0.0 0.157687 1.0 0.179453 2.0 0.199053 3.0 0.216747 4.0 0.232765 5.0 0.247308 6.0 0.260555 7.0 0.272661 8.0 0.283760 9.0 0.293968 10.0 0.303386 11.0 0.312102 12.0 0.320190 13.0 0.327715 14.0 0.334723 15.0 0.341263 16.0 0.347370 17.0 0.353071 18.0 0.358395 19.0 0.363357 20.0 0.367975 21.0 0.372263 22.0 0.376231 23.0 0.379896 24.0 0.383262 25.0 0.386346 26.0 0.389163 27.0 0.391727 28.0 0.394059 29.0 0.396183 30.0 0.398133
0.040614  0.0 0.158462 1.0 0.180331 2.0 0.200025 3.0 0.217803 4.0 0.233897 5.0 0.248509 6.0 0.261818 7.0 0.273980 8.0 0.285129 9.0 0.295387 10.0 0.304848 11.0 0.313605 12.0 0.321732 13.0 0.329290 14.0 0.336331 15.0 0.342901 16.0 0.349036 17.0 0.354763 18.0 0.360110 19.0 0.365095 20.0 0.369734 21.0 0.374041 22.0 0.378029 23.0 0.381709 24.0 0.385092 25.0 0.388189 26.0 0.391016 27.0 0.393592 28.0 0.395935 29.0 0.398071 30.0 0.400029
0.042956  0.0 0.159245 1.0 0.181220 2.0 0.201007 3.0 0.218869 4.0 0.235039 5.0 0.249721 6.0 0.263093 7.0 0.275312 8.0 0.286514 9.0 0.296819 10.0 0.306324 11.0 0.315123 12.0 0.323287 13.0 0.330879 14.0 0.337955 15.0 0.344555 16.0 0.350717 17.0 0.356472 18.0 0.361842 19.0 0.366850 20.0 0.371510 21.0 0.375838 22.0 0.379845 23.0 0.383539 24.0 0.386938 25.0 0.390051 26.0 0.392892 27.0 0.395478 28.0 0.397832 29.0 0.399977 30.0 0.401942
0.045433  0.0 0.160036 1.0 0.182117 2.0 0.201999 3.0 0.219947 4.0 0.236193 5.0 0.250945 6.0 0.264380 7.0 0.276657 8.0 0.287913 9.0 0.298264 10.0 0.307815 11.0 0.316655 12.0 0.324858 13.0 0.332486 14.0 0.339593 15.0 0.346224 16.0 0.352415 17.0 0.358198 18.0 0.363594 19.0 0.368624 20.0 0.373306 21.0 0.377653 22.0 0.381677 23.0 0.385390 24.0 0.388802 25.0 0.391930 26.0 0.394784 27.0 0.397383 28.0 0.399747 29.0 0.401900 30.0 0.403873
0.048053  0.0 0.160834 1.0 0.183022 2.0 0.203001 3.0 0.221035 4.0 0.237360 5.0 0.252180 6.0 0.265679 7.0 0.278015 8.0 0.289324 9.0 0.299726 10.0 0.309322 11.0 0.318202 12.0 0.326443 13.0 0.334109 14.0 0.341249 15.0 0.347911 16.0 0.354132 17.0 0.359939 18.0 0.365361 19.0 0.370415 20.0 0.375119 21.0 0.379486 22.0 0.383527 23.0 0.387259 24.0 0.390686 25.0 0.393827 26.0 0.396694 27.0 0.399305 28.0 0.401679 29.0 0.403842 30.0 0.405827
0.050824  0.0 0.161640 1.0 0.183936 2.0 0.204012 3.0 0.222133 4.0 0.238537 5.0 0.253429 6.0 0.266993 7.0 0.279387 8.0 0.290749 9.0 0.301202 10.0 0.310843 11.0 0.319766 12.0 0.328046 13.0 0.335747 14.0 0.342922 15.0 0.349615 16.0 0.355865 17.0 0.361699 18.0 0.367146 19.0 0.372224 20.0 0.376949 21.0 0.381335 22.0 0.385398 23.0 0.389145 24.0 0.392590 25.0 0.395744 26.0 0.398624 27.0 0.401246 28.0 0.403632 29.0 0.405806 30.0 0.407799
0.053755  0.0 0.162455 1.0 0.184860 2.0 0.205033 3.0 0.223243 4.0 0.239725 5.0 0.254690 6.0 0.268320 7.0 0.280773 8.0 0.292190 9.0 0.302692 10.0 0.312378 11.0 0.321345 12.0 0.329665 13.0 0.337401 14.0 0.344611 15.0 0.351336 16.0 0.357614 17.0 0.363478 18.0 0.368948 19.0 0.374050 20.0 0.378797 21.0 0.383206 22.0 0.387287 23.0 0.391049 24.0 0.394512 25.0 0.397682 26.0 0.400575 27.0 0.403209 28.0 0.405606 29.0 0.407790 30.0 0.409791
0.056854  0.0 0.163278 1.0 0.185794 2.0 0.206066 3.0 0.224364 4.0 0.240926 5.0 0.255964 6.0 0.269659 7.0 0.282173 8.0 0.293645 9.0 0.304196 10.0 0.313929 11.0 0.322940 12.0 0.331299 13.0 0.339073 14.0 0.346316 15.0 0.353073 16.0 0.359382 17.0 0.365274 18.0 0.370771 19.0 0.375896 20.0 0.380666 21.0 0.385095 22.0 0.389194 23.0 0.392976 24.0 0.396453 25.0 0.399638 26.0 0.402545 27.0 0.405192 28.0 0.407599 29.0 0.409792 30.0 0.411801
0.060133  0.0 0.164109 1.0 0.186737 2.0 0.207109 3.0 0.225497 4.0 0.242140 5.0 0.257250 6.0 0.271012 7.0 0.283586 8.0 0.295115 9.0 0.305717 10.0 0.315498 11.0 0.324550 12.0 0.332950 13.0 0.340762 14.0 0.348039 15.0 0.354829 16.0 0.361169 17.0 0.367087 18.0 0.372612 19.0 0.377762 20.0 0.382554 21.0 0.387003 22.0 0.391120 23.0 0.394922 24.0 0.398414 25.0 0.401614 26.0 0.404535 27.0 0.407194 28.0 0.409612 29.0 0.411814 30.0 0.413836
0.063600  0.0 0.164949 1.0 0.187689 2.0 0.208162 3.0 0.226641 4.0 0.243366 5.0 0.258550 6.0 0.272378 7.0 0.285014 8.0 0.296599 9.0 0.307254 10.0 0.317082 11.0 0.326178 12.0 0.334618 13.0 0.342469 14.0 0.349781 15.0 0.356604 16.0 0.362973 17.0 0.368919 18.0 0.374471 19.0 0.379646 20.0 0.384461 21.0 0.388930 22.0 0.393069 23.0 0.396887 24.0 0.400397 25.0 0.403610 26.0 0.406544 27.0 0.409215 28.0 0.411645 29.0 0.413861 30.0 0.415890
0.067268  0.0 0.165797 1.0 0.188651 2.0 0.209225 3.0 0.227796 4.0 0.244604 5.0 0.259863 6.0 0.273760 7.0 0.286458 8.0 0.298098 9.0 0.308806 10.0 0.318681 11.0 0.327823 12.0 0.336305 13.0 0.344192 14.0 0.351541 15.0 0.358396 16.0 0.364796 17.0 0.370772 18.0 0.376348 19.0 0.381548 20.0 0.386386 21.0 0.390877 22.0 0.395037 23.0 0.398871 24.0 0.402400 25.0 0.405629 26.0 0.408577 27.0 0.411261 28.0 0.413702 29.0 0.415927 30.0 0.417966
0.071146  0.0 0.166655 1.0 0.189624 2.0 0.210301 3.0 0.228963 4.0 0.245855 5.0 0.261190 6.0 0.275156 7.0 0.287917 8.0 0.299615 9.0 0.310373 10.0 0.320297 11.0 0.329484 12.0 0.338008 13.0 0.345932 14.0 0.353318 15.0 0.360207 16.0 0.366637 17.0 0.372644 18.0 0.378247 19.0 0.383470 20.0 0.388332 21.0 0.392847 22.0 0.397025 23.0 0.400879 24.0 0.404422 25.0 0.407668 26.0 0.410630 27.0 0.413327 28.0 0.415780 29.0 0.418015 30.0 0.420062
0.075249  0.0 0.167521 1.0 0.190606 2.0 0.211388 3.0 0.230144 4.0 0.247119 5.0 0.262530 6.0 0.276566 7.0 0.289390 8.0 0.301146 9.0 0.311957 10.0 0.321931 11.0 0.331163 12.0 0.339728 13.0 0.347693 14.0 0.355113 15.0 0.362035 16.0 0.368499 17.0 0.374534 18.0 0.380166 19.0 0.385415 20.0 0.390300 21.0 0.394836 22.0 0.399033 23.0 0.402907 24.0 0.406466 25.0 0.409728 26.0 0.412705 27.0 0.415414 28.0 0.417879 29.0 0.420124 30.0 0.422181
0.079588  0.0 0.168397 1.0 0.191599 2.0 0.212486 3.0 0.231336 4.0 0.248397 5.0 0.263884 6.0 0.277990 7.0 0.290878 8.0 0.302693 9.0 0.313559 10.0 0.323582 11.0 0.332858 12.0 0.341466 13.0 0.349472 14.0 0.356929 15.0 0.363885 16.0 0.370381 17.0 0.376444 18.0 0.382104 19.0 0.387380 20.0 0.392289 21.0 0.396846 22.0 0.401063 23.0 0.404957 24.0 0.408534 25.0 0.411809 26.0 0.414800 27.0 0.417523 28.0 0.419999 29.0 0.422256 30.0 0.424325
0.084177  0.0 0.169281 1.0 0.192602 2.0 0.213595 3.0 0.232541 4.0 0.249688 5.0 0.265253 6.0 0.279429 7.0 0.292382 8.0 0.304256 9.0 0.315178 10.0 0.325250 11.0 0.334573 12.0 0.343224 13.0 0.351269 14.0 0.358764 15.0 0.365755 16.0 0.372282 17.0 0.378375 18.0 0.384063 19.0 0.389364 20.0 0.394297 21.0 0.398876 22.0 0.403116 23.0 0.407027 24.0 0.410623 25.0 0.413914 26.0 0.416919 27.0 0.419655 28.0 0.422144 29.0 0.424412 30.0 0.426490
0.089031  0.0 0.170174 1.0 0.193615 2.0 0.214715 3.0 0.233758 4.0 0.250992 5.0 0.266637 6.0 0.280885 7.0 0.293903 8.0 0.305836 9.0 0.316813 10.0 0.326935 11.0 0.336306 12.0 0.345000 13.0 0.353085 14.0 0.360618 15.0 0.367644 16.0 0.374203 17.0 0.380328 18.0 0.386041 19.0 0.391370 20.0 0.396327 21.0 0.400930 22.0 0.405191 23.0 0.409119 24.0 0.412734 25.0 0.416043 26.0 0.419062 27.0 0.421812 28.0 0.424313 29.0 0.426591 30.0 0.428678
0.094165  0.0 0.171078 1.0 0.194640 2.0 0.215848 3.0 0.234988 4.0 0.252310 5.0 0.268035 6.0 0.282356 7.0 0.295440 8.0 0.307434 9.0 0.318465 10.0 0.328638 11.0 0.338057 12.0 0.346795 13.0 0.354920 14.0 0.362491 15.0 0.369552 16.0 0.376144 17.0 0.382301 18.0 0.388044 19.0 0.393397 20.0 0.398380 21.0 0.403006 22.0 0.407287 23.0 0.411237 24.0 0.414867 25.0 0.418193 26.0 0.421228 27.0 0.423991 28.0 0.426504 29.0 0.428793 30.0 0.430889
0.099595  0.0 0.171992 1.0 0.195676 2.0 0.216994 3.0 0.236232 4.0 0.253643 5.0 0.269448 6.0 0.283842 7.0 0.296992 8.0 0.309048 9.0 0.320134 10.0 0.330361 11.0 0.339827 12.0 0.348609 13.0 0.356776 14.0 0.364384 15.0 0.371481 16.0 0.378108 17.0 0.384294 18.0 0.390068 19.0 0.395448 20.0 0.400456 21.0 0.405104 22.0 0.409406 23.0 0.413377 24.0 0.417023 25.0 0.420366 26.0 0.423417 27.0 0.426194 28.0 0.428719 29.0 0.431019 30.0 0.433128
0.105338  0.0 0.172915 1.0 0.196723 2.0 0.218151 3.0 0.237489 4.0 0.254990 5.0 0.270875 6.0 0.285343 7.0 0.298562 8.0 0.310680 9.0 0.321824 10.0 0.332102 11.0 0.341615 12.0 0.350442 13.0 0.358653 14.0 0.366299 15.0 0.373433 16.0 0.380093 17.0 0.386309 18.0 0.392113 19.0 0.397521 20.0 0.402554 21.0 0.407225 22.0 0.411549 23.0 0.415540 24.0 0.419206 25.0 0.422563 26.0 0.425629 27.0 0.428420 28.0 0.430958 29.0 0.433271 30.0 0.435390
0.111412  0.0 0.173848 1.0 0.197780 2.0 0.219321 3.0 0.238760 4.0 0.256352 5.0 0.272319 6.0 0.286861 7.0 0.300148 8.0 0.312328 9.0 0.323531 10.0 0.333862 11.0 0.343424 12.0 0.352297 13.0 0.360549 14.0 0.368236 15.0 0.375406 16.0 0.382100 17.0 0.388348 18.0 0.394180 19.0 0.399617 20.0 0.404674 21.0 0.409369 22.0 0.413716 23.0 0.417726 24.0 0.421412 25.0 0.424787 26.0 0.427867 27.0 0.430672 28.0 0.433223 29.0 0.435548 30.0 0.437678
0.117836  0.0 0.174791 1.0 0.198850 2.0 0.220504 3.0 0.240045 4.0 0.257728 5.0 0.273779 6.0 0.288397 7.0 0.301753 8.0 0.313995 9.0 0.325257 10.0 0.335641 11.0 0.345254 12.0 0.354173 13.0 0.362466 14.0 0.370193 15.0 0.377400 16.0 0.384128 17.0 0.390410 18.0 0.396270 19.0 0.401735 20.0 0.406818 21.0 0.411538 22.0 0.415908 23.0 0.419936 24.0 0.423643 25.0 0.427035 26.0 0.430131 27.0 0.432950 28.0 0.435515 29.0 0.437851 30.0 0.439990
0.124631  0.0 0.175744 1.0 0.199930 2.0 0.221699 3.0 0.241343 4.0 0.259119 5.0 0.275255 6.0 0.289950 7.0 0.303375 8.0 0.315682 9.0 0.327001 10.0 0.337439 11.0 0.347103 12.0 0.356068 13.0 0.364404 14.0 0.372172 15.0 0.379417 16.0 0.386178 17.0 0.392494 18.0 0.398385 19.0 0.403876 20.0 0.408986 21.0 0.413732 22.0 0.418123 23.0 0.422173 24.0 0.425897 25.0 0.429308 26.0 0.432421 27.0 0.435254 28.0 0.437832 29.0 0.440179 30.0 0.442329
0.131817  0.0 0.176709 1.0 0.201024 2.0 0.222908 3.0 0.242655 4.0 0.260525 5.0 0.276747 6.0 0.291519 7.0 0.305015 8.0 0.317387 9.0 0.328765 10.0 0.339257 11.0 0.348972 12.0 0.357985 13.0 0.366365 14.0 0.374172 15.0 0.381455 16.0 0.388253 17.0 0.394601 18.0 0.400524 19.0 0.406044 20.0 0.411181 21.0 0.415950 22.0 0.420364 23.0 0.424436 24.0 0.428177 25.0 0.431607 26.0 0.434736 27.0 0.437584 28.0 0.440175 29.0 0.442534 30.0 0.444695
0.139418  0.0 0.177684 1.0 0.202130 2.0 0.224131 3.0 0.243983 4.0 0.261948 5.0 0.278255 6.0 0.293106 7.0 0.306673 8.0 0.319111 9.0 0.330549 10.0 0.341097 11.0 0.350862 12.0 0.359922 13.0 0.368348 14.0 0.376195 15.0 0.383516 16.0 0.390352 17.0 0.396732 18.0 0.402687 19.0 0.408236 20.0 0.413400 21.0 0.418194 22.0 0.422629 23.0 0.426724 24.0 0.430485 25.0 0.433931 26.0 0.437077 27.0 0.439940 28.0 0.442544 29.0 0.444915 30.0 0.447090
0.147457  0.0 0.178670 1.0 0.203248 2.0 0.225367 3.0 0.245326 4.0 0.263387 5.0 0.279780 6.0 0.294710 7.0 0.308350 8.0 0.320854 9.0 0.332354 10.0 0.342958 11.0 0.352773 12.0 0.361882 13.0 0.370354 14.0 0.378243 15.0 0.385603 16.0 0.392475 17.0 0.398887 18.0 0.404874 19.0 0.410453 20.0 0.415644 21.0 0.420463 22.0 0.424922 23.0 0.429039 24.0 0.432821 25.0 0.436283 26.0 0.439445 27.0 0.442323 28.0 0.444940 29.0 0.447326 30.0 0.449512
0.155960  0.0 0.179667 1.0 0.204378 2.0 0.226617 3.0 0.246684 4.0 0.264842 5.0 0.281323 6.0 0.296332 7.0 0.310045 8.0 0.322616 9.0 0.334179 10.0 0.344839 11.0 0.354708 12.0 0.363866 13.0 0.372382 14.0 0.380314 15.0 0.387714 16.0 0.394621 17.0 0.401068 18.0 0.407086 19.0 0.412695 20.0 0.417914 21.0 0.422757 22.0 0.427243 23.0 0.431379 24.0 0.435183 25.0 0.438664 26.0 0.441842 27.0 0.444735 28.0 0.447368 29.0 0.449766 30.0 0.451962
0.164953  0.0 0.180675 1.0 0.205521 2.0 0.227881 3.0 0.248056 4.0 0.266313 5.0 0.282883 6.0 0.297974 7.0 0.311761 8.0 0.324399 9.0 0.336024 10.0 0.346742 11.0 0.356665 12.0 0.365872 13.0 0.374433 14.0 0.382409 15.0 0.389848 16.0 0.396792 17.0 0.403275 18.0 0.409324 19.0 0.414964 20.0 0.420210 21.0 0.425080 22.0 0.429590 23.0 0.433747 24.0 0.437572 25.0 0.441073 26.0 0.444268 27.0 0.447177 28.0 0.449823 29.0 0.452234 30.0 0.454441
0.174465  0.0 0.181694 1.0 0.206677 2.0 0.229159 3.0 0.249445 4.0 0.267800 5.0 0.284462 6.0 0.299634 7.0 0.313496 8.0 0.326203 9.0 0.337891 10.0 0.348666 11.0 0.358644 12.0 0.367901 13.0 0.376508 14.0 0.384528 15.0 0.392007 16.0 0.398988 17.0 0.405508 18.0 0.411589 19.0 0.417258 20.0 0.422532 21.0 0.427431 22.0 0.431965 23.0 0.436145 24.0 0.439989 25.0 0.443510 26.0 0.446723 27.0 0.449648 28.0 0.452308 29.0 0.454731 30.0 0.456950
0.184525  0.0 0.182725 1.0 0.207845 2.0 0.230451 3.0 0.250849 4.0 0.269305 5.0 0.286058 6.0 0.301314 7.0 0.315252 8.0 0.328028 9.0 0.339779 10.0 0.350612 11.0 0.360646 12.0 0.369954 13.0 0.378607 14.0 0.386671 15.0 0.394192 16.0 0.401211 17.0 0.407767 18.0 0.413882 19.0 0.419581 20.0 0.424885 21.0 0.429810 22.0 0.434367 23.0 0.438571 24.0 0.442435 25.0 0.445976 26.0 0.449207 27.0 0.452148 28.0 0.454822 29.0 0.457258 30.0 0.459488
0.195165  0.0 0.183768 1.0 0.209029 2.0 0.231760 3.0 0.252269 4.0 0.270827 5.0 0.287673 6.0 0.303012 7.0 0.317027 8.0 0.329875 9.0 0.341689 10.0 0.352582 11.0 0.362671 12.0 0.372030 13.0 0.380732 14.0 0.388839 15.0 0.396402 16.0 0.403461 17.0 0.410052 18.0 0.416202 19.0 0.421933 20.0 0.427266 21.0 0.432217 22.0 0.436799 23.0 0.441027 24.0 0.444911 25.0 0.448472 26.0 0.451720 27.0 0.454678 28.0 0.457367 29.0 0.459816 30.0 0.462060
0.206419  0.0 0.184824 1.0 0.210225 2.0 0.233083 3.0 0.253706 4.0 0.272367 5.0 0.289306 6.0 0.304731 7.0 0.318824 8.0 0.331742 9.0 0.343622 10.0 0.354577 11.0 0.364720 12.0 0.374131 13.0 0.382883 14.0 0.391034 15.0 0.398638 16.0 0.405738 17.0 0.412365 18.0 0.418549 19.0 0.424312 20.0 0.429675 21.0 0.434654 22.0 0.439259 23.0 0.443513 24.0 0.447419 25.0 0.450997 26.0 0.454265 27.0 0.457239 28.0 0.459943 29.0 0.462405 30.0 0.464664
0.218322  0.0 0.185891 1.0 0.211436 2.0 0.234422 3.0 0.255161 4.0 0.273926 5.0 0.290959 6.0 0.306470 7.0 0.320641 8.0 0.333632 9.0 0.345580 10.0 0.356594 11.0 0.366794 12.0 0.376257 13.0 0.385059 14.0 0.393256 15.0 0.400904 16.0 0.408043 17.0 0.414705 18.0 0.420925 19.0 0.426721 20.0 0.432114 21.0 0.437119 22.0 0.441752 23.0 0.446029 24.0 0.449958 25.0 0.453555 26.0 0.456840 27.0 0.459831 28.0 0.462550 29.0 0.465029 30.0 0.467300
0.230911  0.0 0.186972 1.0 0.212661 2.0 0.235777 3.0 0.256632 4.0 0.275503 5.0 0.292630 6.0 0.308229 7.0 0.322480 8.0 0.335544 9.0 0.347560 10.0 0.358636 11.0 0.368893 12.0 0.378410 13.0 0.387262 14.0 0.395506 15.0 0.403196 16.0 0.410375 17.0 0.417075 18.0 0.423330 19.0 0.429159 20.0 0.434582 21.0 0.439616 22.0 0.444276 23.0 0.448576 24.0 0.452528 25.0 0.456146 26.0 0.459448 27.0 0.462456 28.0 0.465192 29.0 0.467686 30.0 0.469968
0.244226  0.0 0.188065 1.0 0.213900 2.0 0.237147 3.0 0.258121 4.0 0.277099 5.0 0.294323 6.0 0.310009 7.0 0.324341 8.0 0.337480 9.0 0.349564 10.0 0.360703 11.0 0.371018 12.0 0.380590 13.0 0.389491 14.0 0.397783 15.0 0.405517 16.0 0.412737 17.0 0.419475 18.0 0.425765 19.0 0.431627 20.0 0.437081 21.0 0.442143 22.0 0.446832 23.0 0.451154 24.0 0.455130 25.0 0.458770 26.0 0.462091 27.0 0.465116 28.0 0.467868 29.0 0.470376 30.0 0.472671
0.258309  0.0 0.189170 1.0 0.215154 2.0 0.238534 3.0 0.259628 4.0 0.278714 5.0 0.296036 6.0 0.311812 7.0 0.326225 8.0 0.339438 9.0 0.351593 10.0 0.362794 11.0 0.373170 12.0 0.382796 13.0 0.391748 14.0 0.400088 15.0 0.407866 16.0 0.415127 17.0 0.421906 18.0 0.428230 19.0 0.434126 20.0 0.439611 21.0 0.444703 22.0 0.449419 23.0 0.453766 24.0 0.457765 25.0 0.461427 26.0 0.464768 27.0 0.467811 28.0 0.470579 29.0 0.473100 30.0 0.475408
0.273204  0.0 0.190289 1.0 0.216423 2.0 0.239937 3.0 0.261153 4.0 0.280348 5.0 0.297770 6.0 0.313636 7.0 0.328133 8.0 0.341421 9.0 0.353646 10.0 0.364911 11.0 0.375347 12.0 0.385030 13.0 0.394033 14.0 0.402421 15.0 0.410245 16.0 0.417547 17.0 0.424366 18.0 0.430726 19.0 0.436657 20.0 0.442173 21.0 0.447297 22.0 0.452040 23.0 0.456412 24.0 0.460434 25.0 0.464118 26.0 0.467479 27.0 0.470540 28.0 0.473324 29.0 0.475859 30.0 0.478181
0.288957  0.0 0.191422 1.0 0.217707 2.0 0.241358 3.0 0.262696 4.0 0.282002 5.0 0.299525 6.0 0.315483 7.0 0.330064 8.0 0.343430 9.0 0.355724 10.0 0.367055 11.0 0.377552 12.0 0.387291 13.0 0.396346 14.0 0.404784 15.0 0.412654 16.0 0.419998 17.0 0.426858 18.0 0.433256 19.0 0.439219 20.0 0.444770 21.0 0.449924 22.0 0.454694 23.0 0.459093 24.0 0.463138 25.0 0.466843 26.0 0.470225 27.0 0.473304 28.0 0.476105 29.0 0.478655 30.0 0.480990
0.305619  0.0 0.192568 1.0 0.219007 2.0 0.242795 3.0 0.264257 4.0 0.283676 5.0 0.301302 6.0 0.317353 7.0 0.332019 8.0 0.345463 9.0 0.357829 10.0 0.369225 11.0 0.379785 12.0 0.389581 13.0 0.398689 14.0 0.407177 15.0 0.415093 16.0 0.422481 17.0 0.429382 18.0 0.435818 19.0 0.441817 20.0 0.447400 21.0 0.452585 22.0 0.457383 23.0 0.461809 24.0 0.465877 25.0 0.469605 26.0 0.473007 27.0 0.476105 28.0 0.478922 29.0 0.481488 30.0 0.483836
0.323242  0.0 0.193728 1.0 0.220322 2.0 0.244250 3.0 0.265838 4.0 0.285371 5.0 0.303100 6.0 0.319246 7.0 0.333998 8.0 0.347522 9.0 0.359960 10.0 0.371422 11.0 0.382046 12.0 0.391900 13.0 0.401063 14.0 0.409600 15.0 0.417564 16.0 0.424997 17.0 0.431939 18.0 0.438414 19.0 0.444449 20.0 0.450065 21.0 0.455281 22.0 0.460107 23.0 0.464560 24.0 0.468652 25.0 0.472403 26.0 0.475827 27.0 0.478943 28.0 0.481778 29.0 0.484359 30.0 0.486723
0.341881  0.0 0.194903 1.0 0.221654 2.0 0.245724 3.0 0.267439 4.0 0.287087 5.0 0.304921 6.0 0.321162 7.0 0.336002 8.0 0.349606 9.0 0.362118 10.0 0.373649 11.0 0.384335 12.0 0.394249 13.0 0.403467 14.0 0.412055 15.0 0.420067 16.0 0.427546 17.0 0.434529 18.0 0.441044 19.0 0.447115 20.0 0.452766 21.0 0.458013 22.0 0.462867 23.0 0.467349 24.0 0.471465 25.0 0.475239 26.0 0.478684 27.0 0.481820 28.0 0.484672 29.0 0.487269 30.0 0.489649
0.361595  0.0 0.196092 1.0 0.223003 2.0 0.247216 3.0 0.269060 4.0 0.288824 5.0 0.306765 6.0 0.323103 7.0 0.338032 8.0 0.351718 9.0 0.364304 10.0 0.375905 11.0 0.386655 12.0 0.396628 13.0 0.405903 14.0 0.414543 15.0 0.422603 16.0 0.430129 17.0 0.437153 18.0 0.443708 19.0 0.449817 20.0 0.455502 21.0 0.460781 22.0 0.465665 23.0 0.470175 24.0 0.474317 25.0 0.478114 26.0 0.481580 27.0 0.484736 28.0 0.487605 29.0 0.490218 30.0 0.492615
0.382446  0.0 0.197296 1.0 0.224369 2.0 0.248727 3.0 0.270701 4.0 0.290584 5.0 0.308632 6.0 0.325069 7.0 0.340087 8.0 0.353856 9.0 0.366519 10.0 0.378190 11.0 0.389004 12.0 0.399039 13.0 0.408371 14.0 0.417063 15.0 0.425173 16.0 0.432746 17.0 0.439813 18.0 0.446409 19.0 0.452556 20.0 0.458276 21.0 0.463587 22.0 0.468501 23.0 0.473040 24.0 0.477209 25.0 0.481028 26.0 0.484516 27.0 0.487692 28.0 0.490580 29.0 0.493210 30.0 0.495622
0.404499  0.0 0.198515 1.0 0.225751 2.0 0.250257 3.0 0.272364 4.0 0.292367 5.0 0.310524 6.0 0.327060 7.0 0.342169 8.0 0.356022 9.0 0.368764 10.0 0.380505 11.0 0.391385 12.0 0.401481 13.0 0.410872 14.0 0.419619 15.0 0.427779 16.0 0.435398 17.0 0.442509 18.0 0.449146 19.0 0.455332 20.0 0.461087 21.0 0.466432 22.0 0.471377 23.0 0.475945 24.0 0.480140 25.0 0.483983 26.0 0.487494 27.0 0.490690 28.0 0.493596 29.0 0.496245 30.0 0.498672
0.427823  0.0 0.199750 1.0 0.227152 2.0 0.251806 3.0 0.274048 4.0 0.294172 5.0 0.312439 6.0 0.329077 7.0 0.344279 8.0 0.358217 9.0 0.371037 10.0 0.382850 11.0 0.393798 12.0 0.403957 13.0 0.413407 14.0 0.422208 15.0 0.430420 16.0 0.438086 17.0 0.445241 18.0 0.451921 19.0 0.458146 20.0 0.463938 21.0 0.469316 22.0 0.474294 23.0 0.478890 24.0 0.483113 25.0 0.486980 26.0 0.490514 27.0 0.493731 28.0 0.496656 29.0 0.499323 30.0 0.501766
0.452493  0.0 0.201001 1.0 0.228570 2.0 0.253375 3.0 0.275753 4.0 0.296001 5.0 0.314380 6.0 0.331120 7.0 0.346416 8.0 0.360441 9.0 0.373342 10.0 0.385227 11.0 0.396243 12.0 0.406466 13.0 0.415976 14.0 0.424833 15.0 0.433097 16.0 0.440812 17.0 0.448012 18.0 0.454735 19.0 0.460999 20.0 0.466829 21.0 0.472241 22.0 0.477252 23.0 0.481877 24.0 0.486128 25.0 0.490020 26.0 0.493577 27.0 0.496815 28.0 0.499760 29.0 0.502445 30.0 0.504905
0.478584  0.0 0.202267 1.0 0.230007 2.0 0.254965 3.0 0.277481 4.0 0.297854 5.0 0.316347 6.0 0.333191 7.0 0.348582 8.0 0.362695 9.0 0.375677 10.0 0.387636 11.0 0.398722 12.0 0.409010 13.0 0.418581 14.0 0.427495 15.0 0.435811 16.0 0.443576 17.0 0.450822 18.0 0.457588 19.0 0.463893 20.0 0.469760 21.0 0.475208 22.0 0.480252 23.0 0.484908 24.0 0.489187 25.0 0.493105 26.0 0.496684 27.0 0.499944 28.0 0.502909 29.0 0.505613 30.0 0.508089
0.506181  0.0 0.203550 1.0 0.231462 2.0 0.256575 3.0 0.279231 4.0 0.299731 5.0 0.318339 6.0 0.335289 7.0 0.350778 8.0 0.364980 9.0 0.378044 10.0 0.390079 11.0 0.401235 12.0 0.411590 13.0 0.421222 14.0 0.430193 15.0 0.438564 16.0 0.446379 17.0 0.453672 18.0 0.460482 19.0 0.466829 20.0 0.472734 21.0 0.478218 22.0 0.483296 23.0 0.487982 24.0 0.492290 25.0 0.496235 26.0 0.499838 27.0 0.503120 28.0 0.506106 29.0 0.508828 30.0 0.511322
0.535369  0.0 0.204850 1.0 0.232936 2.0 0.258206 3.0 0.281005 4.0 0.301633 5.0 0.320359 6.0 0.337416 7.0 0.353003 8.0 0.367296 9.0 0.380444 10.0 0.392555 11.0 0.403783 12.0 0.414205 13.0 0.423900 14.0 0.432930 15.0 0.441355 16.0 0.449222 17.0 0.456563 18.0 0.463418 19.0 0.469807 20.0 0.475752 21.0 0.481272 22.0 0.486384 23.0 0.491102 24.0 0.495439 25.0 0.499411 26.0 0.503039 27.0 0.506344 28.0 0.509351 29.0 0.512092 30.0 0.514603
0.566240  0.0 0.206166 1.0 0.234429 2.0 0.259859 3.0 0.282802 4.0 0.303561 5.0 0.322405 6.0 0.339571 7.0 0.355258 8.0 0.369643 9.0 0.382877 10.0 0.395065 11.0 0.406367 12.0 0.416858 13.0 0.426616 14.0 0.435706 15.0 0.444187 16.0 0.452106 17.0 0.459496 18.0 0.466397 19.0 0.472829 20.0 0.478814 21.0 0.484372 22.0 0.489519 23.0 0.494269 24.0 0.498636 25.0 0.502635 26.0 0.506288 27.0 0.509617 28.0 0.512645 29.0 0.515406 30.0 0.517934
0.598891  0.0 0.207500 1.0 0.235943 2.0 0.261534 3.0 0.284623 4.0 0.305515 5.0 0.324480 6.0 0.341757 7.0 0.357545 8.0 0.372024 9.0 0.385344 10.0 0.397611 11.0 0.408988 12.0 0.419548 13.0 0.429371 14.0 0.438522 15.0 0.447060 16.0 0.455032 17.0 0.462472 18.0 0.469421 19.0 0.475896 20.0 0.481922 21.0 0.487518 22.0 0.492700 23.0 0.497483 24.0 0.501881 25.0 0.505909 26.0 0.509588 27.0 0.512940 28.0 0.515989 29.0 0.518770 30.0 0.521317
0.633424  0.0 0.208852 1.0 0.237477 2.0 0.263232 3.0 0.286470 4.0 0.307496 5.0 0.326584 6.0 0.343973 7.0 0.359864 8.0 0.374438 9.0 0.387847 10.0 0.400194 11.0 0.411646 12.0 0.422277 13.0 0.432167 14.0 0.441380 15.0 0.449976 16.0 0.458002 17.0 0.465493 18.0 0.472489 19.0 0.479009 20.0 0.485077 21.0 0.490712 22.0 0.495931 23.0 0.500748 24.0 0.505176 25.0 0.509233 26.0 0.512939 27.0 0.516315 28.0 0.519386 29.0 0.522188 30.0 0.524754
0.669949  0.0 0.210222 1.0 0.239031 2.0 0.264953 3.0 0.288341 4.0 0.309504 5.0 0.328716 6.0 0.346220 7.0 0.362217 8.0 0.376887 9.0 0.390385 10.0 0.402814 11.0 0.414343 12.0 0.425047 13.0 0.435004 14.0 0.444280 15.0 0.452935 16.0 0.461017 17.0 0.468560 18.0 0.475605 19.0 0.482170 20.0 0.488280 21.0 0.493956 22.0 0.499211 23.0 0.504063 24.0 0.508523 25.0 0.512609 26.0 0.516342 27.0 0.519744 28.0 0.522838 29.0 0.525660 30.0 0.528246
0.708581  0.0 0.211611 1.0 0.240607 2.0 0.266698 3.0 0.290238 4.0 0.311540 5.0 0.330879 6.0 0.348499 7.0 0.364602 8.0 0.379372 9.0 0.392960 10.0 0.405472 11.0 0.417080 12.0 0.427857 13.0 0.437883 14.0 0.447223 15.0 0.455939 16.0 0.464077 17.0 0.471674 18.0 0.478768 19.0 0.485380 20.0 0.491534 21.0 0.497250 22.0 0.502543 23.0 0.507431 24.0 0.511923 25.0 0.516039 26.0 0.519801 27.0 0.523228 28.0 0.526345 29.0 0.529188 30.0 0.531794
0.749439  0.0 0.213018 1.0 0.242204 2.0 0.268466 3.0 0.292162 4.0 0.313605 5.0 0.333073 6.0 0.350811 7.0 0.367023 8.0 0.381892 9.0 0.395573 10.0 0.408169 11.0 0.419858 12.0 0.430709 13.0 0.440806 14.0 0.450212 15.0 0.458989 16.0 0.467185 17.0 0.474836 18.0 0.481981 19.0 0.488640 20.0 0.494838 21.0 0.500597 22.0 0.505928 23.0 0.510852 24.0 0.515378 25.0 0.519525 26.0 0.523316 27.0 0.526769 28.0 0.529911 29.0 0.532775 30.0 0.535401
0.792654  0.0 0.214445 1.0 0.243823 2.0 0.270260 3.0 0.294113 4.0 0.315700 5.0 0.335299 6.0 0.353156 7.0 0.369479 8.0 0.384450 9.0 0.398225 10.0 0.410907 11.0 0.422678 12.0 0.433605 13.0 0.443774 14.0 0.453246 15.0 0.462086 16.0 0.470342 17.0 0.478048 18.0 0.485245 19.0 0.491953 20.0 0.498196 21.0 0.503998 22.0 0.509367 23.0 0.514330 24.0 0.518889 25.0 0.523069 26.0 0.526889 27.0 0.530369 28.0 0.533536 29.0 0.536421 30.0 0.539068
0.838361  0.0 0.215891 1.0 0.245465 2.0 0.272078 3.0 0.296092 4.0 0.317824 5.0 0.337556 6.0 0.355536 7.0 0.371971 8.0 0.387046 9.0 0.400917 10.0 0.413687 11.0 0.425542 12.0 0.436547 13.0 0.446788 14.0 0.456328 15.0 0.465232 16.0 0.473548 17.0 0.481312 18.0 0.488561 19.0 0.495318 20.0 0.501609 21.0 0.507454 22.0 0.512864 23.0 0.517865 24.0 0.522458 25.0 0.526672 26.0 0.530522 27.0 0.534030 28.0 0.537222 29.0 0.540130 30.0 0.542798
0.886703  0.0 0.217358 1.0 0.247131 2.0 0.273923 3.0 0.298099 4.0 0.319979 5.0 0.339847 6.0 0.357951 7.0 0.374500 8.0 0.389681 9.0 0.403650 10.0 0.416508 11.0 0.428449 12.0 0.439534 13.0 0.449849 14.0 0.459458 15.0 0.468428 16.0 0.476806 17.0 0.484629 18.0 0.491931 19.0 0.498739 20.0 0.505077 21.0 0.510968 22.0 0.516421 23.0 0.521459 24.0 0.526088 25.0 0.530337 26.0 0.534217 27.0 0.537753 28.0 0.540971 29.0 0.543904 30.0 0.546592
0.937833  0.0 0.218846 1.0 0.248819 2.0 0.275794 3.0 0.300135 4.0 0.322166 5.0 0.342172 6.0 0.360402 7.0 0.377068 8.0 0.392357 9.0 0.406425 10.0 0.419374 11.0 0.431403 12.0 0.442569 13.0 0.452958 14.0 0.462640 15.0 0.471677 16.0 0.480117 17.0 0.488000 18.0 0.495357 19.0 0.502217 20.0 0.508604 21.0 0.514541 22.0 0.520037 23.0 0.525114 24.0 0.529781 25.0 0.534064 26.0 0.537976 27.0 0.541541 28.0 0.544787 29.0 0.547745 30.0 0.550453
0.991911  0.0 0.220355 1.0 0.250532 2.0 0.277692 3.0 0.302202 4.0 0.324385 5.0 0.344532 6.0 0.362891 7.0 0.379676 8.0 0.395073 9.0 0.409244 10.0 0.422285 11.0 0.434403 12.0 0.445652 13.0 0.456118 14.0 0.465874 15.0 0.474979 16.0 0.483483 17.0 0.491427 18.0 0.498841 19.0 0.505753 20.0 0.512190 21.0 0.518175 22.0 0.523716 23.0 0.528832 24.0 0.533539 25.0 0.537857 26.0 0.541801 27.0 0.545396 28.0 0.548669 29.0 0.551654 30.0 0.554386
1.049107  0.0 0.221886 1.0 0.252271 2.0 0.279618 3.0 0.304300 4.0 0.326638 5.0 0.346927 6.0 0.365417 7.0 0.382323 8.0 0.397833 9.0 0.412108 10.0 0.425242 11.0 0.437452 12.0 0.448786 13.0 0.459330 14.0 0.469162 15.0 0.478337 16.0 0.486905 17.0 0.494912 18.0 0.502383 19.0 0.509350 20.0 0.515838 21.0 0.521872 22.0 0.527459 23.0 0.532616 24.0 0.537364 25.0 0.541717 26.0 0.545694 27.0 0.549320 28.0 0.552622 29.0 0.555633 30.0 0.558391
1.109601  0.0 0.223439 1.0 0.254035 2.0 0.281573 3.0 0.306429 4.0 0.328926 5.0 0.349359 6.0 0.367983 7.0 0.385012 8.0 0.400636 9.0 0.415019 10.0 0.428248 11.0 0.440550 12.0 0.451971 13.0 0.462595 14.0 0.472505 15.0 0.481752 16.0 0.490387 17.0 0.498457 18.0 0.505987 19.0 0.513011 20.0 0.519551 21.0 0.525634 22.0 0.531269 23.0 0.536467 24.0 0.541258 25.0 0.545647 26.0 0.549658 27.0 0.553316 28.0 0.556648 29.0 0.559687 30.0 0.562471
1.173584  0.0 0.225015 1.0 0.255825 2.0 0.283557 3.0 0.308590 4.0 0.331248 5.0 0.351829 6.0 0.370589 7.0 0.387744 8.0 0.403484 9.0 0.417976 10.0 0.431304 11.0 0.443699 12.0 0.455209 13.0 0.465918 14.0 0.475905 15.0 0.485225 16.0 0.493930 17.0 0.502063 18.0 0.509655 19.0 0.516738 20.0 0.523332 21.0 0.529463 22.0 0.535147 23.0 0.540392 24.0 0.545222 25.0 0.549649 26.0 0.553695 27.0 0.557385 28.0 0.560748 29.0 0.563816 30.0 0.566627
1.241256  0.0 0.226614 1.0 0.257641 2.0 0.285572 3.0 0.310784 4.0 0.333606 5.0 0.354337 6.0 0.373236 7.0 0.390519 8.0 0.406378 9.0 0.420982 10.0 0.434410 11.0 0.446901 12.0 0.458501 13.0 0.469297 14.0 0.479363 15.0 0.488759 16.0 0.497535 17.0 0.505733 18.0 0.513390 19.0 0.520532 20.0 0.527182 21.0 0.533365 22.0 0.539097 23.0 0.544389 24.0 0.549261 25.0 0.553726 26.0 0.557809 27.0 0.561534 28.0 0.564926 29.0 0.568023 30.0 0.570863
1.312831  0.0 0.228237 1.0 0.259485 2.0 0.287617 3.0 0.313012 4.0 0.336002 5.0 0.356885 6.0 0.375925 7.0 0.393340 8.0 0.409321 9.0 0.424038 10.0 0.437569 11.0 0.450158 12.0 0.461850 13.0 0.472734 14.0 0.482881 15.0 0.492354 16.0 0.501205 17.0 0.509469 18.0 0.517193 19.0 0.524396 20.0 0.531103 21.0 0.537341 22.0 0.543119 23.0 0.548462 24.0 0.553375 25.0 0.557882 26.0 0.562006 27.0 0.565766 28.0 0.569191 29.0 0.572314 30.0 0.575182
1.388532  0.0 0.229884 1.0 0.261357 2.0 0.289693 3.0 0.315275 4.0 0.338435 5.0 0.359474 6.0 0.378658 7.0 0.396207 8.0 0.412314 9.0 0.427146 10.0 0.440781 11.0 0.453470 12.0 0.465257 13.0 0.476232 14.0 0.486462 15.0 0.496014 16.0 0.504940 17.0 0.513277 18.0 0.521067 19.0 0.528331 20.0 0.535097 21.0 0.541391 22.0 0.547221 23.0 0.552612 24.0 0.557568 25.0 0.562122 26.0 0.566285 27.0 0.570081 28.0 0.573540 29.0 0.576695 30.0 0.579586
1.468599  0.0 0.231556 1.0 0.263258 2.0 0.291802 3.0 0.317573 4.0 0.340907 5.0 0.362106 6.0 0.381439 7.0 0.399124 8.0 0.415357 9.0 0.430306 10.0 0.444049 11.0 0.456842 12.0 0.468727 13.0 0.479792 14.0 0.490107 15.0 0.499741 16.0 0.508744 17.0 0.517156 18.0 0.525012 19.0 0.532340 20.0 0.539166 21.0 0.545519 22.0 0.551405 23.0 0.556843 24.0 0.561850 25.0 0.566446 26.0 0.570648 27.0 0.574481 28.0 0.577976 29.0 0.581165 30.0 0.584087
1.553282  0.0 0.233253 1.0 0.265187 2.0 0.293943 3.0 0.319908 4.0 0.343418 5.0 0.364782 6.0 0.384266 7.0 0.402090 8.0 0.418453 9.0 0.433521 10.0 0.447373 11.0 0.460275 12.0 0.472260 13.0 0.483417 14.0 0.493823 15.0 0.503541 16.0 0.512619 17.0 0.521108 18.0 0.529032 19.0 0.536425 20.0 0.543314 21.0 0.549728 22.0 0.555671 23.0 0.561157 24.0 0.566217 25.0 0.570857 26.0 0.575099 27.0 0.578972 28.0 0.582503 29.0 0.585726 30.0 0.588682
1.642849  0.0 0.234976 1.0 0.267147 2.0 0.296119 3.0 0.322280 4.0 0.345971 5.0 0.367502 6.0 0.387140 7.0 0.405107 8.0 0.421602 9.0 0.436796 10.0 0.450757 11.0 0.463770 12.0 0.475858 13.0 0.487109 14.0 0.497609 15.0 0.507413 16.0 0.516572 17.0 0.525136 18.0 0.533131 19.0 0.540597 20.0 0.547550 21.0 0.554019 22.0 0.560023 23.0 0.565565 24.0 0.570673 25.0 0.575357 26.0 0.579642 27.0 0.583556 28.0 0.587123 29.0 0.590383 30.0 0.593374
1.737580  0.0 0.236728 1.0 0.269139 2.0 0.298329 3.0 0.324693 4.0 0.348568 5.0 0.370269 6.0 0.390063 7.0 0.408176 8.0 0.424807 9.0 0.440130 10.0 0.454206 11.0 0.467329 12.0 0.479521 13.0 0.490874 14.0 0.501466 15.0 0.511358 16.0 0.520603 17.0 0.529242 18.0 0.537317 19.0 0.544851 20.0 0.551871 21.0 0.558405 22.0 0.564462 23.0 0.570065 24.0 0.575221 25.0 0.579955 26.0 0.584290 27.0 0.588246 28.0 0.591852 29.0 0.595144 30.0 0.598167
1.837774  0.0 0.238507 1.0 0.271163 2.0 0.300577 3.0 0.327146 4.0 0.351209 5.0 0.373082 6.0 0.393037 7.0 0.411300 8.0 0.428069 9.0 0.443524 10.0 0.457718 11.0 0.470953 12.0 0.483254 13.0 0.494711 14.0 0.505397 15.0 0.515380 16.0 0.524712 17.0 0.533433 18.0 0.541586 19.0 0.549192 20.0 0.556281 21.0 0.562881 22.0 0.568999 23.0 0.574659 24.0 0.579868 25.0 0.584656 26.0 0.589037 27.0 0.593036 28.0 0.596684 29.0 0.600016 30.0 0.603071
1.943745  0.0 0.240314 1.0 0.273219 2.0 0.302862 3.0 0.329640 4.0 0.353895 5.0 0.375943 6.0 0.396063 7.0 0.414478 8.0 0.431394 9.0 0.446980 10.0 0.461294 11.0 0.474646 12.0 0.487058 13.0 0.498621 14.0 0.509405 15.0 0.519481 16.0 0.528904 17.0 0.537712 18.0 0.545942 19.0 0.553622 20.0 0.560781 21.0 0.567451 22.0 0.573636 23.0 0.579350 24.0 0.584622 25.0 0.589460 26.0 0.593888 27.0 0.597932 28.0 0.601623 29.0 0.604996 30.0 0.608091
2.055827  0.0 0.242151 1.0 0.275309 2.0 0.305185 3.0 0.332175 4.0 0.356627 5.0 0.378856 6.0 0.399146 7.0 0.417719 8.0 0.434779 9.0 0.450500 10.0 0.464938 11.0 0.478415 12.0 0.490941 13.0 0.502608 14.0 0.513499 15.0 0.523673 16.0 0.533182 17.0 0.542079 18.0 0.550388 19.0 0.558149 20.0 0.565383 21.0 0.572119 22.0 0.578373 23.0 0.584152 24.0 0.589480 25.0 0.594370 26.0 0.598849 27.0 0.602943 28.0 0.606677 29.0 0.610090 30.0 0.613227
2.174371  0.0 0.244016 1.0 0.277433 2.0 0.307546 3.0 0.334754 4.0 0.359405 5.0 0.381823 6.0 0.402285 7.0 0.421018 8.0 0.438228 9.0 0.454091 10.0 0.468653 11.0 0.482257 12.0 0.494901 13.0 0.506679 14.0 0.517676 15.0 0.527949 16.0 0.537556 17.0 0.546538 18.0 0.554937 19.0 0.562778 20.0 0.570088 21.0 0.576899 22.0 0.583215 23.0 0.589064 24.0 0.594448 25.0 0.599399 26.0 0.603934 27.0 0.608077 28.0 0.611859 29.0 0.615314 30.0 0.618486
2.299752  0.0 0.245913 1.0 0.279593 2.0 0.309947 3.0 0.337379 4.0 0.362235 5.0 0.384843 6.0 0.405481 7.0 0.424379 8.0 0.441742 9.0 0.457753 10.0 0.472445 11.0 0.486174 12.0 0.498940 13.0 0.510836 14.0 0.521938 15.0 0.532315 16.0 0.542021 17.0 0.551097 18.0 0.559585 19.0 0.567508 20.0 0.574897 21.0 0.581786 22.0 0.588176 23.0 0.594087 24.0 0.599539 25.0 0.604550 26.0 0.609138 27.0 0.613332 28.0 0.617163 29.0 0.620667 30.0 0.623884
2.432362  0.0 0.247842 1.0 0.281790 2.0 0.312392 3.0 0.340051 4.0 0.365117 5.0 0.387917 6.0 0.408736 7.0 0.427803 8.0 0.445326 9.0 0.461486 10.0 0.476312 11.0 0.490170 12.0 0.503061 13.0 0.515078 14.0 0.526291 15.0 0.536776 16.0 0.546583 17.0 0.555760 18.0 0.564335 19.0 0.572344 20.0 0.579816 21.0 0.586784 22.0 0.593253 23.0 0.599233 24.0 0.604753 25.0 0.609822 26.0 0.614468 27.0 0.618719 28.0 0.622600 29.0 0.626149 30.0 0.629416
2.572619  0.0 0.249803 1.0 0.284026 2.0 0.314879 3.0 0.342771 4.0 0.368051 5.0 0.391048 6.0 0.412054 7.0 0.431296 8.0 0.448984 9.0 0.465293 10.0 0.480256 11.0 0.494256 12.0 0.507276 13.0 0.519409 14.0 0.530746 15.0 0.541341 16.0 0.551252 17.0 0.560525 18.0 0.569198 19.0 0.577302 20.0 0.584860 21.0 0.591908 22.0 0.598448 23.0 0.604509 24.0 0.610092 25.0 0.615232 26.0 0.619943 27.0 0.624250 28.0 0.628186 29.0 0.631787 30.0 0.635095
2.720963  0.0 0.251798 1.0 0.286299 2.0 0.317410 3.0 0.345539 4.0 0.371038 5.0 0.394242 6.0 0.415439 7.0 0.434859 8.0 0.452713 9.0 0.469182 10.0 0.484284 11.0 0.498426 12.0 0.511580 13.0 0.523843 14.0 0.535297 15.0 0.546006 16.0 0.556029 17.0 0.565404 18.0 0.574179 19.0 0.582374 20.0 0.590022 21.0 0.597158 22.0 0.603783 23.0 0.609913 24.0 0.615576 25.0 0.620783 26.0 0.625555 27.0 0.629921 28.0 0.633914 29.0 0.637571 30.0 0.640934
2.877861  0.0 0.253825 1.0 0.288611 2.0 0.319985 3.0 0.348358 4.0 0.374083 5.0 0.397497 6.0 0.418890 7.0 0.438493 8.0 0.456517 9.0 0.473153 10.0 0.488401 11.0 0.502684 12.0 0.515975 13.0 0.528374 14.0 0.539948 15.0 0.550779 16.0 0.560914 17.0 0.570404 18.0 0.579276 19.0 0.587571 20.0 0.595313 21.0 0.602535 22.0 0.609251 23.0 0.615465 24.0 0.621202 25.0 0.626476 26.0 0.631322 27.0 0.635755 28.0 0.639808 29.0 0.643518 30.0 0.646929
3.043807  0.0 0.255890 1.0 0.290966 2.0 0.322609 3.0 0.351232 4.0 0.377188 5.0 0.400814 6.0 0.422407 7.0 0.442200 8.0 0.460406 9.0 0.477206 10.0 0.492604 11.0 0.507041 12.0 0.520477 13.0 0.533004 14.0 0.544717 15.0 0.555671 16.0 0.565924 17.0 0.575521 18.0 0.584507 19.0 0.592905 20.0 0.600745 21.0 0.608064 22.0 0.614862 23.0 0.621164 24.0 0.626979 25.0 0.632337 26.0 0.637249 27.0 0.641748 28.0 0.645865 29.0 0.649638 30.0 0.653111
3.219321  0.0 0.257991 1.0 0.293364 2.0 0.325283 3.0 0.354159 4.0 0.380351 5.0 0.404198 6.0 0.426001 7.0 0.445989 8.0 0.464377 9.0 0.481350 10.0 0.496902 11.0 0.511496 12.0 0.525080 13.0 0.537753 14.0 0.549596 15.0 0.560678 16.0 0.571056 17.0 0.580774 18.0 0.589870 19.0 0.598371 20.0 0.606313 21.0 0.613734 22.0 0.620632 23.0 0.627019 24.0 0.632923 25.0 0.638353 26.0 0.643346 27.0 0.647919 28.0 0.652103 29.0 0.655938 30.0 0.659466
3.404956  0.0 0.260129 1.0 0.295805 2.0 0.328005 3.0 0.357142 4.0 0.383575 5.0 0.407653 6.0 0.429668 7.0 0.449856 8.0 0.468431 9.0 0.485588 10.0 0.501300 11.0 0.516050 12.0 0.529789 13.0 0.542612 14.0 0.554595 15.0 0.565814 16.0 0.576317 17.0 0.586160 18.0 0.595373 19.0 0.603993 20.0 0.612044 21.0 0.619566 22.0 0.626557 23.0 0.633045 24.0 0.639034 25.0 0.644558 26.0 0.649627 27.0 0.654274 28.0 0.658531 29.0 0.662436 30.0 0.666035
3.601296  0.0 0.262305 1.0 0.298290 2.0 0.330778 3.0 0.360185 4.0 0.386869 5.0 0.411177 6.0 0.433411 7.0 0.453806 8.0 0.472582 9.0 0.489919 10.0 0.505796 11.0 0.520720 12.0 0.534619 13.0 0.547591 14.0 0.559724 15.0 0.571081 16.0 0.581723 17.0 0.591691 18.0 0.601030 19.0 0.609764 20.0 0.617926 21.0 0.625561 22.0 0.632663 23.0 0.639245 24.0 0.645334 25.0 0.650938 26.0 0.656099 27.0 0.660830 28.0 0.665164 29.0 0.669140 30.0 0.672804
3.808956  0.0 0.264523 1.0 0.300825 2.0 0.333607 3.0 0.363289 4.0 0.390229 5.0 0.414775 6.0 0.437239 7.0 0.457848 8.0 0.476824 9.0 0.494356 10.0 0.510403 11.0 0.525499 12.0 0.539563 13.0 0.552699 14.0 0.564980 15.0 0.576486 16.0 0.587266 17.0 0.597375 18.0 0.606840 19.0 0.615704 20.0 0.623988 21.0 0.631737 22.0 0.638944 23.0 0.645637 24.0 0.651824 25.0 0.657534 26.0 0.662779 27.0 0.667592 28.0 0.672008 29.0 0.676065 30.0 0.679809
4.028591  0.0 0.266781 1.0 0.303406 2.0 0.336491 3.0 0.366453 4.0 0.393655 5.0 0.418454 6.0 0.441149 7.0 0.461978 8.0 0.481164 9.0 0.498897 10.0 0.515120 11.0 0.530399 12.0 0.544639 13.0 0.557936 14.0 0.570384 15.0 0.582042 16.0 0.592973 17.0 0.603218 18.0 0.612825 19.0 0.621814 20.0 0.630222 21.0 0.638096 22.0 0.645428 23.0 0.652231 24.0 0.658525 25.0 0.664333 26.0 0.669682 27.0 0.674591 28.0 0.679095 29.0 0.683235 30.0 0.687056
4.260891  0.0 0.269080 1.0 0.306035 2.0 0.339430 3.0 0.369685 4.0 0.397160 5.0 0.422209 6.0 0.445145 7.0 0.466206 8.0 0.485611 9.0 0.503548 10.0 0.519955 11.0 0.535424 12.0 0.549844 13.0 0.563320 14.0 0.575927 15.0 0.587750 16.0 0.598834 17.0 0.609235 18.0 0.618983 19.0 0.628117 20.0 0.636660 21.0 0.644663 22.0 0.652116 23.0 0.659036 24.0 0.665451 25.0 0.671368 26.0 0.676813 27.0 0.681825 28.0 0.686425 29.0 0.690654 30.0 0.694559
4.506586  0.0 0.271425 1.0 0.308720 2.0 0.342433 3.0 0.372984 4.0 0.400737 5.0 0.426050 6.0 0.449238 7.0 0.470534 8.0 0.490160 9.0 0.508318 10.0 0.524915 11.0 0.540579 12.0 0.555191 13.0 0.568846 14.0 0.581638 15.0 0.593627 16.0 0.604877 17.0 0.615433 18.0 0.625334 19.0 0.634609 20.0 0.643296 21.0 0.651437 22.0 0.659024 23.0 0.666081 24.0 0.672609 25.0 0.678651 26.0 0.684212 27.0 0.689324 28.0 0.694024 29.0 0.698353 30.0 0.702358
4.766448  0.0 0.273814 1.0 0.311455 2.0 0.345494 3.0 0.376352 4.0 0.404393 5.0 0.429978 6.0 0.453422 7.0 0.474965 8.0 0.494831 9.0 0.513208 10.0 0.530002 11.0 0.545876 12.0 0.560684 13.0 0.574535 14.0 0.587505 15.0 0.599677 16.0 0.611099 17.0 0.621820 18.0 0.631888 19.0 0.641322 20.0 0.650157 21.0 0.658448 22.0 0.666180 23.0 0.673367 24.0 0.680032 25.0 0.686194 26.0 0.691881 27.0 0.697112 28.0 0.701924 29.0 0.706358 30.0 0.710463
5.041295  0.0 0.276249 1.0 0.314246 2.0 0.348620 3.0 0.379796 4.0 0.408132 5.0 0.433996 6.0 0.457712 7.0 0.479509 8.0 0.499613 9.0 0.518230 10.0 0.535231 11.0 0.551318 12.0 0.566337 13.0 0.580386 14.0 0.593556 15.0 0.605911 16.0 0.617518 17.0 0.628422 18.0 0.638651 19.0 0.648258 20.0 0.657257 21.0 0.665705 22.0 0.673587 23.0 0.680918 24.0 0.687733 25.0 0.694026 26.0 0.699843 27.0 0.705202 28.0 0.710135 29.0 0.714685 30.0 0.718899
5.331990  0.0 0.278734 1.0 0.317096 2.0 0.351814 3.0 0.383312 4.0 0.411954 5.0 0.438112 6.0 0.462102 7.0 0.484164 8.0 0.504528 9.0 0.523384 10.0 0.540600 11.0 0.556915 12.0 0.572149 13.0 0.586415 14.0 0.599791 15.0 0.612350 16.0 0.624150 17.0 0.635237 18.0 0.645657 19.0 0.655431 20.0 0.664605 21.0 0.673224 22.0 0.681268 23.0 0.688767 24.0 0.695729 25.0 0.702175 26.0 0.708126 27.0 0.713624 28.0 0.718689 29.0 0.723364 30.0 0.727698
5.639448  0.0 0.281267 1.0 0.320002 2.0 0.355074 3.0 0.386911 4.0 0.415870 5.0 0.442324 6.0 0.466606 7.0 0.488945 8.0 0.509568 9.0 0.528685 10.0 0.546125 11.0 0.562679 12.0 0.578147 13.0 0.592635 14.0 0.606222 15.0 0.618995 16.0 0.631000 17.0 0.642289 18.0 0.652908 19.0 0.662875 20.0 0.672226 21.0 0.681027 22.0 0.689256 23.0 0.696927 24.0 0.704049 25.0 0.710660 26.0 0.716764 27.0 0.722407 28.0 0.727616 29.0 0.732429 30.0 0.736896
5.964634  0.0 0.283854 1.0 0.322972 2.0 0.358410 3.0 0.390590 4.0 0.419874 5.0 0.446645 6.0 0.471222 7.0 0.493849 8.0 0.514755 9.0 0.534136 10.0 0.551812 11.0 0.568611 12.0 0.584327 13.0 0.599048 14.0 0.612875 15.0 0.625867 16.0 0.638093 17.0 0.649602 18.0 0.660425 19.0 0.670600 20.0 0.680152 21.0 0.689150 22.0 0.697569 23.0 0.705424 24.0 0.712723 25.0 0.719512 26.0 0.725785 27.0 0.731587 28.0 0.736954 29.0 0.741918 30.0 0.746532
6.308571  0.0 0.286493 1.0 0.326005 2.0 0.361816 3.0 0.394356 4.0 0.423981 5.0 0.451070 6.0 0.475965 7.0 0.498890 8.0 0.520084 9.0 0.539744 10.0 0.557665 11.0 0.574738 12.0 0.590703 13.0 0.605681 14.0 0.619753 15.0 0.632989 16.0 0.645450 17.0 0.657186 18.0 0.668229 19.0 0.678628 20.0 0.688397 21.0 0.697609 22.0 0.706235 23.0 0.714290 24.0 0.721785 25.0 0.728766 26.0 0.735223 27.0 0.741204 28.0 0.746742 29.0 0.751873 30.0 0.756649
6.672341  0.0 0.289188 1.0 0.329104 2.0 0.365305 3.0 0.398211 4.0 0.428184 5.0 0.455614 6.0 0.480829 7.0 0.504073 8.0 0.525569 9.0 0.545529 10.0 0.563709 11.0 0.581058 12.0 0.597301 13.0 0.612545 14.0 0.626873 15.0 0.640369 16.0 0.653083 17.0 0.665065 18.0 0.676351 19.0 0.686987 20.0 0.696990 21.0 0.706433 22.0 0.715286 23.0 0.723562 24.0 0.731272 25.0 0.738461 26.0 0.745118 27.0 0.751300 28.0 0.757027 29.0 0.762341 30.0 0.767296
7.057087  0.0 0.291941 1.0 0.332273 2.0 0.368870 3.0 0.402161 4.0 0.432500 5.0 0.460277 6.0 0.485835 7.0 0.509400 8.0 0.531222 9.0 0.551491 10.0 0.569945 11.0 0.587586 12.0 0.604123 13.0 0.619651 14.0 0.634257 15.0 0.648030 16.0 0.661016 17.0 0.673263 18.0 0.684815 19.0 0.695706 20.0 0.705963 21.0 0.715659 22.0 0.724759 23.0 0.733278 24.0 0.741226 25.0 0.748640 26.0 0.755522 27.0 0.761922 28.0 0.767857 29.0 0.773373 30.0 0.778525
7.464018  0.0 0.294753 1.0 0.335513 2.0 0.372524 3.0 0.406207 4.0 0.436924 5.0 0.465066 6.0 0.490980 7.0 0.514894 8.0 0.537046 9.0 0.557641 10.0 0.576385 11.0 0.594343 12.0 0.611188 13.0 0.627021 14.0 0.641932 15.0 0.655997 16.0 0.669276 17.0 0.681812 18.0 0.693649 19.0 0.704820 20.0 0.715352 21.0 0.725324 22.0 0.734695 23.0 0.743481 24.0 0.751693 25.0 0.759352 26.0 0.766491 27.0 0.773125 28.0 0.779287 29.0 0.785028 30.0 0.790404
7.894415  0.0 0.297627 1.0 0.338827 2.0 0.376261 3.0 0.410359 4.0 0.441468 5.0 0.469992 6.0 0.496273 7.0 0.520552 8.0 0.543058 9.0 0.564006 10.0 0.583048 11.0 0.601346 12.0 0.618516 13.0 0.634676 14.0 0.649915 15.0 0.664297 16.0 0.677893 17.0 0.690743 18.0 0.702888 19.0 0.714366 20.0 0.725198 21.0 0.735471 22.0 0.745139 23.0 0.754220 24.0 0.762725 25.0 0.770664 26.0 0.778077 27.0 0.784967 28.0 0.791403 29.0 0.797403 30.0 0.803025
8.349629  0.0 0.300565 1.0 0.342220 2.0 0.380096 3.0 0.414615 4.0 0.446136 5.0 0.475055 6.0 0.501731 7.0 0.526386 8.0 0.549272 9.0 0.570588 10.0 0.589954 11.0 0.608609 12.0 0.626131 13.0 0.642641 14.0 0.658231 15.0 0.672959 16.0 0.686900 17.0 0.700091 18.0 0.712570 19.0 0.724387 20.0 0.735545 21.0 0.746159 22.0 0.756161 23.0 0.765560 24.0 0.774379 25.0 0.782642 26.0 0.790347 27.0 0.797554 28.0 0.804269 29.0 0.810543 30.0 0.816446
8.831092  0.0 0.303571 1.0 0.345692 2.0 0.384024 3.0 0.418988 4.0 0.450932 5.0 0.480268 6.0 0.507356 7.0 0.532414 8.0 0.555696 9.0 0.577404 10.0 0.597114 11.0 0.616152 12.0 0.634056 13.0 0.650944 14.0 0.666912 15.0 0.682018 16.0 0.696333 17.0 0.709898 18.0 0.722752 19.0 0.734928 20.0 0.746460 21.0 0.757445 22.0 0.767811 23.0 0.777574 24.0 0.786748 25.0 0.795344 26.0 0.803409 27.0 0.810933 28.0 0.817987 29.0 0.824587 30.0 0.830795
9.340317  0.0 0.306647 1.0 0.349251 2.0 0.388054 3.0 0.423478 4.0 0.455869 5.0 0.485643 6.0 0.513157 7.0 0.538646 8.0 0.562347 9.0 0.584474 10.0 0.604550 11.0 0.623999 12.0 0.642315 13.0 0.659615 14.0 0.675990 15.0 0.691511 16.0 0.706233 17.0 0.720208 18.0 0.733474 19.0 0.746052 20.0 0.757994 21.0 0.769380 22.0 0.780152 23.0 0.790318 24.0 0.799891 25.0 0.808894 26.0 0.817333 27.0 0.825241 28.0 0.832652 29.0 0.839619 30.0 0.846184
9.878906  0.0 0.309793 1.0 0.352895 2.0 0.392191 3.0 0.428091 4.0 0.460952 5.0 0.491182 6.0 0.519152 7.0 0.545094 8.0 0.569241 9.0 0.591816 10.0 0.612284 11.0 0.632178 12.0 0.650937 13.0 0.668688 14.0 0.685504 15.0 0.701479 16.0 0.716646 17.0 0.731069 18.0 0.744789 19.0 0.757830 20.0 0.770209 21.0 0.782070 22.0 0.793298 23.0 0.803915 24.0 0.813936 25.0 0.823373 26.0 0.832236 27.0 0.840579 28.0 0.848400 29.0 0.855781 30.0 0.862748
10.448551  0.0 0.313018 1.0 0.356635 2.0 0.396437 3.0 0.432840 4.0 0.466186 5.0 0.496898 6.0 0.525354 7.0 0.551773 8.0 0.576399 9.0 0.599456 10.0 0.620343 11.0 0.640718 12.0 0.659963 13.0 0.678201 14.0 0.695510 15.0 0.711968 16.0 0.727641 17.0 0.742569 18.0 0.756787 19.0 0.770318 20.0 0.783216 21.0 0.795576 22.0 0.807325 23.0 0.818453 24.0 0.828976 25.0 0.838908 26.0 0.848262 27.0 0.857089 28.0 0.865388 29.0 0.873232 30.0 0.880652
11.051044  0.0 0.316319 1.0 0.360470 2.0 0.400801 3.0 0.437728 4.0 0.471582 5.0 0.502804 6.0 0.531774 7.0 0.558702 8.0 0.583842 9.0 0.607416 10.0 0.628754 11.0 0.649650 12.0 0.669427 13.0 0.688195 14.0 0.706046 15.0 0.723050 16.0 0.739271 17.0 0.754748 18.0 0.769525 19.0 0.783631 20.0 0.797090 21.0 0.810029 22.0 0.822353 23.0 0.834059 24.0 0.845154 25.0 0.855653 26.0 0.865570 27.0 0.874937 28.0 0.883789 29.0 0.892154 30.0 0.900109
11.688278  0.0 0.319704 1.0 0.364405 2.0 0.405290 3.0 0.442760 4.0 0.477157 5.0 0.508916 6.0 0.538428 7.0 0.565902 8.0 0.591594 9.0 0.615727 10.0 0.637548 11.0 0.659011 12.0 0.679371 13.0 0.698718 14.0 0.717162 15.0 0.734780 16.0 0.751615 17.0 0.767721 18.0 0.783126 19.0 0.797859 20.0 0.811951 21.0 0.825549 22.0 0.838527 23.0 0.850887 24.0 0.862632 25.0 0.873778 26.0 0.884339 27.0 0.894334 28.0 0.903800 29.0 0.912791 30.0 0.921343
12.362256  0.0 0.323174 1.0 0.368448 2.0 0.409906 3.0 0.447948 4.0 0.482915 5.0 0.515243 6.0 0.545334 7.0 0.573394 8.0 0.599680 9.0 0.624418 10.0 0.646761 11.0 0.668855 12.0 0.689839 13.0 0.709851 14.0 0.728958 15.0 0.747243 16.0 0.764755 17.0 0.781564 18.0 0.797678 19.0 0.813125 20.0 0.827940 21.0 0.842278 22.0 0.856010 23.0 0.869111 24.0 0.881594 25.0 0.893485 26.0 0.904778 27.0 0.915508 28.0 0.925703 29.0 0.935393 30.0 0.944656
13.075099  0.0 0.326733 1.0 0.372603 2.0 0.414657 3.0 0.453304 4.0 0.488870 5.0 0.521803 6.0 0.552512 7.0 0.581202 8.0 0.608132 9.0 0.633524 10.0 0.656451 11.0 0.679226 12.0 0.700918 13.0 0.721632 14.0 0.741481 15.0 0.760519 16.0 0.778815 17.0 0.796403 18.0 0.813320 19.0 0.829579 20.0 0.845219 21.0 0.860412 22.0 0.874989 23.0 0.888957 24.0 0.902309 25.0 0.915048 26.0 0.927192 27.0 0.938764 28.0 0.949792 29.0 0.960312 30.0 0.970388
13.829045  0.0 0.330388 1.0 0.376874 2.0 0.419555 3.0 0.458836 4.0 0.495035 5.0 0.528612 6.0 0.559984 7.0 0.589353 8.0 0.616980 9.0 0.643090 10.0 0.666648 11.0 0.690172 12.0 0.712641 13.0 0.734175 14.0 0.754839 15.0 0.774728 16.0 0.793900 17.0 0.812383 18.0 0.830207 19.0 0.847389 20.0 0.863973 21.0 0.880151 22.0 0.895722 23.0 0.910667 24.0 0.925024 25.0 0.938758 26.0 0.951890 27.0 0.964444 28.0 0.976452 29.0 0.987954 30.0 0.999005
14.626467  0.0 0.334141 1.0 0.381267 2.0 0.424607 3.0 0.464554 4.0 0.501426 5.0 0.535689 6.0 0.567774 7.0 0.597878 8.0 0.626261 9.0 0.653172 10.0 0.677413 11.0 0.701784 12.0 0.725124 13.0 0.747551 14.0 0.769149 15.0 0.789997 16.0 0.810157 17.0 0.829665 18.0 0.848526 19.0 0.866787 20.0 0.884460 21.0 0.901767 22.0 0.918479 23.0 0.934582 24.0 0.950101 25.0 0.964991 26.0 0.979304 27.0 0.993025 28.0 1.006189 29.0 1.018842 30.0 1.031045
15.469869  0.0 0.337997 1.0 0.385792 2.0 0.429821 3.0 0.470472 4.0 0.508059 5.0 0.543057 6.0 0.575910 7.0 0.606815 8.0 0.636040 9.0 0.663806 10.0 0.688819 11.0 0.714124 12.0 0.738440 13.0 0.761881 14.0 0.784533 15.0 0.806486 16.0 0.827778 17.0 0.848443 18.0 0.868524 19.0 0.888006 20.0 0.906948 21.0 0.925574 22.0 0.943628 23.0 0.961097 24.0 0.977966 25.0 0.994254 26.0 1.009931 27.0 1.025047 28.0 1.039601 29.0 1.053646 30.0 1.067249
16.361905  0.0 0.341961 1.0 0.390455 2.0 0.435207 3.0 0.476604 4.0 0.514952 5.0 0.550741 6.0 0.584434 7.0 0.616211 8.0 0.646343 9.0 0.675084 10.0 0.700938 11.0 0.727286 12.0 0.752706 13.0 0.777299 14.0 0.801159 15.0 0.824368 16.0 0.846962 17.0 0.868987 18.0 0.890462 19.0 0.911381 20.0 0.931801 21.0 0.951968 22.0 0.971603 23.0 0.990681 24.0 1.009186 25.0 1.027125 26.0 1.044475 27.0 1.061258 28.0 1.077498 29.0 1.093257 30.0 1.108582
17.305378  0.0 0.346039 1.0 0.395263 2.0 0.440776 3.0 0.482964 4.0 0.522127 5.0 0.558774 6.0 0.593371 7.0 0.626097 8.0 0.657252 9.0 0.687062 10.0 0.713858 11.0 0.741390 12.0 0.768057 13.0 0.793964 14.0 0.819213 15.0 0.843865 16.0 0.867980 17.0 0.891579 18.0 0.914687 19.0 0.937305 20.0 0.959457 21.0 0.981480 22.0 1.002989 23.0 1.024006 24.0 1.044482 25.0 1.064411 26.0 1.083786 27.0 1.102647 28.0 1.120987 29.0 1.138871 30.0 1.156358
18.303255  0.0 0.350238 1.0 0.400224 2.0 0.446540 3.0 0.489570 4.0 0.529605 5.0 0.567179 6.0 0.602762 7.0 0.636552 8.0 0.668821 9.0 0.699833 10.0 0.727691 11.0 0.756569 12.0 0.784651 13.0 0.812079 14.0 0.838925 15.0 0.865259 16.0 0.891147 17.0 0.916592 18.0 0.941637 19.0 0.966260 20.0 0.990497 21.0 1.014728 22.0 1.038536 23.0 1.061884 24.0 1.084772 25.0 1.107182 26.0 1.129104 27.0 1.150552 28.0 1.171552 29.0 1.192178 30.0 1.212496
19.358672  0.0 0.354564 1.0 0.405349 2.0 0.452514 3.0 0.496439 4.0 0.537423 5.0 0.575990 6.0 0.612670 7.0 0.647619 8.0 0.681141 9.0 0.713511 10.0 0.742568 11.0 0.772978 12.0 0.802709 13.0 0.831869 14.0 0.860587 15.0 0.888903 16.0 0.916866 17.0 0.944525 18.0 0.971863 19.0 0.998903 20.0 1.025668 21.0 1.052588 22.0 1.079193 23.0 1.105451 24.0 1.131367 25.0 1.156898 26.0 1.182074 27.0 1.206889 28.0 1.231391 29.0 1.255649 30.0 1.279762
20.474947  0.0 0.359024 1.0 0.410646 2.0 0.458711 3.0 0.503602 4.0 0.545600 5.0 0.585267 6.0 0.623136 7.0 0.659379 8.0 0.694316 9.0 0.728224 10.0 0.758638 11.0 0.790809 12.0 0.822443 13.0 0.853651 14.0 0.884562 15.0 0.915211 16.0 0.945665 17.0 0.975958 18.0 1.006094 19.0 1.036052 20.0 1.065928 21.0 1.096188 22.0 1.126303 23.0 1.156269 24.0 1.186059 25.0 1.215689 26.0 1.245160 27.0 1.274494 28.0 1.303783 29.0 1.333089 30.0 1.362580
21.655589  0.0 0.363624 1.0 0.416128 2.0 0.465148 3.0 0.511074 4.0 0.554168 5.0 0.595033 6.0 0.634231 7.0 0.671933 8.0 0.708465 9.0 0.744119 10.0 0.776094 11.0 0.810308 12.0 0.844171 13.0 0.877797 14.0 0.911291 15.0 0.944747 16.0 0.978200 17.0 1.011705 18.0 1.045260 19.0 1.078875 20.0 1.112621 21.0 1.147142 22.0 1.181808 23.0 1.216601 24.0 1.251577 25.0 1.286732 26.0 1.322123 27.0 1.357834 28.0 1.393993 29.0 1.430754 30.0 1.465381
22.904311  0.0 0.368374 1.0 0.421807 2.0 0.471846 3.0 0.518881 4.0 0.563183 5.0 0.605367 6.0 0.646042 7.0 0.685374 8.0 0.723730 9.0 0.761392 10.0 0.795162 11.0 0.831774 12.0 0.868265 13.0 0.904747 14.0 0.941376 15.0 0.978218 16.0 1.015348 17.0 1.052827 18.0 1.090656 19.0 1.128914 20.0 1.167683 21.0 1.207766 22.0 1.248473 23.0 1.289868 24.0 1.332032 25.0 1.375076 26.0 1.419149 27.0 1.451736 28.0 1.479819 29.0 1.506897 30.0 1.533076
24.225038  0.0 0.373283 1.0 0.427696 2.0 0.478827 3.0 0.527062 4.0 0.572672 5.0 0.616322 6.0 0.658652 7.0 0.699845 8.0 0.740269 9.0 0.780267 10.0 0.816146 11.0 0.855594 12.0 0.895204 13.0 0.935146 14.0 0.975576 15.0 1.016590 16.0 1.058312 17.0 1.100807 18.0 1.144160 19.0 1.188454 20.0 1.233898 21.0 1.281574 22.0 1.330753 23.0 1.381616 24.0 1.420158 25.0 1.453775 26.0 1.486176 27.0 1.517370 28.0 1.547385 29.0 1.576287 30.0 1.604186
25.621921  0.0 0.378359 1.0 0.433811 2.0 0.486109 3.0 0.535648 4.0 0.582700 5.0 0.627975 6.0 0.672169 7.0 0.715487 8.0 0.758322 9.0 0.801047 10.0 0.839408 11.0 0.882215 12.0 0.925611 13.0 0.969778 14.0 1.014910 15.0 1.061180 16.0 1.108745 17.0 1.157765 18.0 1.208424 19.0 1.260949 20.0 1.315705 21.0 1.368046 22.0 1.407658 23.0 1.446070 24.0 1.483215 25.0 1.519042 26.0 1.553521 27.0 1.586654 28.0 1.618470 29.0 1.649042 30.0 1.678484
27.099352  0.0 0.383615 1.0 0.440172 2.0 0.493719 3.0 0.544681 4.0 0.593327 5.0 0.640421 6.0 0.686742 7.0 0.732493 8.0 0.778135 9.0 0.824092 10.0 0.865389 11.0 0.912288 12.0 0.960308 13.0 1.009720 14.0 1.060814 15.0 1.113833 16.0 1.169083 17.0 1.226902 18.0 1.287692 19.0 1.340187 20.0 1.383959 21.0 1.427373 22.0 1.469531 23.0 1.510340 24.0 1.549724 25.0 1.587624 26.0 1.624010 27.0 1.658882 28.0 1.693376 29.0 1.730142 30.0 1.765729
28.661977  0.0 0.389065 1.0 0.446793 2.0 0.501694 3.0 0.554204 4.0 0.604623 5.0 0.653767 6.0 0.702514 7.0 0.751097 8.0 0.800040 9.0 0.849861 10.0 0.894720 11.0 0.946611 12.0 1.000420 13.0 1.056498 14.0 1.115310 15.0 1.177297 16.0 1.243061 17.0 1.301202 18.0 1.349906 19.0 1.397515 20.0 1.444007 21.0 1.490020 22.0 1.534597 23.0 1.577633 24.0 1.619045 25.0 1.660371 26.0 1.703790 27.0 1.745639 28.0 1.785896 29.0 1.824606 30.0 1.861862
30.314706  0.0 0.394718 1.0 0.453692 2.0 0.510060 3.0 0.564282 4.0 0.616674 5.0 0.668140 6.0 0.719700 7.0 0.771604 8.0 0.824491 9.0 0.878972 10.0 0.928175 11.0 0.986341 12.0 1.047499 13.0 1.112279 14.0 1.181443 15.0 1.249317 16.0 1.303117 17.0 1.355919 18.0 1.407582 19.0 1.457962 20.0 1.507034 21.0 1.555454 22.0 1.602369 23.0 1.652614 24.0 1.701893 25.0 1.749405 26.0 1.795048 27.0 1.838766 28.0 1.880532 29.0 1.920422 30.0 1.954340
32.062737  0.0 0.400589 1.0 0.460906 2.0 0.518861 3.0 0.574975 4.0 0.629582 5.0 0.683723 6.0 0.738537 7.0 0.794372 8.0 0.852014 9.0 0.912232 10.0 0.966881 11.0 1.033020 12.0 1.103819 13.0 1.180369 14.0 1.242658 15.0 1.300723 16.0 1.357758 17.0 1.413596 18.0 1.468069 19.0 1.521018 20.0 1.573586 21.0 1.630602 22.0 1.686045 23.0 1.739629 24.0 1.791167 25.0 1.840503 26.0 1.887547 27.0 1.924654 28.0 1.952717 29.0 1.979096 30.0 nan
33.911564  0.0 0.406694 1.0 0.468444 2.0 0.528144 3.0 0.586356 4.0 0.643477 5.0 0.700691 6.0 0.759337 7.0 0.819902 8.0 0.883359 9.0 0.950753 10.0 1.012332 11.0 1.088942 12.0 1.167716 13.0 1.231060 14.0 1.293548 15.0 1.354962 16.0 1.415099 17.0 1.473765 18.0 1.532227 19.0 1.594336 20.0 1.654995 21.0 1.714938 22.0 1.772729 23.0 1.828152 24.0 1.876488 25.0 1.910540 26.0 1.942430 27.0 1.972311 28.0 nan 29.0 nan 30.0 nan
35.866999  0.0 0.413057 1.0 0.476355 2.0 0.537958 3.0 0.598516 4.0 0.658509 5.0 0.719302 6.0 0.782519 7.0 0.848817 8.0 0.919522 9.0 0.996086 10.0 1.066757 11.0 1.146111 12.0 1.214037 13.0 1.281111 14.0 1.347063 15.0 1.411642 16.0 1.474994 17.0 1.543224 18.0 1.610238 19.0 1.675416 20.0 1.738580 21.0 1.800452 22.0 1.847759 23.0 1.886386 24.0 1.922644 25.0 1.956606 26.0 1.988402 27.0 nan 28.0 nan 29.0 nan 30.0 nan
37.935191  0.0 0.419688 1.0 0.484660 2.0 0.548367 3.0 0.611577 4.0 0.674865 5.0 0.739862 6.0 0.808586 7.0 0.881980 8.0 0.961898 9.0 1.050533 10.0 1.118447 11.0 1.191095 12.0 1.262926 13.0 1.333591 14.0 1.402777 15.0 1.474890 16.0 1.548547 17.0 1.620489 18.0 1.690300 19.0 1.757600 20.0 1.807769 21.0 1.851342 22.0 1.892342 23.0 1.930886 24.0 1.967013 25.0 nan 26.0 nan 27.0 nan 28.0 nan 29.0 nan 30.0 nan
40.122640  0.0 0.426621 1.0 0.493401 2.0 0.559444 3.0 0.625653 4.0 0.692774 5.0 0.762791 6.0 0.838238 7.0 0.920587 8.0 1.012510 9.0 1.094096 10.0 1.161744 11.0 1.238497 12.0 1.314069 13.0 1.388547 14.0 1.468714 15.0 1.547635 16.0 1.624554 17.0 1.698974 18.0 1.757146 19.0 1.805285 20.0 1.850837 21.0 1.894309 22.0 1.935218 23.0 1.973572 24.0 nan 25.0 nan 26.0 nan 27.0 nan 28.0 nan 29.0 nan 30.0 nan
42.436223  0.0 0.433870 1.0 0.502633 2.0 0.571273 3.0 0.640922 4.0 0.712525 5.0 0.788600 6.0 0.872432 7.0 0.966311 8.0 1.053582 9.0 1.135998 10.0 1.207326 11.0 1.288003 12.0 1.369654 13.0 1.455633 14.0 1.539956 15.0 1.621947 16.0 1.693754 17.0 1.747661 18.0 1.798619 19.0 1.846754 20.0 1.892196 21.0 1.935522 22.0 1.976148 23.0 nan 24.0 nan 25.0 nan 26.0 nan 27.0 nan 28.0 nan 29.0 nan 30.0 nan
44.883214  0.0 0.441474 1.0 0.512402 2.0 0.583962 3.0 0.657573 4.0 0.734521 5.0 0.818005 6.0 0.912482 7.0 1.006149 8.0 1.093099 9.0 1.180019 10.0 1.254894 11.0 1.343311 12.0 1.435087 13.0 1.525016 14.0 1.612241 15.0 1.676616 16.0 1.733708 17.0 1.787633 18.0 1.838563 19.0 1.886545 20.0 1.931733 21.0 1.974747 22.0 nan 23.0 nan 24.0 nan 25.0 nan 26.0 nan 27.0 nan 28.0 nan 29.0 nan 30.0 nan
47.471306  0.0 0.449462 1.0 0.522773 2.0 0.597640 3.0 0.675861 4.0 0.759230 5.0 0.851966 6.0 0.951669 7.0 1.042902 8.0 1.134638 9.0 1.225853 10.0 1.308739 11.0 1.406517 12.0 1.502295 13.0 1.590583 14.0 1.654646 15.0 1.715137 16.0 1.772207 17.0 1.826037 18.0 1.876730 19.0 1.924437 20.0 1.969261 21.0 nan 22.0 nan 23.0 nan 24.0 nan 25.0 nan 26.0 nan 27.0 nan 28.0 nan 29.0 nan 30.0 nan
50.208634  0.0 0.457870 1.0 0.533827 2.0 0.612459 3.0 0.696118 4.0 0.787332 5.0 0.890243 6.0 0.985270 7.0 1.081593 8.0 1.177933 9.0 1.279775 10.0 1.369356 11.0 1.471290 12.0 1.559511 13.0 1.627617 14.0 1.691774 15.0 1.752185 16.0 1.809088 17.0 1.862670 18.0 1.913010 19.0 1.960290 20.0 nan 21.0 nan 22.0 nan 23.0 nan 24.0 nan 25.0 nan 26.0 nan 27.0 nan 28.0 nan 29.0 nan 30.0 nan
53.103804  0.0 0.466745 1.0 0.545646 2.0 0.628608 3.0 0.718752 4.0 0.819718 5.0 0.920296 6.0 1.020713 7.0 1.121999 8.0 1.228057 9.0 1.338027 10.0 1.431448 11.0 1.522672 12.0 1.595199 13.0 1.663343 14.0 1.727415 15.0 1.787626 16.0 1.844209 17.0 1.897372 18.0 1.947251 19.0 1.992911 20.0 nan 21.0 nan 22.0 nan 23.0 nan 24.0 nan 25.0 nan 26.0 nan 27.0 nan 28.0 nan 29.0 nan 30.0 nan
56.165917  0.0 0.476137 1.0 0.558335 2.0 0.646326 3.0 0.744320 4.0 0.849715 5.0 0.952074 6.0 1.057837 7.0 1.167204 8.0 1.283002 9.0 1.397483 10.0 1.479613 11.0 1.557033 12.0 1.629609 13.0 1.697651 14.0 1.761466 15.0 1.821309 16.0 1.877448 17.0 1.929370 18.0 1.976062 19.0 nan 20.0 nan 21.0 nan 22.0 nan 23.0 nan 24.0 nan 25.0 nan 26.0 nan 27.0 nan 28.0 nan 29.0 nan 30.0 nan
59.404601  0.0 0.486104 1.0 0.572029 2.0 0.665935 3.0 0.773286 4.0 0.877535 5.0 0.985482 6.0 1.097161 7.0 1.218385 8.0 1.339275 9.0 1.438133 10.0 1.512686 11.0 1.590172 12.0 1.662624 13.0 1.730383 14.0 1.793804 15.0 1.853059 16.0 1.906514 17.0 1.955366 18.0 nan 19.0 nan 20.0 nan 21.0 nan 22.0 nan 23.0 nan 24.0 nan 25.0 nan 26.0 nan 27.0 nan 28.0 nan 29.0 nan 30.0 nan
62.830036  0.0 0.496716 1.0 0.586891 2.0 0.687821 3.0 0.797220 4.0 0.906879 5.0 1.020348 6.0 1.144007 7.0 1.271093 8.0 1.381667 9.0 1.469711 10.0 1.544623 11.0 1.621965 12.0 1.694114 13.0 1.761425 14.0 1.823708 15.0 1.879285 16.0 1.930957 17.0 1.979350 18.0 nan 19.0 nan 20.0 nan 21.0 nan 22.0 nan 23.0 nan 24.0 nan 25.0 nan 26.0 nan 27.0 nan 28.0 nan 29.0 nan 30.0 nan
66.452991  0.0 0.508065 1.0 0.603121 2.0 0.711525 3.0 0.822188 4.0 0.937651 5.0 1.060092 6.0 1.192631 7.0 1.317557 8.0 1.412011 9.0 1.500173 10.0 1.575262 11.0 1.652282 12.0 1.723983 13.0 1.789327 14.0 1.847981 15.0 1.902701 16.0 1.953870 17.0 nan 18.0 nan 19.0 nan 20.0 nan 21.0 nan 22.0 nan 23.0 nan 24.0 nan 25.0 nan 26.0 nan 27.0 nan 28.0 nan 29.0 nan 30.0 nan
70.284856  0.0 0.520240 1.0 0.620969 2.0 0.731954 3.0 0.848480 4.0 0.969699 5.0 1.103948 6.0 1.242228 7.0 1.346619 8.0 1.441305 9.0 1.529395 10.0 1.604472 11.0 1.681039 12.0 1.750121 13.0 1.812375 14.0 1.870413 15.0 1.924660 16.0 1.975289 17.0 nan 18.0 nan 19.0 nan 20.0 nan 21.0 nan 22.0 nan 23.0 nan 24.0 nan 25.0 nan 26.0 nan 27.0 nan 28.0 nan 29.0 nan 30.0 nan
74.337677  0.0 0.533368 1.0 0.639945 2.0 0.753481 3.0 0.876024 4.0 1.007862 5.0 1.149207 6.0 1.272860 7.0 1.374774 8.0 1.469459 9.0 1.557270 10.0 1.632164 11.0 1.705829 12.0 1.772206 13.0 1.833913 14.0 1.891399 15.0 1.945062 16.0 1.995076 17.0 nan 18.0 nan 19.0 nan 20.0 nan 21.0 nan 22.0 nan 23.0 nan 24.0 nan 25.0 nan 26.0 nan 27.0 nan 28.0 nan 29.0 nan 30.0 nan
78.624195  0.0 0.547602 1.0 0.656890 2.0 0.776127 3.0 0.905022 4.0 1.047980 5.0 1.189915 6.0 1.299813 7.0 1.401885 8.0 1.496370 9.0 1.583684 10.0 1.656127 11.0 1.727125 12.0 1.792976 13.0 1.854086 14.0 1.911047 15.0 1.964069 16.0 nan 17.0 nan 18.0 nan 19.0 nan 20.0 nan 21.0 nan 22.0 nan 23.0 nan 24.0 nan 25.0 nan 26.0 nan 27.0 nan 28.0 nan 29.0 nan 30.0 nan
83.157886  0.0 0.562186 1.0 0.674727 2.0 0.799850 3.0 0.939163 4.0 1.089292 5.0 1.215614 6.0 1.325862 7.0 1.427836 8.0 1.521882 9.0 1.605880 10.0 1.676695 11.0 1.747158 12.0 1.812303 13.0 1.872854 14.0 1.929283 15.0 1.982318 16.0 nan 17.0 nan 18.0 nan 19.0 nan 20.0 nan 21.0 nan 22.0 nan 23.0 nan 24.0 nan 25.0 nan 26.0 nan 27.0 nan 28.0 nan 29.0 nan 30.0 nan
87.953002  0.0 0.575883 1.0 0.693459 2.0 0.824576 3.0 0.974828 4.0 1.122653 5.0 1.240563 6.0 1.350905 7.0 1.452545 8.0 1.544124 9.0 1.625503 10.0 1.696020 11.0 1.765789 12.0 1.830382 13.0 1.890580 14.0 1.946847 15.0 1.999057 16.0 nan 17.0 nan 18.0 nan 19.0 nan 20.0 nan 21.0 nan 22.0 nan 23.0 nan 24.0 nan 25.0 nan 26.0 nan 27.0 nan 28.0 nan 29.0 nan 30.0 nan
93.024617  0.0 0.590248 1.0 0.713077 2.0 0.853393 3.0 1.011623 4.0 1.146321 5.0 1.264644 6.0 1.374839 7.0 1.475179 8.0 1.563164 9.0 1.643924 10.0 1.714141 11.0 1.783254 12.0 1.847550 13.0 1.907310 14.0 1.962691 15.0 nan 16.0 nan 17.0 nan 18.0 nan 19.0 nan 20.0 nan 21.0 nan 22.0 nan 23.0 nan 24.0 nan 25.0 nan 26.0 nan 27.0 nan 28.0 nan 29.0 nan 30.0 nan
98.388676  0.0 0.605285 1.0 0.733544 2.0 0.883837 3.0 1.042110 4.0 1.169304 5.0 1.287756 6.0 1.397552 7.0 1.493831 8.0 1.581069 9.0 1.661190 10.0 1.730935 11.0 1.799845 12.0 1.863683 13.0 1.922449 14.0 1.976016 15.0 nan 16.0 nan 17.0 nan 18.0 nan 19.0 nan 20.0 nan 21.0 nan 22.0 nan 23.0 nan 24.0 nan 25.0 nan 26.0 nan 27.0 nan 28.0 nan 29.0 nan 30.0 nan
104.062042  0.0 0.620996 1.0 0.756165 2.0 0.915428 3.0 1.063765 4.0 1.191498 5.0 1.309829 6.0 1.416652 7.0 1.511281 8.0 1.597879 9.0 1.677229 10.0 1.747132 11.0 1.815435 12.0 1.877856 13.0 1.934163 14.0 1.984991 15.0 nan 16.0 nan 17.0 nan 18.0 nan 19.0 nan 20.0 nan 21.0 nan 22.0 nan 23.0 nan 24.0 nan 25.0 nan 26.0 nan 27.0 nan 28.0 nan 29.0 nan 30.0 nan
110.062550  0.0 0.637370 1.0 0.780942 2.0 0.946897 3.0 1.084836 4.0 1.212817 5.0 1.330490 6.0 1.433712 7.0 1.527679 8.0 1.613522 9.0 1.692755 10.0 1.762061 11.0 1.829050 12.0 1.889221 13.0 1.942887 14.0 1.992796 15.0 nan 16.0 nan 17.0 nan 18.0 nan 19.0 nan 20.0 nan 21.0 nan 22.0 nan 23.0 nan 24.0 nan 25.0 nan 26.0 nan 27.0 nan 28.0 nan 29.0 nan 30.0 nan
116.409064  0.0 0.654746 1.0 0.806807 2.0 0.966510 3.0 1.105238 4.0 1.233210 5.0 1.347378 6.0 1.449795 7.0 1.543023 8.0 1.628497 9.0 1.706982 10.0 1.775558 11.0 1.839904 12.0 1.897347 13.0 1.950594 14.0 nan 15.0 nan 16.0 nan 17.0 nan 18.0 nan 19.0 nan 20.0 nan 21.0 nan 22.0 nan 23.0 nan 24.0 nan 25.0 nan 26.0 nan 27.0 nan 28.0 nan 29.0 nan 30.0 nan
123.121536  0.0 0.674139 1.0 0.833570 2.0 0.985678 3.0 1.124867 4.0 1.251971 5.0 1.363146 6.0 1.464867 7.0 1.557408 8.0 1.642460 9.0 1.719821 10.0 1.785671 11.0 1.847620 12.0 1.904459 13.0 1.957173 14.0 nan 15.0 nan 16.0 nan 17.0 nan 18.0 nan 19.0 nan 20.0 nan 21.0 nan 22.0 nan 23.0 nan 24.0 nan 25.0 nan 26.0 nan 27.0 nan 28.0 nan 29.0 nan 30.0 nan
130.221067  0.0 0.694419 1.0 0.856842 2.0 1.004316 3.0 1.143664 4.0 1.267476 5.0 1.377997 6.0 1.478924 7.0 1.571228 8.0 1.655113 9.0 1.729143 10.0 1.793638 11.0 1.854587 12.0 1.911241 13.0 1.963138 14.0 nan 15.0 nan 16.0 nan 17.0 nan 18.0 nan 19.0 nan 20.0 nan 21.0 nan 22.0 nan 23.0 nan 24.0 nan 25.0 nan 26.0 nan 27.0 nan 28.0 nan 29.0 nan 30.0 nan
137.729977  0.0 0.715511 1.0 0.873946 2.0 1.022352 3.0 1.161146 4.0 1.282141 5.0 1.391942 6.0 1.492385 7.0 1.583828 8.0 1.664655 9.0 1.736586 10.0 1.800396 11.0 1.860964 12.0 1.916383 13.0 1.967759 14.0 nan 15.0 nan 16.0 nan 17.0 nan 18.0 nan 19.0 nan 20.0 nan 21.0 nan 22.0 nan 23.0 nan 24.0 nan 25.0 nan 26.0 nan 27.0 nan 28.0 nan 29.0 nan 30.0 nan
145.671872  0.0 0.737286 1.0 0.890682 2.0 1.039680 3.0 1.175748 4.0 1.295893 5.0 1.404955 6.0 1.505010 7.0 1.594728 8.0 1.672280 9.0 1.743001 10.0 1.806430 11.0 1.866124 12.0 1.921419 13.0 1.972390 14.0 nan 15.0 nan 16.0 nan 17.0 nan 18.0 nan 19.0 nan 20.0 nan 21.0 nan 22.0 nan 23.0 nan 24.0 nan 25.0 nan 26.0 nan 27.0 nan 28.0 nan 29.0 nan 30.0 nan
154.071719  0.0 0.754346 1.0 0.906979 2.0 1.056289 3.0 1.189398 4.0 1.308836 5.0 1.417523 6.0 1.516223 7.0 1.601986 8.0 1.678828 9.0 1.748774 10.0 1.811692 11.0 1.870717 12.0 1.925297 13.0 1.976172 14.0 nan 15.0 nan 16.0 nan 17.0 nan 18.0 nan 19.0 nan 20.0 nan 21.0 nan 22.0 nan 23.0 nan 24.0 nan 25.0 nan 26.0 nan 27.0 nan 28.0 nan 29.0 nan 30.0 nan
162.955925  0.0 0.768861 1.0 0.922779 2.0 1.070634 3.0 1.202289 4.0 1.321010 5.0 1.429103 6.0 1.524912 7.0 1.608433 8.0 1.684356 9.0 1.753706 10.0 1.816287 11.0 1.875218 12.0 1.927883 13.0 1.979325 14.0 nan 15.0 nan 16.0 nan 17.0 nan 18.0 nan 19.0 nan 20.0 nan 21.0 nan 22.0 nan 23.0 nan 24.0 nan 25.0 nan 26.0 nan 27.0 nan 28.0 nan 29.0 nan 30.0 nan
172.352418  0.0 0.783098 1.0 0.937989 2.0 1.083479 3.0 1.214358 4.0 1.332719 5.0 1.439464 6.0 1.531297 7.0 1.614217 8.0 1.689595 9.0 1.758241 10.0 1.819037 11.0 1.878006 12.0 1.930473 13.0 1.982483 14.0 nan 15.0 nan 16.0 nan 17.0 nan 18.0 nan 19.0 nan 20.0 nan 21.0 nan 22.0 nan 23.0 nan 24.0 nan 25.0 nan 26.0 nan 27.0 nan 28.0 nan 29.0 nan 30.0 nan
182.290740  0.0 0.797000 1.0 0.952584 2.0 1.095583 3.0 1.225677 4.0 1.343351 5.0 1.446359 6.0 1.537153 7.0 1.619147 8.0 1.693488 9.0 1.760390 10.0 1.821791 11.0 1.880799 12.0 1.933067 13.0 1.985646 14.0 nan 15.0 nan 16.0 nan 17.0 nan 18.0 nan 19.0 nan 20.0 nan 21.0 nan 22.0 nan 23.0 nan 24.0 nan 25.0 nan 26.0 nan 27.0 nan 28.0 nan 29.0 nan 30.0 nan
192.802133  0.0 0.810519 1.0 0.964830 2.0 1.107010 3.0 1.236657 4.0 1.352286 5.0 1.452372 6.0 1.542312 7.0 1.623514 8.0 1.696796 9.0 1.762542 10.0 1.824549 11.0 1.883597 12.0 1.935664 13.0 nan 14.0 nan 15.0 nan 16.0 nan 17.0 nan 18.0 nan 19.0 nan 20.0 nan 21.0 nan 22.0 nan 23.0 nan 24.0 nan 25.0 nan 26.0 nan 27.0 nan 28.0 nan 29.0 nan 30.0 nan
203.919642  0.0 0.823565 1.0 0.976253 2.0 1.117728 3.0 1.246739 4.0 1.359250 5.0 1.457962 6.0 1.546790 7.0 1.627432 8.0 1.700110 9.0 1.764696 10.0 1.827340 11.0 1.886398 12.0 nan 13.0 nan 14.0 nan 15.0 nan 16.0 nan 17.0 nan 18.0 nan 19.0 nan 20.0 nan 21.0 nan 22.0 nan 23.0 nan 24.0 nan 25.0 nan 26.0 nan 27.0 nan 28.0 nan 29.0 nan 30.0 nan
215.678218  0.0 0.835849 1.0 0.987053 2.0 1.128000 3.0 1.255856 4.0 1.364779 5.0 1.462391 6.0 1.550428 7.0 1.629599 8.0 1.703677 9.0 1.766853 10.0 1.836038 11.0 nan 12.0 nan 13.0 nan 14.0 nan 15.0 nan 16.0 nan 17.0 nan 18.0 nan 19.0 nan 20.0 nan 21.0 nan 22.0 nan 23.0 nan 24.0 nan 25.0 nan 26.0 nan 27.0 nan 28.0 nan 29.0 nan 30.0 nan
228.114826  0.0 0.846489 1.0 0.997257 2.0 1.137659 3.0 1.261954 4.0 1.369692 5.0 1.466826 6.0 1.554075 7.0 1.631769 8.0 1.707635 9.0 1.769013 10.0 nan 11.0 nan 12.0 nan 13.0 nan 14.0 nan 15.0 nan 16.0 nan 17.0 nan 18.0 nan 19.0 nan 20.0 nan 21.0 nan 22.0 nan 23.0 nan 24.0 nan 25.0 nan 26.0 nan 27.0 nan 28.0 nan 29.0 nan 30.0 nan
241.268564  0.0 0.856515 1.0 1.006831 2.0 1.146477 3.0 1.267265 4.0 1.374221 5.0 1.469659 6.0 1.557008 7.0 1.633942 8.0 1.711603 9.0 nan 10.0 nan 11.0 nan 12.0 nan 13.0 nan 14.0 nan 15.0 nan 16.0 nan 17.0 nan 18.0 nan 19.0 nan 20.0 nan 21.0 nan 22.0 nan 23.0 nan 24.0 nan 25.0 nan 26.0 nan 27.0 nan 28.0 nan 29.0 nan 30.0 nan
255.180783  0.0 0.866011 1.0 1.016119 2.0 1.153215 3.0 1.272098 4.0 1.377802 5.0 1.472241 6.0 1.559646 7.0 1.636118 8.0 nan 9.0 nan 10.0 nan 11.0 nan 12.0 nan 13.0 nan 14.0 nan 15.0 nan 16.0 nan 17.0 nan 18.0 nan 19.0 nan 20.0 nan 21.0 nan 22.0 nan 23.0 nan 24.0 nan 25.0 nan 26.0 nan 27.0 nan 28.0 nan 29.0 nan 30.0 nan
269.895220  0.0 0.874986 1.0 1.024676 2.0 1.158626 3.0 1.276134 4.0 1.380895 5.0 1.474828 6.0 1.562288 7.0 1.674051 8.0 nan 9.0 nan 10.0 nan 11.0 nan 12.0 nan 13.0 nan 14.0 nan 15.0 nan 16.0 nan 17.0 nan 18.0 nan 19.0 nan 20.0 nan 21.0 nan 22.0 nan 23.0 nan 24.0 nan 25.0 nan 26.0 nan 27.0 nan 28.0 nan 29.0 nan 30.0 nan
285.458131  0.0 0.883417 1.0 1.032290 2.0 1.163434 3.0 1.279917 4.0 1.383995 5.0 1.477860 6.0 1.564934 7.0 nan 8.0 nan 9.0 nan 10.0 nan 11.0 nan 12.0 nan 13.0 nan 14.0 nan 15.0 nan 16.0 nan 17.0 nan 18.0 nan 19.0 nan 20.0 nan 21.0 nan 22.0 nan 23.0 nan 24.0 nan 25.0 nan 26.0 nan 27.0 nan 28.0 nan 29.0 nan 30.0 nan
301.918444  0.0 0.891580 1.0 1.038187 2.0 1.167394 3.0 1.282523 4.0 1.386852 5.0 1.482808 6.0 nan 7.0 nan 8.0 nan 9.0 nan 10.0 nan 11.0 nan 12.0 nan 13.0 nan 14.0 nan 15.0 nan 16.0 nan 17.0 nan 18.0 nan 19.0 nan 20.0 nan 21.0 nan 22.0 nan 23.0 nan 24.0 nan 25.0 nan 26.0 nan 27.0 nan 28.0 nan 29.0 nan 30.0 nan
319.327905  0.0 0.899144 1.0 1.042906 2.0 1.171204 3.0 1.284255 4.0 1.389646 5.0 1.505318 6.0 nan 7.0 nan 8.0 nan 9.0 nan 10.0 nan 11.0 nan 12.0 nan 13.0 nan 14.0 nan 15.0 nan 16.0 nan 17.0 nan 18.0 nan 19.0 nan 20.0 nan 21.0 nan 22.0 nan 23.0 nan 24.0 nan 25.0 nan 26.0 nan 27.0 nan 28.0 nan 29.0 nan 30.0 nan
337.741243  0.0 0.905654 1.0 1.046999 2.0 1.173893 3.0 1.285990 4.0 1.392446 5.0 nan 6.0 nan 7.0 nan 8.0 nan 9.0 nan 10.0 nan 11.0 nan 12.0 nan 13.0 nan 14.0 nan 15.0 nan 16.0 nan 17.0 nan 18.0 nan 19.0 nan 20.0 nan 21.0 nan 22.0 nan 23.0 nan 24.0 nan 25.0 nan 26.0 nan 27.0 nan 28.0 nan 29.0 nan 30.0 nan
357.216346  0.0 0.910575 1.0 1.050681 2.0 1.176587 3.0 1.287727 4.0 1.426600 5.0 nan 6.0 nan 7.0 nan 8.0 nan 9.0 nan 10.0 nan 11.0 nan 12.0 nan 13.0 nan 14.0 nan 15.0 nan 16.0 nan 17.0 nan 18.0 nan 19.0 nan 20.0 nan 21.0 nan 22.0 nan 23.0 nan 24.0 nan 25.0 nan 26.0 nan 27.0 nan 28.0 nan 29.0 nan 30.0 nan
377.814438  0.0 0.914635 1.0 1.053853 2.0 1.179318 3.0 1.289467 4.0 nan 5.0 nan 6.0 nan 7.0 nan 8.0 nan 9.0 nan 10.0 nan 11.0 nan 12.0 nan 13.0 nan 14.0 nan 15.0 nan 16.0 nan 17.0 nan 18.0 nan 19.0 nan 20.0 nan 21.0 nan 22.0 nan 23.0 nan 24.0 nan 25.0 nan 26.0 nan 27.0 nan 28.0 nan 29.0 nan 30.0 nan
399.600273  0.0 0.918288 1.0 1.056602 2.0 1.182122 3.0 1.326071 4.0 nan 5.0 nan 6.0 nan 7.0 nan 8.0 nan 9.0 nan 10.0 nan 11.0 nan 12.0 nan 13.0 nan 14.0 nan 15.0 nan 16.0 nan 17.0 nan 18.0 nan 19.0 nan 20.0 nan 21.0 nan 22.0 nan 23.0 nan 24.0 nan 25.0 nan 26.0 nan 27.0 nan 28.0 nan 29.0 nan 30.0 nan
422.642341  0.0 0.921652 1.0 1.058393 2.0 1.184932 3.0 nan 4.0 nan 5.0 nan 6.0 nan 7.0 nan 8.0 nan 9.0 nan 10.0 nan 11.0 nan 12.0 nan 13.0 nan 14.0 nan 15.0 nan 16.0 nan 17.0 nan 18.0 nan 19.0 nan 20.0 nan 21.0 nan 22.0 nan 23.0 nan 24.0 nan 25.0 nan 26.0 nan 27.0 nan 28.0 nan 29.0 nan 30.0 nan
447.013078  0.0 0.924063 1.0 1.060188 2.0 1.207399 3.0 nan 4.0 nan 5.0 nan 6.0 nan 7.0 nan 8.0 nan 9.0 nan 10.0 nan 11.0 nan 12.0 nan 13.0 nan 14.0 nan 15.0 nan 16.0 nan 17.0 nan 18.0 nan 19.0 nan 20.0 nan 21.0 nan 22.0 nan 23.0 nan 24.0 nan 25.0 nan 26.0 nan 27.0 nan 28.0 nan 29.0 nan 30.0 nan
472.789100  0.0 0.926269 1.0 1.061985 2.0 nan 3.0 nan 4.0 nan 5.0 nan 6.0 nan 7.0 nan 8.0 nan 9.0 nan 10.0 nan 11.0 nan 12.0 nan 13.0 nan 14.0 nan 15.0 nan 16.0 nan 17.0 nan 18.0 nan 19.0 nan 20.0 nan 21.0 nan 22.0 nan 23.0 nan 24.0 nan 25.0 nan 26.0 nan 27.0 nan 28.0 nan 29.0 nan 30.0 nan
500.051440  0.0 0.928603 1.0 1.076817 2.0 nan 3.0 nan 4.0 nan 5.0 nan 6.0 nan 7.0 nan 8.0 nan 9.0 nan 10.0 nan 11.0 nan 12.0 nan 13.0 nan 14.0 nan 15.0 nan 16.0 nan 17.0 nan 18.0 nan 19.0 nan 20.0 nan 21.0 nan 22.0 nan 23.0 nan 24.0 nan 25.0 nan 26.0 nan 27.0 nan 28.0 nan 29.0 nan 30.0 nan
528.885802  0.0 0.931900 1.0 nan 2.0 nan 3.0 nan 4.0 nan 5.0 nan 6.0 nan 7.0 nan 8.0 nan 9.0 nan 10.0 nan 11.0 nan 12.0 nan 13.0 nan 14.0 nan 15.0 nan 16.0 nan 17.0 nan 18.0 nan 19.0 nan 20.0 nan 21.0 nan 22.0 nan 23.0 nan 24.0 nan 25.0 nan 26.0 nan 27.0 nan 28.0 nan 29.0 nan 30.0 nan
559.382834  0.0 0.940227 1.0 nan 2.0 nan 3.0 nan 4.0 nan 5.0 nan 6.0 nan 7.0 nan 8.0 nan 9.0 nan 10.0 nan 11.0 nan 12.0 nan 13.0 nan 14.0 nan 15.0 nan 16.0 nan 17.0 nan 18.0 nan 19.0 nan 20.0 nan 21.0 nan 22.0 nan 23.0 nan 24.0 nan 25.0 nan 26.0 nan 27.0 nan 28.0 nan 29.0 nan 30.0 nan
591.638410  0.0 0.957878 1.0 nan 2.0 nan 3.0 nan 4.0 nan 5.0 nan 6.0 nan 7.0 nan 8.0 nan 9.0 nan 10.0 nan 11.0 nan 12.0 nan 13.0 nan 14.0 nan 15.0 nan 16.0 nan 17.0 nan 18.0 nan 19.0 nan 20.0 nan 21.0 nan 22.0 nan 23.0 nan 24.0 nan 25.0 nan 26.0 nan 27.0 nan 28.0 nan 29.0 nan 30.0 nan
625.753932  0.0 nan 1.0 nan 2.0 nan 3.0 nan 4.0 nan 5.0 nan 6.0 nan 7.0 nan 8.0 nan 9.0 nan 10.0 nan 11.0 nan 12.0 nan 13.0 nan 14.0 nan 15.0 nan 16.0 nan 17.0 nan 18.0 nan 19.0 nan 20.0 nan 21.0 nan 22.0 nan 23.0 nan 24.0 nan 25.0 nan 26.0 nan 27.0 nan 28.0 nan 29.0 nan 30.0 nan
661.836651  0.0 nan 1.0 nan 2.0 nan 3.0 nan 4.0 nan 5.0 nan 6.0 nan 7.0 nan 8.0 nan 9.0 nan 10.0 nan 11.0 nan 12.0 nan 13.0 nan 14.0 nan 15.0 nan 16.0 nan 17.0 nan 18.0 nan 19.0 nan 20.0 nan 21.0 nan 22.0 nan 23.0 nan 24.0 nan 25.0 nan 26.0 nan 27.0 nan 28.0 nan 29.0 nan 30.0 nan
700.000000  0.0 nan 1.0 nan 2.0 nan 3.0 nan 4.0 nan 5.0 nan 6.0 nan 7.0 nan 8.0 nan 9.0 nan 10.0 nan 11.0 nan 12.0 nan 13.0 nan 14.0 nan 15.0 nan 16.0 nan 17.0 nan 18.0 nan 19.0 nan 20.0 nan 21.0 nan 22.0 nan 23.0 nan 24.0 nan 25.0 nan 26.0 nan 27.0 nan 28.0 nan 29.0 nan 30.0 nan
