0.010000  0.0 0.105460 1.0 0.120154 2.0 0.133413 3.0 0.145402 4.0 0.156271 5.0 0.166152 6.0 0.175161 7.0 0.183400 8.0 0.190960 9.0 0.197920 10.0 0.204346 11.0 0.210298 12.0 0.215825 13.0 0.220971 14.0 0.225769 15.0 0.230250 16.0 0.234439 17.0 0.238355 18.0 0.242015 19.0 0.245430 20.0 0.248613 21.0 0.251572 22.0 0.254313 23.0 0.256846 24.0 0.259177 25.0 0.261315 26.0 0.263269 27.0 0.265050 28.0 0.266673 29.0 0.268155 30.0 0.269518
0.010577  0.0 0.105806 1.0 0.120548 2.0 0.133848 3.0 0.145876 4.0 0.156780 5.0 0.166691 6.0 0.175728 7.0 0.183994 8.0 0.191579 9.0 0.198560 10.0 0.205006 11.0 0.210977 12.0 0.216522 13.0 0.221682 14.0 0.226497 15.0 0.230992 16.0 0.235194 17.0 0.239122 18.0 0.242792 19.0 0.246219 20.0 0.249411 21.0 0.252378 22.0 0.255129 23.0 0.257670 24.0 0.260008 25.0 0.262151 26.0 0.264111 27.0 0.265898 28.0 0.267526 29.0 0.269012 30.0 0.270379
0.011187  0.0 0.106155 1.0 0.120943 2.0 0.134287 3.0 0.146353 4.0 0.157292 5.0 0.167235 6.0 0.176302 7.0 0.184593 8.0 0.192201 9.0 0.199205 10.0 0.205672 11.0 0.211661 12.0 0.217223 13.0 0.222401 14.0 0.227229 15.0 0.231738 16.0 0.235953 17.0 0.239894 18.0 0.243576 19.0 0.247012 20.0 0.250215 21.0 0.253192 22.0 0.255950 23.0 0.258498 24.0 0.260843 25.0 0.262994 26.0 0.264960 27.0 0.266752 28.0 0.268385 29.0 0.269876 30.0 0.271246
0.011832  0.0 0.106506 1.0 0.121342 2.0 0.134729 3.0 0.146833 4.0 0.157807 5.0 0.167782 6.0 0.176877 7.0 0.185195 8.0 0.192828 9.0 0.199853 10.0 0.206341 11.0 0.212349 12.0 0.217929 13.0 0.223122 14.0 0.227966 15.0 0.232490 16.0 0.236717 17.0 0.240670 18.0 0.244363 19.0 0.247811 20.0 0.251023 21.0 0.254009 22.0 0.256776 23.0 0.259332 24.0 0.261685 25.0 0.263841 26.0 0.265813 27.0 0.267611 28.0 0.269248 29.0 0.270743 30.0 0.272119
0.012514  0.0 0.106858 1.0 0.121743 2.0 0.135173 3.0 0.147317 4.0 0.158326 5.0 0.168333 6.0 0.177457 7.0 0.185802 8.0 0.193458 9.0 0.200507 10.0 0.207015 11.0 0.213042 12.0 0.218639 13.0 0.223849 14.0 0.228708 15.0 0.233245 16.0 0.237487 17.0 0.241452 18.0 0.245157 19.0 0.248615 20.0 0.251837 21.0 0.254832 22.0 0.257608 23.0 0.260172 24.0 0.262531 25.0 0.264695 26.0 0.266673 27.0 0.268476 28.0 0.270118 29.0 0.271619 30.0 0.272997
0.013235  0.0 0.107214 1.0 0.122148 2.0 0.135621 3.0 0.147804 4.0 0.158848 5.0 0.168887 6.0 0.178040 7.0 0.186412 8.0 0.194094 9.0 0.201163 10.0 0.207692 11.0 0.213739 12.0 0.219354 13.0 0.224580 14.0 0.229455 15.0 0.234007 16.0 0.238261 17.0 0.242239 18.0 0.245955 19.0 0.249424 20.0 0.252656 21.0 0.255660 22.0 0.258445 23.0 0.261017 24.0 0.263384 25.0 0.265553 26.0 0.267537 27.0 0.269346 28.0 0.270993 29.0 0.272497 30.0 0.273881
0.013999  0.0 0.107571 1.0 0.122554 2.0 0.136071 3.0 0.148294 4.0 0.159374 5.0 0.169446 6.0 0.178629 7.0 0.187027 8.0 0.194732 9.0 0.201826 10.0 0.208375 11.0 0.214440 12.0 0.220073 13.0 0.225317 14.0 0.230206 15.0 0.234772 16.0 0.239041 17.0 0.243031 18.0 0.246759 19.0 0.250238 20.0 0.253481 21.0 0.256495 22.0 0.259287 23.0 0.261867 24.0 0.264241 25.0 0.266419 26.0 0.268408 27.0 0.270222 28.0 0.271875 29.0 0.273384 30.0 0.274771
0.014806  0.0 0.107932 1.0 0.122963 2.0 0.136525 3.0 0.148787 4.0 0.159903 5.0 0.170007 6.0 0.179219 7.0 0.187645 8.0 0.195376 9.0 0.202491 10.0 0.209062 11.0 0.215147 12.0 0.220798 13.0 0.226057 14.0 0.230963 15.0 0.235544 16.0 0.239825 17.0 0.243828 18.0 0.247567 19.0 0.251058 20.0 0.254311 21.0 0.257333 22.0 0.260135 23.0 0.262723 24.0 0.265105 25.0 0.267287 26.0 0.269284 27.0 0.271103 28.0 0.272761 29.0 0.274274 30.0 0.275666
0.015659  0.0 0.108294 1.0 0.123375 2.0 0.136981 3.0 0.149284 4.0 0.160435 5.0 0.170573 6.0 0.179815 7.0 0.188268 8.0 0.196023 9.0 0.203162 10.0 0.209754 11.0 0.215858 12.0 0.221527 13.0 0.226804 14.0 0.231724 15.0 0.236319 16.0 0.240615 17.0 0.244630 18.0 0.248382 19.0 0.251883 20.0 0.255146 21.0 0.258179 22.0 0.260989 23.0 0.263584 24.0 0.265973 25.0 0.268164 26.0 0.270166 27.0 0.271991 28.0 0.273654 29.0 0.275172 30.0 0.276567
0.016562  0.0 0.108659 1.0 0.123790 2.0 0.137440 3.0 0.149783 4.0 0.160972 5.0 0.171142 6.0 0.180414 7.0 0.188894 8.0 0.196675 9.0 0.203836 10.0 0.210449 11.0 0.216574 12.0 0.222261 13.0 0.227554 14.0 0.232491 15.0 0.237101 16.0 0.241410 17.0 0.245438 18.0 0.249201 19.0 0.252714 20.0 0.255987 21.0 0.259028 22.0 0.261848 23.0 0.264452 24.0 0.266848 25.0 0.269044 26.0 0.271053 27.0 0.272884 28.0 0.274552 29.0 0.276074 30.0 0.277474
0.017518  0.0 0.109026 1.0 0.124208 2.0 0.137903 3.0 0.150287 4.0 0.161511 5.0 0.171716 6.0 0.181018 7.0 0.189526 8.0 0.197331 9.0 0.204516 10.0 0.211151 11.0 0.217294 12.0 0.222999 13.0 0.228311 14.0 0.233262 15.0 0.237887 16.0 0.242210 17.0 0.246251 18.0 0.250026 19.0 0.253550 20.0 0.256833 21.0 0.259885 22.0 0.262713 23.0 0.265324 24.0 0.267729 25.0 0.269933 26.0 0.271947 27.0 0.273783 28.0 0.275457 29.0 0.276984 30.0 0.278388
0.018528  0.0 0.109397 1.0 0.124628 2.0 0.138369 3.0 0.150793 4.0 0.162056 5.0 0.172292 6.0 0.181625 7.0 0.190161 8.0 0.197992 9.0 0.205199 10.0 0.211855 11.0 0.218020 12.0 0.223744 13.0 0.229071 14.0 0.234040 15.0 0.238680 16.0 0.243016 17.0 0.247069 18.0 0.250856 19.0 0.254392 20.0 0.257685 21.0 0.260746 22.0 0.263583 23.0 0.266204 24.0 0.268615 25.0 0.270825 26.0 0.272846 27.0 0.274688 28.0 0.276366 29.0 0.277898 30.0 0.279307
0.019596  0.0 0.109769 1.0 0.125051 2.0 0.138838 3.0 0.151303 4.0 0.162602 5.0 0.172873 6.0 0.182237 7.0 0.190800 8.0 0.198656 9.0 0.205889 10.0 0.212566 11.0 0.218749 12.0 0.224492 13.0 0.229837 14.0 0.234821 15.0 0.239475 16.0 0.243826 17.0 0.247893 18.0 0.251693 19.0 0.255239 20.0 0.258542 21.0 0.261614 22.0 0.264460 23.0 0.267088 24.0 0.269507 25.0 0.271725 26.0 0.273752 27.0 0.275599 28.0 0.277283 29.0 0.278820 30.0 0.280233
0.020726  0.0 0.110144 1.0 0.125477 2.0 0.139310 3.0 0.151817 4.0 0.163154 5.0 0.173457 6.0 0.182852 7.0 0.191444 8.0 0.199326 9.0 0.206581 10.0 0.213280 11.0 0.219485 12.0 0.225246 13.0 0.230608 14.0 0.235609 15.0 0.240279 16.0 0.244643 17.0 0.248722 18.0 0.252534 19.0 0.256092 20.0 0.259406 21.0 0.262487 22.0 0.265341 23.0 0.267979 24.0 0.270405 25.0 0.272629 26.0 0.274663 27.0 0.276517 28.0 0.278205 29.0 0.279746 30.0 0.281163
0.021921  0.0 0.110521 1.0 0.125907 2.0 0.139786 3.0 0.152334 4.0 0.163707 5.0 0.174047 6.0 0.183472 7.0 0.192092 8.0 0.200000 9.0 0.207280 10.0 0.214001 11.0 0.220224 12.0 0.226004 13.0 0.231385 14.0 0.236401 15.0 0.241085 16.0 0.245464 17.0 0.249558 18.0 0.253381 19.0 0.256950 20.0 0.260275 21.0 0.263366 22.0 0.266230 23.0 0.268874 24.0 0.271309 25.0 0.273541 26.0 0.275581 27.0 0.277440 28.0 0.279134 29.0 0.280681 30.0 0.282102
0.023185  0.0 0.110902 1.0 0.126338 2.0 0.140264 3.0 0.152854 4.0 0.164267 5.0 0.174639 6.0 0.184096 7.0 0.192744 8.0 0.200679 9.0 0.207982 10.0 0.214725 11.0 0.220970 12.0 0.226769 13.0 0.232166 14.0 0.237199 15.0 0.241900 16.0 0.246292 17.0 0.250397 18.0 0.254234 19.0 0.257815 20.0 0.261151 21.0 0.264251 22.0 0.267123 23.0 0.269778 24.0 0.272219 25.0 0.274458 26.0 0.276504 27.0 0.278369 28.0 0.280069 29.0 0.281619 30.0 0.283045
0.024522  0.0 0.111284 1.0 0.126774 2.0 0.140746 3.0 0.153378 4.0 0.164828 5.0 0.175236 6.0 0.184724 7.0 0.193401 8.0 0.201361 9.0 0.208689 10.0 0.215455 11.0 0.221719 12.0 0.227537 13.0 0.232953 14.0 0.238002 15.0 0.242717 16.0 0.247124 17.0 0.251244 18.0 0.255093 19.0 0.258684 20.0 0.262031 21.0 0.265141 22.0 0.268024 23.0 0.270685 24.0 0.273136 25.0 0.275382 26.0 0.277434 27.0 0.279305 28.0 0.281010 29.0 0.282566 30.0 0.283996
0.025936  0.0 0.111670 1.0 0.127211 2.0 0.141231 3.0 0.153906 4.0 0.165395 5.0 0.175837 6.0 0.185357 7.0 0.194063 8.0 0.202050 9.0 0.209401 10.0 0.216189 11.0 0.222476 12.0 0.228313 13.0 0.233745 14.0 0.238812 15.0 0.243542 16.0 0.247964 17.0 0.252095 18.0 0.255957 19.0 0.259561 20.0 0.262918 21.0 0.266038 22.0 0.268929 23.0 0.271601 24.0 0.274057 25.0 0.276311 26.0 0.278370 27.0 0.280247 28.0 0.281957 29.0 0.283518 30.0 0.284952
0.027432  0.0 0.112058 1.0 0.127653 2.0 0.141720 3.0 0.154437 4.0 0.165964 5.0 0.176442 6.0 0.185993 7.0 0.194728 8.0 0.202742 9.0 0.210118 10.0 0.216929 11.0 0.223235 12.0 0.229091 13.0 0.234543 14.0 0.239625 15.0 0.244371 16.0 0.248807 17.0 0.252954 18.0 0.256827 19.0 0.260442 20.0 0.263810 21.0 0.266941 22.0 0.269843 23.0 0.272520 24.0 0.274987 25.0 0.277247 26.0 0.279312 27.0 0.281195 28.0 0.282911 29.0 0.284477 30.0 0.285916
0.029013  0.0 0.112449 1.0 0.128096 2.0 0.142211 3.0 0.154973 4.0 0.166539 5.0 0.177051 6.0 0.186635 7.0 0.195399 8.0 0.203440 9.0 0.210840 10.0 0.217673 11.0 0.224001 12.0 0.229877 13.0 0.235346 14.0 0.240446 15.0 0.245207 16.0 0.249658 17.0 0.253816 18.0 0.257704 19.0 0.261331 20.0 0.264710 21.0 0.267851 22.0 0.270760 23.0 0.273449 24.0 0.275921 25.0 0.278189 26.0 0.280262 27.0 0.282151 28.0 0.283871 29.0 0.285442 30.0 0.286884
0.030686  0.0 0.112842 1.0 0.128544 2.0 0.142707 3.0 0.155511 4.0 0.167116 5.0 0.177665 6.0 0.187280 7.0 0.196073 8.0 0.204142 9.0 0.211567 10.0 0.218423 11.0 0.224772 12.0 0.230667 13.0 0.236154 14.0 0.241270 15.0 0.246048 16.0 0.250513 17.0 0.254687 18.0 0.258586 19.0 0.262224 20.0 0.265614 21.0 0.268765 22.0 0.271686 23.0 0.274381 24.0 0.276863 25.0 0.279138 26.0 0.281216 27.0 0.283111 28.0 0.284837 29.0 0.286414 30.0 0.287862
0.032456  0.0 0.113239 1.0 0.128994 2.0 0.143206 3.0 0.156054 4.0 0.167698 5.0 0.178282 6.0 0.187931 7.0 0.196754 8.0 0.204849 9.0 0.212299 10.0 0.219178 11.0 0.225548 12.0 0.231463 13.0 0.236969 14.0 0.242102 15.0 0.246896 16.0 0.251376 17.0 0.255562 18.0 0.259475 19.0 0.263126 20.0 0.266527 21.0 0.269688 22.0 0.272616 23.0 0.275322 24.0 0.277810 25.0 0.280093 26.0 0.282179 27.0 0.284080 28.0 0.285812 29.0 0.287392 30.0 0.288844
0.034327  0.0 0.113638 1.0 0.129448 2.0 0.143708 3.0 0.156600 4.0 0.168284 5.0 0.178904 6.0 0.188585 7.0 0.197438 8.0 0.205561 9.0 0.213036 10.0 0.219938 11.0 0.226330 12.0 0.232264 13.0 0.237788 14.0 0.242939 15.0 0.247748 16.0 0.252242 17.0 0.256444 18.0 0.260368 19.0 0.264031 20.0 0.267444 21.0 0.270615 22.0 0.273554 23.0 0.276268 24.0 0.278766 25.0 0.281055 26.0 0.283146 27.0 0.285053 28.0 0.286791 29.0 0.288377 30.0 0.289835
0.036307  0.0 0.114039 1.0 0.129904 2.0 0.144214 3.0 0.157150 4.0 0.168874 5.0 0.179531 6.0 0.189245 7.0 0.198128 8.0 0.206277 9.0 0.213778 10.0 0.220704 11.0 0.227117 12.0 0.233071 13.0 0.238614 14.0 0.243781 15.0 0.248607 16.0 0.253117 17.0 0.257331 18.0 0.261270 19.0 0.264945 20.0 0.268368 21.0 0.271550 22.0 0.274498 23.0 0.277221 24.0 0.279725 25.0 0.282023 26.0 0.284122 27.0 0.286036 28.0 0.287778 29.0 0.289369 30.0 0.290830
0.038400  0.0 0.114445 1.0 0.130364 2.0 0.144723 3.0 0.157704 4.0 0.169469 5.0 0.180161 6.0 0.189908 7.0 0.198822 8.0 0.207000 9.0 0.214525 10.0 0.221474 11.0 0.227909 12.0 0.233884 13.0 0.239444 14.0 0.244630 15.0 0.249472 16.0 0.253996 17.0 0.258226 18.0 0.262176 19.0 0.265863 20.0 0.269298 21.0 0.272490 22.0 0.275449 23.0 0.278180 24.0 0.280694 25.0 0.282998 26.0 0.285103 27.0 0.287022 28.0 0.288771 29.0 0.290367 30.0 0.291834
0.040614  0.0 0.114852 1.0 0.130827 2.0 0.145236 3.0 0.158262 4.0 0.170067 5.0 0.180797 6.0 0.190577 7.0 0.199521 8.0 0.207726 9.0 0.215278 10.0 0.222251 11.0 0.228707 12.0 0.234702 13.0 0.240282 14.0 0.245484 15.0 0.250342 16.0 0.254882 17.0 0.259125 18.0 0.263090 19.0 0.266789 20.0 0.270235 21.0 0.273438 22.0 0.276405 23.0 0.279146 24.0 0.281668 25.0 0.283980 26.0 0.286093 27.0 0.288019 28.0 0.289773 29.0 0.291374 30.0 0.292844
0.042956  0.0 0.115263 1.0 0.131294 2.0 0.145752 3.0 0.158824 4.0 0.170670 5.0 0.181436 6.0 0.191250 7.0 0.200225 8.0 0.208459 9.0 0.216035 10.0 0.223032 11.0 0.229511 12.0 0.235526 13.0 0.241124 14.0 0.246345 15.0 0.251220 16.0 0.255774 17.0 0.260032 18.0 0.264009 19.0 0.267721 20.0 0.271179 21.0 0.274391 22.0 0.277369 23.0 0.280119 24.0 0.282649 25.0 0.284968 26.0 0.287087 27.0 0.289020 28.0 0.290779 29.0 0.292385 30.0 0.293862
0.045433  0.0 0.115676 1.0 0.131764 2.0 0.146273 3.0 0.159389 4.0 0.171276 5.0 0.182080 6.0 0.191929 7.0 0.200934 8.0 0.209195 9.0 0.216799 10.0 0.223820 11.0 0.230319 12.0 0.236355 13.0 0.241974 14.0 0.247211 15.0 0.252102 16.0 0.256673 17.0 0.260945 18.0 0.264936 19.0 0.268659 20.0 0.272128 21.0 0.275353 22.0 0.278340 23.0 0.281098 24.0 0.283637 25.0 0.285965 26.0 0.288091 27.0 0.290029 28.0 0.291795 29.0 0.293406 30.0 0.294886
0.048053  0.0 0.116093 1.0 0.132237 2.0 0.146797 3.0 0.159960 4.0 0.171888 5.0 0.182728 6.0 0.192611 7.0 0.201648 8.0 0.209938 9.0 0.217567 10.0 0.224611 11.0 0.231135 12.0 0.237192 13.0 0.242828 14.0 0.248084 15.0 0.252992 16.0 0.257577 17.0 0.261863 18.0 0.265868 19.0 0.269605 20.0 0.273085 21.0 0.276320 22.0 0.279317 23.0 0.282085 24.0 0.284632 25.0 0.286966 26.0 0.289100 27.0 0.291044 28.0 0.292815 29.0 0.294431 30.0 0.295918
0.050824  0.0 0.116512 1.0 0.132714 2.0 0.147325 3.0 0.160533 4.0 0.172503 5.0 0.183383 6.0 0.193299 7.0 0.202367 8.0 0.210685 9.0 0.218342 10.0 0.225411 11.0 0.231955 12.0 0.238032 13.0 0.243689 14.0 0.248962 15.0 0.253886 16.0 0.258488 17.0 0.262789 18.0 0.266807 19.0 0.270556 20.0 0.274048 21.0 0.277294 22.0 0.280302 23.0 0.283078 24.0 0.285634 25.0 0.287977 26.0 0.290117 27.0 0.292068 28.0 0.293845 29.0 0.295467 30.0 0.296957
0.053755  0.0 0.116935 1.0 0.133193 2.0 0.147857 3.0 0.161112 4.0 0.173124 5.0 0.184040 6.0 0.193992 7.0 0.203091 8.0 0.211439 9.0 0.219121 10.0 0.226214 11.0 0.232783 12.0 0.238881 13.0 0.244556 14.0 0.249848 15.0 0.254789 16.0 0.259406 17.0 0.263721 18.0 0.267753 19.0 0.271515 20.0 0.275019 21.0 0.278275 22.0 0.281292 23.0 0.284079 24.0 0.286642 25.0 0.288992 26.0 0.291140 27.0 0.293098 28.0 0.294881 29.0 0.296507 30.0 0.298002
0.056854  0.0 0.117361 1.0 0.133677 2.0 0.148392 3.0 0.161693 4.0 0.173748 5.0 0.184704 6.0 0.194689 7.0 0.203820 8.0 0.212197 9.0 0.219907 10.0 0.227024 11.0 0.233615 12.0 0.239734 13.0 0.245429 14.0 0.250739 15.0 0.255697 16.0 0.260330 17.0 0.264660 18.0 0.268705 19.0 0.272479 20.0 0.275995 21.0 0.279263 22.0 0.282291 23.0 0.285085 24.0 0.287659 25.0 0.290017 26.0 0.292171 27.0 0.294135 28.0 0.295924 29.0 0.297557 30.0 0.299056
0.060133  0.0 0.117789 1.0 0.134164 2.0 0.148932 3.0 0.162281 4.0 0.174377 5.0 0.185371 6.0 0.195392 7.0 0.204556 8.0 0.212961 9.0 0.220698 10.0 0.227840 11.0 0.234454 12.0 0.240594 13.0 0.246309 14.0 0.251637 15.0 0.256612 16.0 0.261261 17.0 0.265605 18.0 0.269665 19.0 0.273452 20.0 0.276980 21.0 0.280259 22.0 0.283295 23.0 0.286101 24.0 0.288681 25.0 0.291048 26.0 0.293210 27.0 0.295180 28.0 0.296975 29.0 0.298612 30.0 0.300116
0.063600  0.0 0.118221 1.0 0.134655 2.0 0.149475 3.0 0.162871 4.0 0.175011 5.0 0.186043 6.0 0.196099 7.0 0.205295 8.0 0.213731 9.0 0.221494 10.0 0.228661 11.0 0.235298 12.0 0.241460 13.0 0.247194 14.0 0.252541 15.0 0.257533 16.0 0.262197 17.0 0.266558 18.0 0.270630 19.0 0.274430 20.0 0.277970 21.0 0.281260 22.0 0.284309 23.0 0.287122 24.0 0.289713 25.0 0.292087 26.0 0.294255 27.0 0.296232 28.0 0.298032 29.0 0.299676 30.0 0.301186
0.067268  0.0 0.118656 1.0 0.135149 2.0 0.150023 3.0 0.163466 4.0 0.175649 5.0 0.186721 6.0 0.196813 7.0 0.206041 8.0 0.214505 9.0 0.222297 10.0 0.229489 11.0 0.236149 12.0 0.242332 13.0 0.248087 14.0 0.253452 15.0 0.258461 16.0 0.263143 17.0 0.267517 18.0 0.271604 19.0 0.275417 20.0 0.278969 21.0 0.282270 22.0 0.285328 23.0 0.288153 24.0 0.290750 25.0 0.293133 26.0 0.295309 27.0 0.297293 28.0 0.299099 29.0 0.300748 30.0 0.302261
0.071146  0.0 0.119094 1.0 0.135647 2.0 0.150573 3.0 0.164066 4.0 0.176293 5.0 0.187403 6.0 0.197531 7.0 0.206791 8.0 0.215287 9.0 0.223104 10.0 0.230322 11.0 0.237006 12.0 0.243211 13.0 0.248984 14.0 0.254369 15.0 0.259396 16.0 0.264093 17.0 0.268483 18.0 0.272583 19.0 0.276410 20.0 0.279974 21.0 0.283286 22.0 0.286355 23.0 0.289189 24.0 0.291796 25.0 0.294186 26.0 0.296368 27.0 0.298359 28.0 0.300171 29.0 0.301826 30.0 0.303346
0.075249  0.0 0.119536 1.0 0.136149 2.0 0.151129 3.0 0.164669 4.0 0.176939 5.0 0.188091 6.0 0.198254 7.0 0.207548 8.0 0.216072 9.0 0.223919 10.0 0.231162 11.0 0.237868 12.0 0.244095 13.0 0.249891 14.0 0.255293 15.0 0.260337 16.0 0.265051 17.0 0.269456 18.0 0.273571 19.0 0.277411 20.0 0.280987 21.0 0.284311 22.0 0.287390 23.0 0.290233 24.0 0.292849 25.0 0.295247 26.0 0.297438 27.0 0.299435 28.0 0.301254 29.0 0.302913 30.0 0.304437
0.079588  0.0 0.119980 1.0 0.136653 2.0 0.151688 3.0 0.165278 4.0 0.177593 5.0 0.188783 6.0 0.198983 7.0 0.208310 8.0 0.216865 9.0 0.224738 10.0 0.232007 11.0 0.238738 12.0 0.244987 13.0 0.250802 14.0 0.256224 15.0 0.261286 16.0 0.266016 17.0 0.270436 18.0 0.274565 19.0 0.278419 20.0 0.282007 21.0 0.285342 22.0 0.288432 23.0 0.291285 24.0 0.293910 25.0 0.296315 26.0 0.298514 27.0 0.300517 28.0 0.302342 29.0 0.304007 30.0 0.305537
0.084177  0.0 0.120429 1.0 0.137163 2.0 0.152252 3.0 0.165890 4.0 0.178250 5.0 0.189481 6.0 0.199717 7.0 0.209076 8.0 0.217663 9.0 0.225565 10.0 0.232860 11.0 0.239613 12.0 0.245884 13.0 0.251720 14.0 0.257160 15.0 0.262240 16.0 0.266987 17.0 0.271424 18.0 0.275567 19.0 0.279433 20.0 0.283034 21.0 0.286381 22.0 0.289482 23.0 0.292344 24.0 0.294978 25.0 0.297393 26.0 0.299598 27.0 0.301608 28.0 0.303439 29.0 0.305110 30.0 0.306645
0.089031  0.0 0.120880 1.0 0.137675 2.0 0.152820 3.0 0.166508 4.0 0.178912 5.0 0.190183 6.0 0.200457 7.0 0.209850 8.0 0.218467 9.0 0.226397 10.0 0.233717 11.0 0.240496 12.0 0.246789 13.0 0.252646 14.0 0.258106 15.0 0.263204 16.0 0.267967 17.0 0.272417 18.0 0.276576 19.0 0.280456 20.0 0.284070 21.0 0.287428 22.0 0.290538 23.0 0.293412 24.0 0.296054 25.0 0.298476 26.0 0.300690 27.0 0.302707 28.0 0.304544 29.0 0.306220 30.0 0.307760
0.094165  0.0 0.121335 1.0 0.138192 2.0 0.153392 3.0 0.167130 4.0 0.179579 5.0 0.190891 6.0 0.201201 7.0 0.210628 8.0 0.219277 9.0 0.227235 10.0 0.234582 11.0 0.241384 12.0 0.247700 13.0 0.253577 14.0 0.259057 15.0 0.264173 16.0 0.268952 17.0 0.273420 18.0 0.277592 19.0 0.281485 20.0 0.285111 21.0 0.288482 22.0 0.291604 23.0 0.294485 24.0 0.297138 25.0 0.299569 26.0 0.301790 27.0 0.303813 28.0 0.305657 29.0 0.307339 30.0 0.308884
0.099595  0.0 0.121793 1.0 0.138713 2.0 0.153969 3.0 0.167757 4.0 0.180250 5.0 0.191604 6.0 0.201952 7.0 0.211414 8.0 0.220092 9.0 0.228080 10.0 0.235453 11.0 0.242280 12.0 0.248618 13.0 0.254517 14.0 0.260015 15.0 0.265149 16.0 0.269947 17.0 0.274429 18.0 0.278617 19.0 0.282524 20.0 0.286163 21.0 0.289544 22.0 0.292676 23.0 0.295569 24.0 0.298229 25.0 0.300669 26.0 0.302898 27.0 0.304929 28.0 0.306778 29.0 0.308466 30.0 0.310015
0.105338  0.0 0.122255 1.0 0.139237 2.0 0.154549 3.0 0.168388 4.0 0.180928 5.0 0.192322 6.0 0.202708 7.0 0.212204 8.0 0.220915 9.0 0.228930 10.0 0.236330 11.0 0.243182 12.0 0.249543 13.0 0.255461 14.0 0.260981 15.0 0.266133 16.0 0.270947 17.0 0.275446 18.0 0.279647 19.0 0.283569 20.0 0.287220 21.0 0.290613 22.0 0.293757 23.0 0.296659 24.0 0.299330 25.0 0.301778 26.0 0.304013 27.0 0.306051 28.0 0.307907 29.0 0.309601 30.0 0.311157
0.111412  0.0 0.122720 1.0 0.139766 2.0 0.155135 3.0 0.169024 4.0 0.181610 5.0 0.193047 6.0 0.203470 7.0 0.213000 8.0 0.221742 9.0 0.229788 10.0 0.237215 11.0 0.244090 12.0 0.250474 13.0 0.256415 14.0 0.261953 15.0 0.267124 16.0 0.271956 17.0 0.276470 18.0 0.280687 19.0 0.284622 20.0 0.288286 21.0 0.291692 22.0 0.294846 23.0 0.297759 24.0 0.300438 25.0 0.302895 26.0 0.305139 27.0 0.307183 28.0 0.309046 29.0 0.310745 30.0 0.312304
0.117836  0.0 0.123189 1.0 0.140298 2.0 0.155724 3.0 0.169666 4.0 0.182298 5.0 0.193776 6.0 0.204238 7.0 0.213803 8.0 0.222577 9.0 0.230651 10.0 0.238104 11.0 0.245006 12.0 0.251413 13.0 0.257375 14.0 0.262934 15.0 0.268123 16.0 0.272971 17.0 0.277502 18.0 0.281734 19.0 0.285683 20.0 0.289360 21.0 0.292777 22.0 0.295943 23.0 0.298866 24.0 0.301555 25.0 0.304018 26.0 0.306270 27.0 0.308322 28.0 0.310191 29.0 0.311896 30.0 0.313462
0.124631  0.0 0.123662 1.0 0.140835 2.0 0.156318 3.0 0.170311 4.0 0.182990 5.0 0.194511 6.0 0.205011 7.0 0.214611 8.0 0.223417 9.0 0.231521 10.0 0.239002 11.0 0.245928 12.0 0.252358 13.0 0.258342 14.0 0.263920 15.0 0.269128 16.0 0.273994 17.0 0.278542 18.0 0.282789 19.0 0.286751 20.0 0.290441 21.0 0.293871 22.0 0.297048 23.0 0.299980 24.0 0.302679 25.0 0.305153 26.0 0.307412 27.0 0.309471 28.0 0.311346 29.0 0.313057 30.0 0.314628
0.131817  0.0 0.124137 1.0 0.141375 2.0 0.156917 3.0 0.170962 4.0 0.183688 5.0 0.195252 6.0 0.205791 7.0 0.215426 8.0 0.224264 9.0 0.232398 10.0 0.239906 11.0 0.246858 12.0 0.253312 13.0 0.259317 14.0 0.264916 15.0 0.270142 16.0 0.275026 17.0 0.279588 18.0 0.283852 19.0 0.287829 20.0 0.291532 21.0 0.294973 22.0 0.298160 23.0 0.301105 24.0 0.303812 25.0 0.306294 26.0 0.308562 27.0 0.310628 28.0 0.312509 29.0 0.314225 30.0 0.315802
0.139418  0.0 0.124617 1.0 0.141920 2.0 0.157520 3.0 0.171618 4.0 0.184392 5.0 0.195997 6.0 0.206575 7.0 0.216247 8.0 0.225118 9.0 0.233281 10.0 0.240817 11.0 0.247794 12.0 0.254271 13.0 0.260298 14.0 0.265918 15.0 0.271163 16.0 0.276064 17.0 0.280645 18.0 0.284921 19.0 0.288912 20.0 0.292629 21.0 0.296083 22.0 0.299283 23.0 0.302236 24.0 0.304954 25.0 0.307445 26.0 0.309720 27.0 0.311793 28.0 0.313681 29.0 0.315404 30.0 0.316986
0.147457  0.0 0.125101 1.0 0.142469 2.0 0.158128 3.0 0.172278 4.0 0.185099 5.0 0.196750 6.0 0.207367 7.0 0.217074 8.0 0.225977 9.0 0.234172 10.0 0.241735 11.0 0.248737 12.0 0.255238 13.0 0.261288 14.0 0.266928 15.0 0.272192 16.0 0.277112 17.0 0.281707 18.0 0.286001 19.0 0.290006 20.0 0.293737 21.0 0.297203 22.0 0.300412 23.0 0.303378 24.0 0.306103 25.0 0.308604 26.0 0.310887 27.0 0.312968 28.0 0.314862 29.0 0.316591 30.0 0.318177
0.155960  0.0 0.125588 1.0 0.143022 2.0 0.158741 3.0 0.172945 4.0 0.185814 5.0 0.197507 6.0 0.208164 7.0 0.217908 8.0 0.226845 9.0 0.235068 10.0 0.242659 11.0 0.249689 12.0 0.256214 13.0 0.262284 14.0 0.267945 15.0 0.273230 16.0 0.278166 17.0 0.282779 18.0 0.287087 19.0 0.291108 20.0 0.294851 21.0 0.298328 22.0 0.301552 23.0 0.304526 24.0 0.307264 25.0 0.309771 26.0 0.312062 27.0 0.314150 28.0 0.316051 29.0 0.317786 30.0 0.319380
0.164953  0.0 0.126079 1.0 0.143580 2.0 0.159358 3.0 0.173615 4.0 0.186534 5.0 0.198271 6.0 0.208967 7.0 0.218747 8.0 0.227717 9.0 0.235972 10.0 0.243592 11.0 0.250646 12.0 0.257195 13.0 0.263290 14.0 0.268970 15.0 0.274273 16.0 0.279229 17.0 0.283859 18.0 0.288183 19.0 0.292217 20.0 0.295974 21.0 0.299466 22.0 0.302699 23.0 0.305684 24.0 0.308431 25.0 0.310949 26.0 0.313248 27.0 0.315343 28.0 0.317251 29.0 0.318992 30.0 0.320589
0.174465  0.0 0.126574 1.0 0.144142 2.0 0.159980 3.0 0.174292 4.0 0.187259 5.0 0.199040 6.0 0.209778 7.0 0.219594 8.0 0.228598 9.0 0.236883 10.0 0.244531 11.0 0.251612 12.0 0.258186 13.0 0.264302 14.0 0.270004 15.0 0.275327 16.0 0.280300 17.0 0.284946 18.0 0.289287 19.0 0.293336 20.0 0.297107 21.0 0.300610 22.0 0.303855 23.0 0.306852 24.0 0.309608 25.0 0.312133 26.0 0.314441 27.0 0.316544 28.0 0.318458 29.0 0.320204 30.0 0.321809
0.184525  0.0 0.127073 1.0 0.144708 2.0 0.160607 3.0 0.174974 4.0 0.187990 5.0 0.199815 6.0 0.210593 7.0 0.220446 8.0 0.229485 9.0 0.237800 10.0 0.245477 11.0 0.252585 12.0 0.259183 13.0 0.265321 14.0 0.271045 15.0 0.276387 16.0 0.281378 17.0 0.286043 18.0 0.290398 19.0 0.294461 20.0 0.298246 21.0 0.301763 22.0 0.305020 23.0 0.308026 24.0 0.310794 25.0 0.313329 26.0 0.315644 27.0 0.317754 28.0 0.319676 29.0 0.321429 30.0 0.323038
0.195165  0.0 0.127576 1.0 0.145280 2.0 0.161239 3.0 0.175660 4.0 0.188726 5.0 0.200598 6.0 0.211416 7.0 0.221306 8.0 0.230377 9.0 0.238726 10.0 0.246432 11.0 0.253565 12.0 0.260187 13.0 0.266350 14.0 0.272094 15.0 0.277457 16.0 0.282467 17.0 0.287147 18.0 0.291520 19.0 0.295598 20.0 0.299397 21.0 0.302926 22.0 0.306193 23.0 0.309212 24.0 0.311987 25.0 0.314532 26.0 0.316857 27.0 0.318974 28.0 0.320902 29.0 0.322661 30.0 0.324275
0.206419  0.0 0.128082 1.0 0.145854 2.0 0.161876 3.0 0.176353 4.0 0.189469 5.0 0.201385 6.0 0.212245 7.0 0.222173 8.0 0.231279 9.0 0.239657 10.0 0.247392 11.0 0.254554 12.0 0.261201 13.0 0.267385 14.0 0.273152 15.0 0.278534 16.0 0.283562 17.0 0.288261 18.0 0.292648 19.0 0.296742 20.0 0.300554 21.0 0.304095 22.0 0.307377 23.0 0.310406 24.0 0.313192 25.0 0.315745 26.0 0.318077 27.0 0.320202 28.0 0.322137 29.0 0.323903 30.0 0.325524
0.218322  0.0 0.128593 1.0 0.146435 2.0 0.162518 3.0 0.177051 4.0 0.190217 5.0 0.202179 6.0 0.213080 7.0 0.223045 8.0 0.232186 9.0 0.240598 10.0 0.248362 11.0 0.255548 12.0 0.262221 13.0 0.268430 14.0 0.274216 15.0 0.279619 16.0 0.284667 17.0 0.289383 18.0 0.293787 19.0 0.297895 20.0 0.301722 21.0 0.305277 22.0 0.308569 23.0 0.311609 24.0 0.314405 25.0 0.316968 26.0 0.319309 27.0 0.321442 28.0 0.323384 29.0 0.325155 30.0 0.326781
0.230911  0.0 0.129108 1.0 0.147019 2.0 0.163166 3.0 0.177754 4.0 0.190971 5.0 0.202979 6.0 0.213922 7.0 0.223926 8.0 0.233101 9.0 0.241544 10.0 0.249338 11.0 0.256553 12.0 0.263251 13.0 0.269482 14.0 0.275292 15.0 0.280714 16.0 0.285780 17.0 0.290513 18.0 0.294934 19.0 0.299058 20.0 0.302899 21.0 0.306466 22.0 0.309770 23.0 0.312822 24.0 0.315628 25.0 0.318199 26.0 0.320549 27.0 0.322690 28.0 0.324638 29.0 0.326415 30.0 0.328048
0.244226  0.0 0.129627 1.0 0.147608 2.0 0.163817 3.0 0.178463 4.0 0.191731 5.0 0.203785 6.0 0.214770 7.0 0.224813 8.0 0.234024 9.0 0.242498 10.0 0.250321 11.0 0.257564 12.0 0.264287 13.0 0.270542 14.0 0.276373 15.0 0.281817 16.0 0.286901 17.0 0.291653 18.0 0.296090 19.0 0.300228 20.0 0.304083 21.0 0.307664 22.0 0.310982 23.0 0.314043 24.0 0.316861 25.0 0.319442 26.0 0.321799 27.0 0.323948 28.0 0.325904 29.0 0.327688 30.0 0.329326
0.258309  0.0 0.130150 1.0 0.148203 2.0 0.164475 3.0 0.179177 4.0 0.192497 5.0 0.204599 6.0 0.215626 7.0 0.225707 8.0 0.234952 9.0 0.243461 10.0 0.251314 11.0 0.258583 12.0 0.265332 13.0 0.271612 14.0 0.277465 15.0 0.282928 16.0 0.288033 17.0 0.292801 18.0 0.297256 19.0 0.301410 20.0 0.305279 21.0 0.308873 22.0 0.312201 23.0 0.315276 24.0 0.318101 25.0 0.320693 26.0 0.323060 27.0 0.325216 28.0 0.327179 29.0 0.328969 30.0 0.330611
0.273204  0.0 0.130677 1.0 0.148801 2.0 0.165138 3.0 0.179899 4.0 0.193270 5.0 0.205418 6.0 0.216488 7.0 0.226608 8.0 0.235890 9.0 0.244430 10.0 0.252313 11.0 0.259612 12.0 0.266386 13.0 0.272688 14.0 0.278565 15.0 0.284049 16.0 0.289172 17.0 0.293959 18.0 0.298429 19.0 0.302600 20.0 0.306483 21.0 0.310089 22.0 0.313432 23.0 0.316517 24.0 0.319354 25.0 0.321954 26.0 0.324328 27.0 0.326492 28.0 0.328462 29.0 0.330260 30.0 0.331910
0.288957  0.0 0.131209 1.0 0.149405 2.0 0.165806 3.0 0.180625 4.0 0.194049 5.0 0.206244 6.0 0.217356 7.0 0.227516 8.0 0.236834 9.0 0.245408 10.0 0.253321 11.0 0.260647 12.0 0.267447 13.0 0.273775 14.0 0.279672 15.0 0.285177 16.0 0.290321 17.0 0.295126 18.0 0.299613 19.0 0.303799 20.0 0.307696 21.0 0.311318 22.0 0.314672 23.0 0.317768 24.0 0.320616 25.0 0.323226 26.0 0.325610 27.0 0.327781 28.0 0.329758 29.0 0.331562 30.0 0.333217
0.305619  0.0 0.131745 1.0 0.150014 2.0 0.166480 3.0 0.181356 4.0 0.194833 5.0 0.207077 6.0 0.218233 7.0 0.228432 8.0 0.237786 9.0 0.246393 10.0 0.254337 11.0 0.261691 12.0 0.268518 13.0 0.274870 14.0 0.280790 15.0 0.286316 16.0 0.291479 17.0 0.296301 18.0 0.300806 19.0 0.305008 20.0 0.308921 21.0 0.312555 22.0 0.315920 23.0 0.319029 24.0 0.321887 25.0 0.324506 26.0 0.326899 27.0 0.329079 28.0 0.331063 29.0 0.332872 30.0 0.334534
0.323242  0.0 0.132285 1.0 0.150627 2.0 0.167159 3.0 0.182095 4.0 0.195625 5.0 0.207915 6.0 0.219116 7.0 0.229355 8.0 0.238746 9.0 0.247385 10.0 0.255360 11.0 0.262744 12.0 0.269597 13.0 0.275972 14.0 0.281916 15.0 0.287464 16.0 0.292645 17.0 0.297488 18.0 0.302008 19.0 0.306226 20.0 0.310153 21.0 0.313801 22.0 0.317181 23.0 0.320299 24.0 0.323169 25.0 0.325798 26.0 0.328199 27.0 0.330387 28.0 0.332379 29.0 0.334196 30.0 0.335863
0.341881  0.0 0.132830 1.0 0.151246 2.0 0.167843 3.0 0.182839 4.0 0.196422 5.0 0.208762 6.0 0.220007 7.0 0.230285 8.0 0.239713 9.0 0.248387 10.0 0.256393 11.0 0.263804 12.0 0.270683 13.0 0.277085 14.0 0.283051 15.0 0.288619 16.0 0.293822 17.0 0.298682 18.0 0.303221 19.0 0.307455 20.0 0.311397 21.0 0.315059 22.0 0.318450 23.0 0.321582 24.0 0.324460 25.0 0.327100 26.0 0.329511 27.0 0.331706 28.0 0.333705 29.0 0.335528 30.0 0.337200
0.361595  0.0 0.133380 1.0 0.151870 2.0 0.168534 3.0 0.183589 4.0 0.197226 5.0 0.209615 6.0 0.220905 7.0 0.231224 8.0 0.240688 9.0 0.249396 10.0 0.257434 11.0 0.264875 12.0 0.271781 13.0 0.278206 14.0 0.284196 15.0 0.289786 16.0 0.295008 17.0 0.299887 18.0 0.304443 19.0 0.308693 20.0 0.312650 21.0 0.316325 22.0 0.319730 23.0 0.322873 24.0 0.325764 25.0 0.328411 26.0 0.330830 27.0 0.333035 28.0 0.335040 29.0 0.336871 30.0 0.338551
0.382446  0.0 0.133933 1.0 0.152498 2.0 0.169230 3.0 0.184346 4.0 0.198038 5.0 0.210475 6.0 0.221809 7.0 0.232170 8.0 0.241672 9.0 0.250413 10.0 0.258483 11.0 0.265953 12.0 0.272886 13.0 0.279336 14.0 0.285349 15.0 0.290961 16.0 0.296203 17.0 0.301102 18.0 0.305675 19.0 0.309940 20.0 0.313912 21.0 0.317603 22.0 0.321021 23.0 0.324174 24.0 0.327076 25.0 0.329735 26.0 0.332163 27.0 0.334375 28.0 0.336389 29.0 0.338226 30.0 0.339911
0.404499  0.0 0.134492 1.0 0.153132 2.0 0.169931 3.0 0.185107 4.0 0.198855 5.0 0.211343 6.0 0.222722 7.0 0.233123 8.0 0.242662 9.0 0.251440 10.0 0.259541 11.0 0.267039 12.0 0.274000 13.0 0.280477 14.0 0.286512 15.0 0.292146 16.0 0.297409 17.0 0.302325 18.0 0.306917 19.0 0.311199 20.0 0.315187 21.0 0.318891 22.0 0.322320 23.0 0.325488 24.0 0.328399 25.0 0.331068 26.0 0.333506 27.0 0.335726 28.0 0.337747 29.0 0.339590 30.0 0.341282
0.427823  0.0 0.135055 1.0 0.153772 2.0 0.170639 3.0 0.185877 4.0 0.199679 5.0 0.212217 6.0 0.223642 7.0 0.234085 8.0 0.243662 9.0 0.252474 10.0 0.260606 11.0 0.268136 12.0 0.275124 13.0 0.281625 14.0 0.287685 15.0 0.293341 16.0 0.298624 17.0 0.303560 18.0 0.308168 19.0 0.312468 20.0 0.316470 21.0 0.320187 22.0 0.323632 23.0 0.326810 24.0 0.329734 25.0 0.332412 26.0 0.334858 27.0 0.337087 28.0 0.339116 29.0 0.340967 30.0 0.342665
0.452493  0.0 0.135623 1.0 0.154416 2.0 0.171352 3.0 0.186652 4.0 0.200511 5.0 0.213099 6.0 0.224568 7.0 0.235054 8.0 0.244670 9.0 0.253517 10.0 0.261682 11.0 0.269240 12.0 0.276256 13.0 0.282784 14.0 0.288866 15.0 0.294545 16.0 0.299849 17.0 0.304804 18.0 0.309431 19.0 0.313746 20.0 0.317764 21.0 0.321497 22.0 0.324954 23.0 0.328144 24.0 0.331079 25.0 0.333768 26.0 0.336224 27.0 0.338461 28.0 0.340497 29.0 0.342354 30.0 0.344058
0.478584  0.0 0.136196 1.0 0.155067 2.0 0.172072 3.0 0.187434 4.0 0.201348 5.0 0.213988 6.0 0.225505 7.0 0.236032 8.0 0.245685 9.0 0.254569 10.0 0.262766 11.0 0.270355 12.0 0.277399 13.0 0.283952 14.0 0.290059 15.0 0.295760 16.0 0.301085 17.0 0.306058 18.0 0.310704 19.0 0.315036 20.0 0.319070 21.0 0.322816 22.0 0.326286 23.0 0.329490 24.0 0.332435 25.0 0.335133 26.0 0.337599 27.0 0.339845 28.0 0.341888 29.0 0.343751 30.0 0.345463
0.506181  0.0 0.136774 1.0 0.155722 2.0 0.172798 3.0 0.188223 4.0 0.202194 5.0 0.214884 6.0 0.226448 7.0 0.237018 8.0 0.246711 9.0 0.255628 10.0 0.263858 11.0 0.271479 12.0 0.278550 13.0 0.285128 14.0 0.291261 15.0 0.296984 16.0 0.302329 17.0 0.307324 18.0 0.311986 19.0 0.316336 20.0 0.320385 21.0 0.324146 22.0 0.327630 23.0 0.330845 24.0 0.333803 25.0 0.336512 26.0 0.338986 27.0 0.341240 28.0 0.343292 29.0 0.345163 30.0 0.346880
0.535369  0.0 0.137356 1.0 0.156383 2.0 0.173529 3.0 0.189018 4.0 0.203046 5.0 0.215788 6.0 0.227398 7.0 0.238010 8.0 0.247743 9.0 0.256698 10.0 0.264962 11.0 0.272610 12.0 0.279710 13.0 0.286317 14.0 0.292472 15.0 0.298218 16.0 0.303586 17.0 0.308599 18.0 0.313281 19.0 0.317647 20.0 0.321712 21.0 0.325488 22.0 0.328985 23.0 0.332213 24.0 0.335180 25.0 0.337901 26.0 0.340385 27.0 0.342648 28.0 0.344707 29.0 0.346585 30.0 0.348307
0.566240  0.0 0.137944 1.0 0.157050 2.0 0.174267 3.0 0.189819 4.0 0.203905 5.0 0.216700 6.0 0.228358 7.0 0.239014 8.0 0.248785 9.0 0.257776 10.0 0.266073 11.0 0.273754 12.0 0.280882 13.0 0.287514 14.0 0.293695 15.0 0.299464 16.0 0.304852 17.0 0.309885 18.0 0.314585 19.0 0.318969 20.0 0.323050 21.0 0.326840 22.0 0.330350 23.0 0.333591 24.0 0.336571 25.0 0.339300 26.0 0.341794 27.0 0.344065 28.0 0.346132 29.0 0.348017 30.0 0.349748
0.598891  0.0 0.138536 1.0 0.157723 2.0 0.175012 3.0 0.190628 4.0 0.204772 5.0 0.217619 6.0 0.229325 7.0 0.240024 8.0 0.249836 9.0 0.258862 10.0 0.267193 11.0 0.274906 12.0 0.282063 13.0 0.288720 14.0 0.294927 15.0 0.300719 16.0 0.306128 17.0 0.311183 18.0 0.315900 19.0 0.320300 20.0 0.324397 21.0 0.328204 22.0 0.331729 23.0 0.334980 24.0 0.337973 25.0 0.340714 26.0 0.343216 27.0 0.345496 28.0 0.347571 29.0 0.349464 30.0 0.351200
0.633424  0.0 0.139134 1.0 0.158401 2.0 0.175762 3.0 0.191444 4.0 0.205646 5.0 0.218547 6.0 0.230300 7.0 0.241043 8.0 0.250895 9.0 0.259959 10.0 0.268324 11.0 0.276066 12.0 0.283252 13.0 0.289939 14.0 0.296169 15.0 0.301984 16.0 0.307416 17.0 0.312490 18.0 0.317228 19.0 0.321645 20.0 0.325759 21.0 0.329580 22.0 0.333117 23.0 0.336383 24.0 0.339385 25.0 0.342137 26.0 0.344650 27.0 0.346939 28.0 0.349022 29.0 0.350921 30.0 0.352662
0.669949  0.0 0.139737 1.0 0.159085 2.0 0.176519 3.0 0.192266 4.0 0.206527 5.0 0.219482 6.0 0.231284 7.0 0.242072 8.0 0.251963 9.0 0.261065 10.0 0.269464 11.0 0.277239 12.0 0.284455 13.0 0.291167 14.0 0.297423 15.0 0.303262 16.0 0.308715 17.0 0.313808 18.0 0.318565 19.0 0.323001 20.0 0.327130 21.0 0.330965 22.0 0.334518 23.0 0.337796 24.0 0.340811 25.0 0.343572 26.0 0.346094 27.0 0.348392 28.0 0.350483 29.0 0.352390 30.0 0.354140
0.708581  0.0 0.140345 1.0 0.159775 2.0 0.177283 3.0 0.193096 4.0 0.207417 5.0 0.220425 6.0 0.232276 7.0 0.243108 8.0 0.253042 9.0 0.262179 10.0 0.270613 11.0 0.278420 12.0 0.285665 13.0 0.292404 14.0 0.298687 15.0 0.304549 16.0 0.310023 17.0 0.315139 18.0 0.319913 19.0 0.324366 20.0 0.328512 21.0 0.332364 22.0 0.335931 23.0 0.339220 24.0 0.342248 25.0 0.345021 26.0 0.347553 27.0 0.349860 28.0 0.351959 29.0 0.353873 30.0 0.355628
0.749439  0.0 0.140958 1.0 0.160471 2.0 0.178052 3.0 0.193933 4.0 0.208314 5.0 0.221376 6.0 0.233276 7.0 0.244153 8.0 0.254128 9.0 0.263305 10.0 0.271773 11.0 0.279611 12.0 0.286886 13.0 0.293654 14.0 0.299961 15.0 0.305847 16.0 0.311345 17.0 0.316480 18.0 0.321275 19.0 0.325746 20.0 0.329909 21.0 0.333775 22.0 0.337354 23.0 0.340659 24.0 0.343696 25.0 0.346481 26.0 0.349024 27.0 0.351339 28.0 0.353446 29.0 0.355367 30.0 0.357129
0.792654  0.0 0.141577 1.0 0.161174 2.0 0.178830 3.0 0.194776 4.0 0.209218 5.0 0.222336 6.0 0.234286 7.0 0.245209 8.0 0.255224 9.0 0.264439 10.0 0.272942 11.0 0.280814 12.0 0.288119 13.0 0.294914 14.0 0.301247 15.0 0.307157 16.0 0.312677 17.0 0.317832 18.0 0.322646 19.0 0.327136 20.0 0.331315 21.0 0.335196 22.0 0.338791 23.0 0.342109 24.0 0.345159 25.0 0.347953 26.0 0.350505 27.0 0.352829 28.0 0.354944 29.0 0.356874 30.0 0.358644
0.838361  0.0 0.142201 1.0 0.161882 2.0 0.179614 3.0 0.195629 4.0 0.210132 5.0 0.223303 6.0 0.235304 7.0 0.246273 8.0 0.256331 9.0 0.265582 10.0 0.274121 11.0 0.282026 12.0 0.289361 13.0 0.296183 14.0 0.302543 15.0 0.308478 16.0 0.314019 17.0 0.319197 18.0 0.324030 19.0 0.328537 20.0 0.332733 21.0 0.336631 22.0 0.340240 23.0 0.343570 24.0 0.346633 25.0 0.349439 26.0 0.352001 27.0 0.354335 28.0 0.356458 29.0 0.358395 30.0 0.360170
0.886703  0.0 0.142831 1.0 0.162596 2.0 0.180404 3.0 0.196488 4.0 0.211052 5.0 0.224280 6.0 0.236331 7.0 0.247345 8.0 0.257445 9.0 0.266737 10.0 0.275312 11.0 0.283247 12.0 0.290613 13.0 0.297466 14.0 0.303850 15.0 0.309809 16.0 0.315375 17.0 0.320573 18.0 0.325427 19.0 0.329952 20.0 0.334165 21.0 0.338078 22.0 0.341700 23.0 0.345045 24.0 0.348119 25.0 0.350937 26.0 0.353509 27.0 0.355852 28.0 0.357984 29.0 0.359927 30.0 0.361710
0.937833  0.0 0.143466 1.0 0.163318 2.0 0.181202 3.0 0.197353 4.0 0.211980 5.0 0.225265 6.0 0.237367 7.0 0.248428 8.0 0.258570 9.0 0.267901 10.0 0.276512 11.0 0.284482 12.0 0.291878 13.0 0.298758 14.0 0.305170 15.0 0.311154 16.0 0.316742 17.0 0.321961 18.0 0.326834 19.0 0.331379 20.0 0.335609 21.0 0.339536 22.0 0.343175 23.0 0.346532 24.0 0.349620 25.0 0.352447 26.0 0.355029 27.0 0.357381 28.0 0.359521 29.0 0.361473 30.0 0.363264
0.991911  0.0 0.144107 1.0 0.164045 2.0 0.182007 3.0 0.198228 4.0 0.212918 5.0 0.226258 6.0 0.238412 7.0 0.249520 8.0 0.259706 9.0 0.269075 10.0 0.277722 11.0 0.285726 12.0 0.293153 13.0 0.300061 14.0 0.306501 15.0 0.312509 16.0 0.318119 17.0 0.323362 18.0 0.328254 19.0 0.332816 20.0 0.337063 21.0 0.341009 22.0 0.344662 23.0 0.348032 24.0 0.351132 25.0 0.353972 26.0 0.356564 27.0 0.358926 28.0 0.361075 29.0 0.363034 30.0 0.364830
1.049107  0.0 0.144754 1.0 0.164778 2.0 0.182818 3.0 0.199110 4.0 0.213863 5.0 0.227261 6.0 0.239466 7.0 0.250621 8.0 0.260851 9.0 0.270260 10.0 0.278944 11.0 0.286980 12.0 0.294438 13.0 0.301378 14.0 0.307842 15.0 0.313876 16.0 0.319511 17.0 0.324773 18.0 0.329687 19.0 0.334268 20.0 0.338533 21.0 0.342494 22.0 0.346160 23.0 0.349546 24.0 0.352657 25.0 0.355509 26.0 0.358112 27.0 0.360483 28.0 0.362640 29.0 0.364606 30.0 0.366409
1.109601  0.0 0.145407 1.0 0.165519 2.0 0.183638 3.0 0.199999 4.0 0.214816 5.0 0.228273 6.0 0.240531 7.0 0.251733 8.0 0.262005 9.0 0.271456 10.0 0.280176 11.0 0.288247 12.0 0.295737 13.0 0.302704 14.0 0.309197 15.0 0.315256 16.0 0.320914 17.0 0.326198 18.0 0.331131 19.0 0.335732 20.0 0.340015 21.0 0.343991 22.0 0.347674 23.0 0.351072 24.0 0.354197 25.0 0.357059 26.0 0.359672 27.0 0.362052 28.0 0.364217 29.0 0.366193 30.0 0.368004
1.173584  0.0 0.146065 1.0 0.166266 2.0 0.184464 3.0 0.200898 4.0 0.215778 5.0 0.229293 6.0 0.241604 7.0 0.252855 8.0 0.263171 9.0 0.272661 10.0 0.281418 11.0 0.289525 12.0 0.297046 13.0 0.304042 14.0 0.310563 15.0 0.316647 16.0 0.322328 17.0 0.327636 18.0 0.332589 19.0 0.337208 20.0 0.341508 21.0 0.345502 22.0 0.349200 23.0 0.352611 24.0 0.355750 25.0 0.358624 26.0 0.361248 27.0 0.363637 28.0 0.365812 29.0 0.367794 30.0 0.369612
1.241256  0.0 0.146729 1.0 0.167020 2.0 0.185298 3.0 0.201804 4.0 0.216750 5.0 0.230321 6.0 0.242686 7.0 0.253986 8.0 0.264347 9.0 0.273878 10.0 0.282673 11.0 0.290812 12.0 0.298366 13.0 0.305394 14.0 0.311940 15.0 0.318050 16.0 0.323756 17.0 0.329085 18.0 0.334060 19.0 0.338699 20.0 0.343017 21.0 0.347027 22.0 0.350739 23.0 0.354166 24.0 0.357314 25.0 0.360201 26.0 0.362836 27.0 0.365236 28.0 0.367419 29.0 0.369408 30.0 0.371233
1.312831  0.0 0.147400 1.0 0.167781 2.0 0.186139 3.0 0.202718 4.0 0.217729 5.0 0.231361 6.0 0.243779 7.0 0.255127 8.0 0.265532 9.0 0.275106 10.0 0.283938 11.0 0.292113 12.0 0.299699 13.0 0.306756 14.0 0.313332 15.0 0.319467 16.0 0.325197 17.0 0.330547 18.0 0.335544 19.0 0.340202 20.0 0.344538 21.0 0.348564 22.0 0.352292 23.0 0.355733 24.0 0.358896 25.0 0.361792 26.0 0.364437 27.0 0.366847 28.0 0.369038 29.0 0.371037 30.0 0.372870
1.388532  0.0 0.148077 1.0 0.168549 2.0 0.186989 3.0 0.203640 4.0 0.218717 5.0 0.232409 6.0 0.244882 7.0 0.256280 8.0 0.266730 9.0 0.276343 10.0 0.285214 11.0 0.293425 12.0 0.301044 13.0 0.308130 14.0 0.314734 15.0 0.320896 16.0 0.326649 17.0 0.332024 18.0 0.337040 19.0 0.341718 20.0 0.346072 21.0 0.350115 22.0 0.353860 23.0 0.357312 24.0 0.360490 25.0 0.363399 26.0 0.366055 27.0 0.368474 28.0 0.370675 29.0 0.372681 30.0 0.374521
1.468599  0.0 0.148759 1.0 0.169323 2.0 0.187846 3.0 0.204571 4.0 0.219715 5.0 0.233466 6.0 0.245993 7.0 0.257441 8.0 0.267938 9.0 0.277593 10.0 0.286503 11.0 0.294748 12.0 0.302400 13.0 0.309518 14.0 0.316149 15.0 0.322337 16.0 0.328116 17.0 0.333513 18.0 0.338551 19.0 0.343248 20.0 0.347621 21.0 0.351681 22.0 0.355440 23.0 0.358909 24.0 0.362097 25.0 0.365020 26.0 0.367687 27.0 0.370116 28.0 0.372325 29.0 0.374339 30.0 0.376184
1.553282  0.0 0.149449 1.0 0.170105 2.0 0.188710 3.0 0.205511 4.0 0.220722 5.0 0.234534 6.0 0.247116 7.0 0.258614 8.0 0.269156 9.0 0.278855 10.0 0.287803 11.0 0.296084 12.0 0.303769 13.0 0.310918 14.0 0.317578 15.0 0.323793 16.0 0.329596 17.0 0.335015 18.0 0.340075 19.0 0.344793 20.0 0.349184 21.0 0.353260 22.0 0.357034 23.0 0.360519 24.0 0.363721 25.0 0.366653 26.0 0.369332 27.0 0.371770 28.0 0.373989 29.0 0.376011 30.0 0.377866
1.642849  0.0 0.150145 1.0 0.170895 2.0 0.189584 3.0 0.206458 4.0 0.221737 5.0 0.235612 6.0 0.248249 7.0 0.259798 8.0 0.270387 9.0 0.280127 10.0 0.289114 11.0 0.297433 12.0 0.305151 13.0 0.312329 14.0 0.319019 15.0 0.325261 16.0 0.331089 17.0 0.336532 18.0 0.341612 19.0 0.346350 20.0 0.350759 21.0 0.354853 22.0 0.358645 23.0 0.362141 24.0 0.365358 25.0 0.368304 26.0 0.370992 27.0 0.373441 28.0 0.375669 29.0 0.377700 30.0 0.379562
1.737580  0.0 0.150847 1.0 0.171691 2.0 0.190465 3.0 0.207416 4.0 0.222763 5.0 0.236698 6.0 0.249392 7.0 0.260993 8.0 0.271628 9.0 0.281410 10.0 0.290438 11.0 0.298793 12.0 0.306545 13.0 0.313755 14.0 0.320473 15.0 0.326742 16.0 0.332595 17.0 0.338062 18.0 0.343165 19.0 0.347922 20.0 0.352350 21.0 0.356462 22.0 0.360269 23.0 0.363781 24.0 0.367010 25.0 0.369968 26.0 0.372669 27.0 0.375128 28.0 0.377365 29.0 0.379403 30.0 0.381271
1.837774  0.0 0.151555 1.0 0.172495 2.0 0.191354 3.0 0.208382 4.0 0.223798 5.0 0.237795 6.0 0.250545 7.0 0.262197 8.0 0.272881 9.0 0.282707 10.0 0.291774 11.0 0.300164 12.0 0.307951 13.0 0.315194 14.0 0.321941 15.0 0.328237 16.0 0.334116 17.0 0.339605 18.0 0.344731 19.0 0.349509 20.0 0.353956 21.0 0.358085 22.0 0.361906 23.0 0.365435 24.0 0.368677 25.0 0.371647 26.0 0.374359 27.0 0.376828 28.0 0.379074 29.0 0.381120 30.0 0.382998
1.943745  0.0 0.152271 1.0 0.173306 2.0 0.192251 3.0 0.209356 4.0 0.224842 5.0 0.238903 6.0 0.251711 7.0 0.263415 8.0 0.274144 9.0 0.284015 10.0 0.293122 11.0 0.301551 12.0 0.309371 13.0 0.316645 14.0 0.323423 15.0 0.329746 16.0 0.335650 17.0 0.341164 18.0 0.346310 19.0 0.351109 20.0 0.355575 21.0 0.359721 22.0 0.363561 23.0 0.367103 24.0 0.370360 25.0 0.373342 26.0 0.376064 27.0 0.378543 28.0 0.380799 29.0 0.382856 30.0 0.384741
2.055827  0.0 0.152993 1.0 0.174126 2.0 0.193158 3.0 0.210340 4.0 0.225895 5.0 0.240021 6.0 0.252886 7.0 0.264643 8.0 0.275421 9.0 0.285335 10.0 0.294482 11.0 0.302949 12.0 0.310804 13.0 0.318109 14.0 0.324917 15.0 0.331268 16.0 0.337197 17.0 0.342737 18.0 0.347905 19.0 0.352723 20.0 0.357209 21.0 0.361375 22.0 0.365230 23.0 0.368787 24.0 0.372058 25.0 0.375053 26.0 0.377788 27.0 0.380277 28.0 0.382542 29.0 0.384606 30.0 0.386498
2.174371  0.0 0.153722 1.0 0.174953 2.0 0.194072 3.0 0.211333 4.0 0.226960 5.0 0.241148 6.0 0.254072 7.0 0.265882 8.0 0.276709 9.0 0.286667 10.0 0.295856 11.0 0.304359 12.0 0.312250 13.0 0.319589 14.0 0.326425 15.0 0.332804 16.0 0.338761 17.0 0.344323 18.0 0.349515 19.0 0.354355 20.0 0.358860 21.0 0.363043 22.0 0.366914 23.0 0.370487 24.0 0.373770 25.0 0.376779 26.0 0.379525 27.0 0.382025 28.0 0.384299 29.0 0.386371 30.0 0.388271
2.299752  0.0 0.154457 1.0 0.175787 2.0 0.194995 3.0 0.212336 4.0 0.228034 5.0 0.242288 6.0 0.255270 7.0 0.267133 8.0 0.278009 9.0 0.288013 10.0 0.297243 11.0 0.305784 12.0 0.313710 13.0 0.321081 14.0 0.327949 15.0 0.334356 16.0 0.340339 17.0 0.345924 18.0 0.351140 19.0 0.356001 20.0 0.360526 21.0 0.364726 22.0 0.368614 23.0 0.372202 24.0 0.375501 25.0 0.378520 26.0 0.381278 27.0 0.383788 28.0 0.386072 29.0 0.388154 30.0 0.390063
2.432362  0.0 0.155201 1.0 0.176630 2.0 0.195927 3.0 0.213347 4.0 0.229118 5.0 0.243438 6.0 0.256480 7.0 0.268397 8.0 0.279321 9.0 0.289371 10.0 0.298642 11.0 0.307222 12.0 0.315184 13.0 0.322587 14.0 0.329486 15.0 0.335922 16.0 0.341930 17.0 0.347542 18.0 0.352778 19.0 0.357662 20.0 0.362205 21.0 0.366424 22.0 0.370331 23.0 0.373932 24.0 0.377246 25.0 0.380280 26.0 0.383049 27.0 0.385570 28.0 0.387864 29.0 0.389954 30.0 0.391869
2.572619  0.0 0.155952 1.0 0.177481 2.0 0.196868 3.0 0.214370 4.0 0.230213 5.0 0.244598 6.0 0.257700 7.0 0.269672 8.0 0.280647 9.0 0.290740 10.0 0.300054 11.0 0.308674 12.0 0.316671 13.0 0.324107 14.0 0.331037 15.0 0.337502 16.0 0.343537 17.0 0.349174 18.0 0.354434 19.0 0.359338 20.0 0.363902 21.0 0.368140 22.0 0.372062 23.0 0.375681 24.0 0.379007 25.0 0.382055 26.0 0.384836 27.0 0.387368 28.0 0.389671 29.0 0.391769 30.0 0.393692
2.720963  0.0 0.156709 1.0 0.178340 2.0 0.197818 3.0 0.215402 4.0 0.231319 5.0 0.245769 6.0 0.258931 7.0 0.270958 8.0 0.281984 9.0 0.292124 10.0 0.301481 11.0 0.310138 12.0 0.318171 13.0 0.325643 14.0 0.332603 15.0 0.339097 16.0 0.345160 17.0 0.350821 18.0 0.356106 19.0 0.361031 20.0 0.365615 21.0 0.369871 22.0 0.373809 23.0 0.377445 24.0 0.380785 25.0 0.383845 26.0 0.386639 27.0 0.389182 28.0 0.391494 29.0 0.393600 30.0 0.395534
2.877861  0.0 0.157473 1.0 0.179207 2.0 0.198777 3.0 0.216443 4.0 0.232435 5.0 0.246953 6.0 0.260176 7.0 0.272257 8.0 0.283333 9.0 0.293522 10.0 0.302920 11.0 0.311618 12.0 0.319688 13.0 0.327193 14.0 0.334185 15.0 0.340708 16.0 0.346798 17.0 0.352484 18.0 0.357791 19.0 0.362740 20.0 0.367344 21.0 0.371617 22.0 0.375575 23.0 0.379225 24.0 0.382581 25.0 0.385654 26.0 0.388458 27.0 0.391012 28.0 0.393335 29.0 0.395452 30.0 0.397392
3.043807  0.0 0.158246 1.0 0.180084 2.0 0.199746 3.0 0.217494 4.0 0.233561 5.0 0.248148 6.0 0.261432 7.0 0.273570 8.0 0.284697 9.0 0.294931 10.0 0.304373 11.0 0.313111 12.0 0.321218 13.0 0.328756 14.0 0.335781 15.0 0.342334 16.0 0.348450 17.0 0.354163 18.0 0.359493 19.0 0.364463 20.0 0.369088 21.0 0.373382 22.0 0.377357 23.0 0.381022 24.0 0.384393 25.0 0.387480 26.0 0.390297 27.0 0.392862 28.0 0.395195 29.0 0.397320 30.0 0.399267
3.219321  0.0 0.159027 1.0 0.180969 2.0 0.200724 3.0 0.218557 4.0 0.234699 5.0 0.249353 6.0 0.262700 7.0 0.274895 8.0 0.286074 9.0 0.296354 10.0 0.305840 11.0 0.314619 12.0 0.322763 13.0 0.330336 14.0 0.337392 15.0 0.343974 16.0 0.350120 17.0 0.355858 18.0 0.361213 19.0 0.366205 20.0 0.370850 21.0 0.375163 22.0 0.379155 23.0 0.382838 24.0 0.386222 25.0 0.389323 26.0 0.392152 27.0 0.394728 28.0 0.397071 29.0 0.399205 30.0 0.401160
3.404956  0.0 0.159814 1.0 0.181862 2.0 0.201712 3.0 0.219630 4.0 0.235848 5.0 0.250570 6.0 0.263980 7.0 0.276232 8.0 0.287463 9.0 0.297793 10.0 0.307323 11.0 0.316140 12.0 0.324322 13.0 0.331932 14.0 0.339019 15.0 0.345632 16.0 0.351806 17.0 0.357569 18.0 0.362949 19.0 0.367963 20.0 0.372630 21.0 0.376961 22.0 0.380969 23.0 0.384670 24.0 0.388069 25.0 0.391182 26.0 0.394024 27.0 0.396612 28.0 0.398964 29.0 0.401107 30.0 0.403073
3.601296  0.0 0.160609 1.0 0.182763 2.0 0.202709 3.0 0.220713 4.0 0.237008 5.0 0.251801 6.0 0.265273 7.0 0.277582 8.0 0.288866 9.0 0.299245 10.0 0.308819 11.0 0.317678 12.0 0.325898 13.0 0.333542 14.0 0.340663 15.0 0.347306 16.0 0.353507 17.0 0.359297 18.0 0.364700 19.0 0.369738 20.0 0.374425 21.0 0.378775 22.0 0.382804 23.0 0.386519 24.0 0.389935 25.0 0.393061 26.0 0.395915 27.0 0.398513 28.0 0.400877 29.0 0.403030 30.0 0.405003
3.808956  0.0 0.161413 1.0 0.183675 2.0 0.203716 3.0 0.221806 4.0 0.238179 5.0 0.253043 6.0 0.266579 7.0 0.278947 8.0 0.290284 9.0 0.300710 10.0 0.310329 11.0 0.319231 12.0 0.327489 13.0 0.335167 14.0 0.342322 15.0 0.348995 16.0 0.355224 17.0 0.361042 18.0 0.366469 19.0 0.371529 20.0 0.376237 21.0 0.380609 22.0 0.384655 23.0 0.388386 24.0 0.391817 25.0 0.394959 26.0 0.397825 27.0 0.400435 28.0 0.402808 29.0 0.404971 30.0 0.406951
4.028591  0.0 0.162225 1.0 0.184595 2.0 0.204734 3.0 0.222911 4.0 0.239362 5.0 0.254297 6.0 0.267898 7.0 0.280324 8.0 0.291715 9.0 0.302189 10.0 0.311854 11.0 0.320798 12.0 0.329094 13.0 0.336809 14.0 0.343996 15.0 0.350700 16.0 0.356959 17.0 0.362804 18.0 0.368257 19.0 0.373339 20.0 0.378069 21.0 0.382460 22.0 0.386523 23.0 0.390273 24.0 0.393717 25.0 0.396873 26.0 0.399753 27.0 0.402374 28.0 0.404758 29.0 0.406929 30.0 0.408918
4.260891  0.0 0.163045 1.0 0.185525 2.0 0.205762 3.0 0.224027 4.0 0.240558 5.0 0.255563 6.0 0.269229 7.0 0.281715 8.0 0.293160 9.0 0.303685 10.0 0.313396 11.0 0.322379 12.0 0.330715 13.0 0.338468 14.0 0.345687 15.0 0.352423 16.0 0.358712 17.0 0.364582 18.0 0.370061 19.0 0.375167 20.0 0.379919 21.0 0.384329 22.0 0.388410 23.0 0.392177 24.0 0.395637 25.0 0.398805 26.0 0.401699 27.0 0.404331 28.0 0.406725 29.0 0.408906 30.0 0.410906
4.506586  0.0 0.163873 1.0 0.186463 2.0 0.206800 3.0 0.225154 4.0 0.241765 5.0 0.256843 6.0 0.270574 7.0 0.283119 8.0 0.294619 9.0 0.305195 10.0 0.314952 11.0 0.323979 12.0 0.332354 13.0 0.340142 14.0 0.347397 15.0 0.354164 16.0 0.360481 17.0 0.366378 18.0 0.371882 19.0 0.377012 20.0 0.381785 21.0 0.386215 22.0 0.390317 23.0 0.394099 24.0 0.397576 25.0 0.400759 26.0 0.403664 27.0 0.406308 28.0 0.408713 29.0 0.410905 30.0 0.412912
4.766448  0.0 0.164709 1.0 0.187411 2.0 0.207847 3.0 0.226292 4.0 0.242983 5.0 0.258136 6.0 0.271933 7.0 0.284539 8.0 0.296093 9.0 0.306720 10.0 0.316523 11.0 0.325594 12.0 0.334009 13.0 0.341832 14.0 0.349122 15.0 0.355921 16.0 0.362267 17.0 0.368193 18.0 0.373721 19.0 0.378875 20.0 0.383670 21.0 0.388121 22.0 0.392242 23.0 0.396040 24.0 0.399534 25.0 0.402732 26.0 0.405650 27.0 0.408306 28.0 0.410722 29.0 0.412922 30.0 0.414937
5.041295  0.0 0.165555 1.0 0.188370 2.0 0.208907 3.0 0.227441 4.0 0.244214 5.0 0.259441 6.0 0.273306 7.0 0.285973 8.0 0.297583 9.0 0.308260 10.0 0.318109 11.0 0.327224 12.0 0.335679 13.0 0.343540 14.0 0.350864 15.0 0.357695 16.0 0.364071 17.0 0.370026 18.0 0.375580 19.0 0.380757 20.0 0.385575 21.0 0.390047 22.0 0.394185 23.0 0.398002 24.0 0.401509 25.0 0.404723 26.0 0.407655 27.0 0.410323 28.0 0.412749 29.0 0.414958 30.0 0.416982
5.331990  0.0 0.166409 1.0 0.189338 2.0 0.209978 3.0 0.228603 4.0 0.245459 5.0 0.260759 6.0 0.274692 7.0 0.287420 8.0 0.299087 9.0 0.309815 10.0 0.319713 11.0 0.328871 12.0 0.337366 13.0 0.345266 14.0 0.352623 15.0 0.359487 16.0 0.365895 17.0 0.371876 18.0 0.377457 19.0 0.382659 20.0 0.387499 21.0 0.391991 22.0 0.396146 23.0 0.399983 24.0 0.403506 25.0 0.406733 26.0 0.409679 27.0 0.412359 28.0 0.414795 29.0 0.417015 30.0 0.419050
5.639448  0.0 0.167271 1.0 0.190316 2.0 0.211059 3.0 0.229777 4.0 0.246716 5.0 0.262091 6.0 0.276091 7.0 0.288882 8.0 0.300606 9.0 0.311388 10.0 0.321333 11.0 0.330534 12.0 0.339071 13.0 0.347009 14.0 0.354402 15.0 0.361298 16.0 0.367736 17.0 0.373744 18.0 0.379353 19.0 0.384579 20.0 0.389441 21.0 0.393953 22.0 0.398131 23.0 0.401983 24.0 0.405524 25.0 0.408765 26.0 0.411722 27.0 0.414414 28.0 0.416863 29.0 0.419094 30.0 0.421137
5.964634  0.0 0.168143 1.0 0.191304 2.0 0.212150 3.0 0.230962 4.0 0.247986 5.0 0.263437 6.0 0.277506 7.0 0.290360 8.0 0.302140 9.0 0.312975 10.0 0.322969 11.0 0.332215 12.0 0.340793 13.0 0.348769 14.0 0.356198 15.0 0.363128 16.0 0.369595 17.0 0.375633 18.0 0.381266 19.0 0.386518 20.0 0.391403 21.0 0.395936 22.0 0.400134 23.0 0.404003 24.0 0.407561 25.0 0.410818 26.0 0.413789 27.0 0.416494 28.0 0.418953 29.0 0.421193 30.0 0.423244
6.308571  0.0 0.169023 1.0 0.192302 2.0 0.213253 3.0 0.232160 4.0 0.249268 5.0 0.264797 6.0 0.278936 7.0 0.291853 8.0 0.303692 9.0 0.314579 10.0 0.324621 11.0 0.333914 12.0 0.342533 13.0 0.350546 14.0 0.358012 15.0 0.364975 16.0 0.371473 17.0 0.377541 18.0 0.383201 19.0 0.388476 20.0 0.393385 21.0 0.397941 22.0 0.402157 23.0 0.406045 24.0 0.409618 25.0 0.412890 26.0 0.415876 27.0 0.418593 28.0 0.421063 29.0 0.423313 30.0 0.425372
6.672341  0.0 0.169914 1.0 0.193311 2.0 0.214369 3.0 0.233370 4.0 0.250563 5.0 0.266170 6.0 0.280380 7.0 0.293361 8.0 0.305259 9.0 0.316198 10.0 0.326290 11.0 0.335629 12.0 0.344290 13.0 0.352343 14.0 0.359844 15.0 0.366840 16.0 0.373371 17.0 0.379468 18.0 0.385156 19.0 0.390456 20.0 0.395388 21.0 0.399965 22.0 0.404200 23.0 0.408107 24.0 0.411695 25.0 0.414983 26.0 0.417983 27.0 0.420713 28.0 0.423194 29.0 0.425453 30.0 0.427524
7.057087  0.0 0.170813 1.0 0.194331 2.0 0.215496 3.0 0.234593 4.0 0.251874 5.0 0.267558 6.0 0.281839 7.0 0.294884 8.0 0.306842 9.0 0.317836 10.0 0.327978 11.0 0.337361 12.0 0.346065 13.0 0.354159 14.0 0.361696 15.0 0.368726 16.0 0.375289 17.0 0.381414 18.0 0.387130 19.0 0.392456 20.0 0.397411 21.0 0.402010 22.0 0.406264 23.0 0.410190 24.0 0.413797 25.0 0.417097 26.0 0.420111 27.0 0.422853 28.0 0.425346 29.0 0.427617 30.0 0.429697
7.464018  0.0 0.171722 1.0 0.195361 2.0 0.216635 3.0 0.235829 4.0 0.253198 5.0 0.268960 6.0 0.283312 7.0 0.296423 8.0 0.308440 9.0 0.319490 10.0 0.329683 11.0 0.339112 12.0 0.347859 13.0 0.355993 14.0 0.363568 15.0 0.370632 16.0 0.377227 17.0 0.383380 18.0 0.389124 19.0 0.394476 20.0 0.399455 21.0 0.404074 22.0 0.408351 23.0 0.412294 24.0 0.415919 25.0 0.419236 26.0 0.422262 27.0 0.425017 28.0 0.427522 29.0 0.429803 30.0 0.431892
7.894415  0.0 0.172641 1.0 0.196402 2.0 0.217785 3.0 0.237078 4.0 0.254535 5.0 0.270378 6.0 0.284803 7.0 0.297980 8.0 0.310056 9.0 0.321162 10.0 0.331405 11.0 0.340882 12.0 0.349673 13.0 0.357845 14.0 0.365458 15.0 0.372558 16.0 0.379183 17.0 0.385369 18.0 0.391138 19.0 0.396516 20.0 0.401519 21.0 0.406162 22.0 0.410459 23.0 0.414419 24.0 0.418062 25.0 0.421395 26.0 0.424436 27.0 0.427204 28.0 0.429720 29.0 0.432011 30.0 0.434109
8.349629  0.0 0.173569 1.0 0.197454 2.0 0.218948 3.0 0.238340 4.0 0.255886 5.0 0.271811 6.0 0.286309 7.0 0.299552 8.0 0.311690 9.0 0.322851 10.0 0.333145 11.0 0.342670 12.0 0.351505 13.0 0.359717 14.0 0.367368 15.0 0.374503 16.0 0.381160 17.0 0.387377 18.0 0.393175 19.0 0.398578 20.0 0.403605 21.0 0.408271 22.0 0.412588 23.0 0.416569 24.0 0.420227 25.0 0.423577 26.0 0.426632 27.0 0.429413 28.0 0.431941 29.0 0.434242 30.0 0.436348
8.831092  0.0 0.174508 1.0 0.198518 2.0 0.220123 3.0 0.239615 4.0 0.257252 5.0 0.273258 6.0 0.287830 7.0 0.301141 8.0 0.313341 9.0 0.324557 10.0 0.334903 11.0 0.344477 12.0 0.353355 13.0 0.361609 14.0 0.369297 15.0 0.376467 16.0 0.383159 17.0 0.389406 18.0 0.395233 19.0 0.400663 20.0 0.405715 21.0 0.410403 22.0 0.414739 23.0 0.418740 24.0 0.422414 25.0 0.425780 26.0 0.428851 27.0 0.431644 28.0 0.434184 29.0 0.436495 30.0 0.438613
9.340317  0.0 0.175457 1.0 0.199594 2.0 0.221312 3.0 0.240905 4.0 0.258632 5.0 0.274721 6.0 0.289368 7.0 0.302747 8.0 0.315009 9.0 0.326282 10.0 0.336682 11.0 0.346302 12.0 0.355225 13.0 0.363522 14.0 0.371248 15.0 0.378454 16.0 0.385180 17.0 0.391456 18.0 0.397313 19.0 0.402770 20.0 0.407846 21.0 0.412556 22.0 0.416913 23.0 0.420934 24.0 0.424627 25.0 0.428006 26.0 0.431092 27.0 0.433899 28.0 0.436449 29.0 0.438774 30.0 0.440902
9.878906  0.0 0.176416 1.0 0.200681 2.0 0.222513 3.0 0.242209 4.0 0.260029 5.0 0.276199 6.0 0.290922 7.0 0.304370 8.0 0.316695 9.0 0.328026 10.0 0.338479 11.0 0.348146 12.0 0.357116 13.0 0.365455 14.0 0.373220 15.0 0.380462 16.0 0.387221 17.0 0.393527 18.0 0.399414 19.0 0.404898 20.0 0.409998 21.0 0.414731 22.0 0.419111 23.0 0.423150 24.0 0.426862 25.0 0.430258 26.0 0.433357 27.0 0.436177 28.0 0.438742 29.0 0.441077 30.0 0.443214
10.448551  0.0 0.177386 1.0 0.201780 2.0 0.223727 3.0 0.243527 4.0 0.261439 5.0 0.277694 6.0 0.292492 7.0 0.306010 8.0 0.318398 9.0 0.329789 10.0 0.340294 11.0 0.350013 12.0 0.359027 13.0 0.367408 14.0 0.375213 15.0 0.382491 16.0 0.389284 17.0 0.395623 18.0 0.401537 19.0 0.407048 20.0 0.412174 21.0 0.416930 22.0 0.421333 23.0 0.425389 24.0 0.429120 25.0 0.432534 26.0 0.435648 27.0 0.438482 28.0 0.441058 29.0 0.443403 30.0 0.445549
11.051044  0.0 0.178366 1.0 0.202890 2.0 0.224955 3.0 0.244859 4.0 0.262866 5.0 0.279206 6.0 0.294081 7.0 0.307669 8.0 0.320120 9.0 0.331570 10.0 0.342130 11.0 0.351898 12.0 0.360959 13.0 0.369381 14.0 0.377227 15.0 0.384542 16.0 0.391368 17.0 0.397741 18.0 0.403683 19.0 0.409221 20.0 0.414372 21.0 0.419154 22.0 0.423577 23.0 0.427655 24.0 0.431402 25.0 0.434833 26.0 0.437963 27.0 0.440810 28.0 0.443398 29.0 0.445754 30.0 0.447909
11.688278  0.0 0.179357 1.0 0.204013 2.0 0.226195 3.0 0.246205 4.0 0.264307 5.0 0.280733 6.0 0.295687 7.0 0.309346 8.0 0.321862 9.0 0.333371 10.0 0.343984 11.0 0.353804 12.0 0.362912 13.0 0.371376 14.0 0.379262 15.0 0.386615 16.0 0.393475 17.0 0.399880 18.0 0.405854 19.0 0.411419 20.0 0.416597 21.0 0.421401 22.0 0.425845 23.0 0.429944 24.0 0.433708 25.0 0.437157 26.0 0.440302 27.0 0.443163 28.0 0.445763 29.0 0.448129 30.0 0.450297
12.362256  0.0 0.180359 1.0 0.205148 2.0 0.227449 3.0 0.247566 4.0 0.265764 5.0 0.282278 6.0 0.297311 7.0 0.311041 8.0 0.323623 9.0 0.335190 10.0 0.345859 11.0 0.355731 12.0 0.364885 13.0 0.373395 14.0 0.381319 15.0 0.388709 16.0 0.395607 17.0 0.402043 18.0 0.408047 19.0 0.413641 20.0 0.418844 21.0 0.423672 22.0 0.428137 23.0 0.432258 24.0 0.436041 25.0 0.439505 26.0 0.442665 27.0 0.445540 28.0 0.448153 29.0 0.450531 30.0 0.452710
13.075099  0.0 0.181373 1.0 0.206297 2.0 0.228719 3.0 0.248942 4.0 0.267237 5.0 0.283839 6.0 0.298951 7.0 0.312754 8.0 0.325403 9.0 0.337030 10.0 0.347756 11.0 0.357678 12.0 0.366880 13.0 0.375435 14.0 0.383400 15.0 0.390828 16.0 0.397761 17.0 0.404229 18.0 0.410265 19.0 0.415887 20.0 0.421116 21.0 0.425968 22.0 0.430456 23.0 0.434597 24.0 0.438399 25.0 0.441879 26.0 0.445054 27.0 0.447943 28.0 0.450569 29.0 0.452960 30.0 0.455149
13.829045  0.0 0.182398 1.0 0.207459 2.0 0.230002 3.0 0.250335 4.0 0.268728 5.0 0.285418 6.0 0.300610 7.0 0.314486 8.0 0.327202 9.0 0.338892 10.0 0.349674 11.0 0.359646 12.0 0.368896 13.0 0.377497 14.0 0.385504 15.0 0.392970 16.0 0.399938 17.0 0.406439 18.0 0.412506 19.0 0.418157 20.0 0.423413 21.0 0.428288 22.0 0.432801 23.0 0.436960 24.0 0.440783 25.0 0.444281 26.0 0.447471 27.0 0.450374 28.0 0.453013 29.0 0.455416 30.0 0.457614
14.626467  0.0 0.183435 1.0 0.208633 2.0 0.231299 3.0 0.251743 4.0 0.270235 5.0 0.287014 6.0 0.302288 7.0 0.316237 8.0 0.329021 9.0 0.340774 10.0 0.351613 11.0 0.361638 12.0 0.370937 13.0 0.379581 14.0 0.387631 15.0 0.395136 16.0 0.402140 17.0 0.408675 18.0 0.414771 19.0 0.420452 20.0 0.425734 21.0 0.430634 22.0 0.435171 23.0 0.439350 24.0 0.443192 25.0 0.446708 26.0 0.449915 27.0 0.452832 28.0 0.455484 29.0 0.457898 30.0 0.460105
15.469869  0.0 0.184484 1.0 0.209821 2.0 0.232612 3.0 0.253167 4.0 0.271759 5.0 0.288628 6.0 0.303984 7.0 0.318009 8.0 0.330860 9.0 0.342677 10.0 0.353573 11.0 0.363652 12.0 0.373000 13.0 0.381689 14.0 0.389781 15.0 0.397326 16.0 0.404365 17.0 0.410936 18.0 0.417062 19.0 0.422771 20.0 0.428080 21.0 0.433008 22.0 0.437566 23.0 0.441767 24.0 0.445628 25.0 0.449162 26.0 0.452385 27.0 0.455317 28.0 0.457982 29.0 0.460406 30.0 0.462624
16.361905  0.0 0.185544 1.0 0.211022 2.0 0.233938 3.0 0.254606 4.0 0.273301 5.0 0.290262 6.0 0.305701 7.0 0.319801 8.0 0.332721 9.0 0.344600 10.0 0.355554 11.0 0.365688 12.0 0.375086 13.0 0.383820 14.0 0.391955 15.0 0.399540 16.0 0.406615 17.0 0.413221 18.0 0.419380 19.0 0.425118 20.0 0.430455 21.0 0.435408 22.0 0.439988 23.0 0.444212 24.0 0.448091 25.0 0.451643 26.0 0.454882 27.0 0.457829 28.0 0.460506 29.0 0.462943 30.0 0.465172
17.305378  0.0 0.186617 1.0 0.212237 2.0 0.235280 3.0 0.256063 4.0 0.274859 5.0 0.291913 6.0 0.307436 7.0 0.321613 8.0 0.334603 9.0 0.346546 10.0 0.357558 11.0 0.367747 12.0 0.377195 13.0 0.385975 14.0 0.394154 15.0 0.401778 16.0 0.408892 17.0 0.415532 18.0 0.421724 19.0 0.427492 20.0 0.432856 21.0 0.437834 22.0 0.442437 23.0 0.446683 24.0 0.450581 25.0 0.454151 26.0 0.457407 27.0 0.460368 28.0 0.463059 29.0 0.465507 30.0 0.467750
18.303255  0.0 0.187702 1.0 0.213466 2.0 0.236638 3.0 0.257535 4.0 0.276435 5.0 0.293584 6.0 0.309192 7.0 0.323446 8.0 0.336506 9.0 0.348513 10.0 0.359585 11.0 0.369829 12.0 0.379327 13.0 0.388156 14.0 0.396377 15.0 0.404042 16.0 0.411194 17.0 0.417869 18.0 0.424093 19.0 0.429892 20.0 0.435284 21.0 0.440287 22.0 0.444913 23.0 0.449182 24.0 0.453101 25.0 0.456687 26.0 0.459960 27.0 0.462936 28.0 0.465640 29.0 0.468102 30.0 0.470355
19.358672  0.0 0.188800 1.0 0.214709 2.0 0.238011 3.0 0.259025 4.0 0.278030 5.0 0.295273 6.0 0.310967 7.0 0.325299 8.0 0.338431 9.0 0.350503 10.0 0.361636 11.0 0.371935 12.0 0.381484 13.0 0.390361 14.0 0.398625 15.0 0.406332 16.0 0.413523 17.0 0.420231 18.0 0.426490 19.0 0.432319 20.0 0.437740 21.0 0.442768 22.0 0.447420 23.0 0.451709 24.0 0.455649 25.0 0.459253 26.0 0.462541 27.0 0.465533 28.0 0.468252 29.0 0.470726 30.0 0.472990
20.474947  0.0 0.189910 1.0 0.215967 2.0 0.239401 3.0 0.260532 4.0 0.279643 5.0 0.296982 6.0 0.312763 7.0 0.327174 8.0 0.340379 9.0 0.352516 10.0 0.363711 11.0 0.374064 12.0 0.383666 13.0 0.392592 14.0 0.400901 15.0 0.408649 16.0 0.415878 17.0 0.422621 18.0 0.428914 19.0 0.434774 20.0 0.440223 21.0 0.445277 22.0 0.449954 23.0 0.454265 24.0 0.458226 25.0 0.461849 26.0 0.465154 27.0 0.468161 28.0 0.470894 29.0 0.473380 30.0 0.475655
21.655589  0.0 0.191034 1.0 0.217240 2.0 0.240807 3.0 0.262057 4.0 0.281275 5.0 0.298711 6.0 0.314579 7.0 0.329070 8.0 0.342348 9.0 0.354554 10.0 0.365809 11.0 0.376218 12.0 0.385873 13.0 0.394848 14.0 0.403203 15.0 0.410992 16.0 0.418260 17.0 0.425040 18.0 0.431365 19.0 0.437256 20.0 0.442734 21.0 0.447815 22.0 0.452518 23.0 0.456850 24.0 0.460832 25.0 0.464475 26.0 0.467797 27.0 0.470819 28.0 0.473566 29.0 0.476065 30.0 0.478350
22.904311  0.0 0.192172 1.0 0.218528 2.0 0.242229 3.0 0.263600 4.0 0.282927 5.0 0.300459 6.0 0.316417 7.0 0.330989 8.0 0.344341 9.0 0.356614 10.0 0.367932 11.0 0.378399 12.0 0.388107 13.0 0.397130 14.0 0.405531 15.0 0.413363 16.0 0.420669 17.0 0.427487 18.0 0.433844 19.0 0.439768 20.0 0.445274 21.0 0.450383 22.0 0.455110 23.0 0.459465 24.0 0.463468 25.0 0.467131 26.0 0.470470 27.0 0.473508 28.0 0.476268 29.0 0.478779 30.0 0.481075
24.225038  0.0 0.193323 1.0 0.219832 2.0 0.243669 3.0 0.265161 4.0 0.284598 5.0 0.302229 6.0 0.318276 7.0 0.332929 8.0 0.346356 9.0 0.358699 10.0 0.370079 11.0 0.380605 12.0 0.390366 13.0 0.399439 14.0 0.407886 15.0 0.415761 16.0 0.423107 17.0 0.429962 18.0 0.436353 19.0 0.442308 20.0 0.447844 21.0 0.452982 22.0 0.457733 23.0 0.462111 24.0 0.466135 25.0 0.469817 26.0 0.473174 27.0 0.476228 28.0 0.479002 29.0 0.481526 30.0 0.483833
25.621921  0.0 0.194487 1.0 0.221151 2.0 0.245125 3.0 0.266741 4.0 0.286289 5.0 0.304019 6.0 0.320157 7.0 0.334894 8.0 0.348395 9.0 0.360808 10.0 0.372252 11.0 0.382837 12.0 0.392652 13.0 0.401774 14.0 0.410269 15.0 0.418187 16.0 0.425572 17.0 0.432466 18.0 0.438892 19.0 0.444878 20.0 0.450445 21.0 0.455610 22.0 0.460386 23.0 0.464789 24.0 0.468832 25.0 0.472534 26.0 0.475909 27.0 0.478979 28.0 0.481767 29.0 0.484303 30.0 0.486624
27.099352  0.0 0.195666 1.0 0.222485 2.0 0.246599 3.0 0.268340 4.0 0.288000 5.0 0.305832 6.0 0.322062 7.0 0.336882 8.0 0.350459 9.0 0.362942 10.0 0.374450 11.0 0.385095 12.0 0.394965 13.0 0.404137 14.0 0.412679 15.0 0.420641 16.0 0.428067 17.0 0.434999 18.0 0.441461 19.0 0.447480 20.0 0.453077 21.0 0.458270 22.0 0.463071 23.0 0.467498 24.0 0.471561 25.0 0.475283 26.0 0.478676 27.0 0.481762 28.0 0.484565 29.0 0.487114 30.0 0.489448
28.661977  0.0 0.196859 1.0 0.223836 2.0 0.248091 3.0 0.269958 4.0 0.289731 5.0 0.307666 6.0 0.323989 7.0 0.338894 8.0 0.352548 9.0 0.365102 10.0 0.376674 11.0 0.387380 12.0 0.397306 13.0 0.406528 14.0 0.415118 15.0 0.423125 16.0 0.430593 17.0 0.437563 18.0 0.444061 19.0 0.450112 20.0 0.455740 21.0 0.460961 22.0 0.465787 23.0 0.470239 24.0 0.474324 25.0 0.478065 26.0 0.481476 27.0 0.484578 28.0 0.487396 29.0 0.489959 30.0 0.492305
30.314706  0.0 0.198067 1.0 0.225204 2.0 0.249601 3.0 0.271596 4.0 0.291483 5.0 0.309523 6.0 0.325939 7.0 0.340929 8.0 0.354662 9.0 0.367287 10.0 0.378925 11.0 0.389692 12.0 0.399674 13.0 0.408949 14.0 0.417587 15.0 0.425638 16.0 0.433149 17.0 0.440157 18.0 0.446691 19.0 0.452776 20.0 0.458435 21.0 0.463683 22.0 0.468535 23.0 0.473012 24.0 0.477120 25.0 0.480880 26.0 0.484309 27.0 0.487428 28.0 0.490260 29.0 0.492838 30.0 0.495196
32.062737  0.0 0.199290 1.0 0.226588 2.0 0.251129 3.0 0.273253 4.0 0.293257 5.0 0.311401 6.0 0.327913 7.0 0.342990 8.0 0.356802 9.0 0.369499 10.0 0.381203 11.0 0.392032 12.0 0.402071 13.0 0.411399 14.0 0.420085 15.0 0.428181 16.0 0.435735 17.0 0.442782 18.0 0.449353 19.0 0.455472 20.0 0.461162 21.0 0.466439 22.0 0.471318 23.0 0.475818 24.0 0.479950 25.0 0.483729 26.0 0.487176 27.0 0.490312 28.0 0.493160 29.0 0.495752 30.0 0.498122
33.911564  0.0 0.200528 1.0 0.227989 2.0 0.252676 3.0 0.274931 4.0 0.295052 5.0 0.313303 6.0 0.329911 7.0 0.345076 8.0 0.358968 9.0 0.371737 10.0 0.383509 11.0 0.394400 12.0 0.404496 13.0 0.413879 14.0 0.422613 15.0 0.430756 16.0 0.438353 17.0 0.445439 18.0 0.452047 19.0 0.458200 20.0 0.463921 21.0 0.469227 22.0 0.474134 23.0 0.478659 24.0 0.482813 25.0 0.486613 26.0 0.490078 27.0 0.493231 28.0 0.496095 29.0 0.498701 30.0 0.501083
35.866999  0.0 0.201781 1.0 0.229408 2.0 0.254242 3.0 0.276630 4.0 0.296870 5.0 0.315228 6.0 0.331934 7.0 0.347187 8.0 0.361160 9.0 0.374003 10.0 0.385844 11.0 0.396797 12.0 0.406952 13.0 0.416389 14.0 0.425173 15.0 0.433362 16.0 0.441003 17.0 0.448128 18.0 0.454773 19.0 0.460962 20.0 0.466715 21.0 0.472050 22.0 0.476985 23.0 0.481534 24.0 0.485711 25.0 0.489533 26.0 0.493017 27.0 0.496186 28.0 0.499066 29.0 0.501685 30.0 0.504080
37.935191  0.0 0.203050 1.0 0.230844 2.0 0.255828 3.0 0.278349 4.0 0.298710 5.0 0.317177 6.0 0.333981 7.0 0.349324 8.0 0.363379 9.0 0.376297 10.0 0.388208 11.0 0.399224 12.0 0.409437 13.0 0.418930 14.0 0.427765 15.0 0.436001 16.0 0.443685 17.0 0.450850 18.0 0.457534 19.0 0.463757 20.0 0.469542 21.0 0.474907 22.0 0.479870 23.0 0.484444 24.0 0.488645 25.0 0.492488 26.0 0.495991 27.0 0.499178 28.0 0.502073 29.0 0.504706 30.0 0.507113
40.122640  0.0 0.204335 1.0 0.232299 2.0 0.257434 3.0 0.280090 4.0 0.300573 5.0 0.319150 6.0 0.336054 7.0 0.351488 8.0 0.365626 9.0 0.378620 10.0 0.390601 11.0 0.401681 12.0 0.411954 13.0 0.421502 14.0 0.430388 15.0 0.438672 16.0 0.446400 17.0 0.453606 18.0 0.460328 19.0 0.466587 20.0 0.472405 21.0 0.477799 22.0 0.482791 23.0 0.487390 24.0 0.491615 25.0 0.495479 26.0 0.499002 27.0 0.502207 28.0 0.505117 29.0 0.507765 30.0 0.510184
42.436223  0.0 0.205636 1.0 0.233771 2.0 0.259060 3.0 0.281853 4.0 0.302459 5.0 0.321148 6.0 0.338153 7.0 0.353678 8.0 0.367901 9.0 0.380972 10.0 0.393023 11.0 0.404168 12.0 0.414502 13.0 0.424106 14.0 0.433045 15.0 0.441377 16.0 0.449149 17.0 0.456397 18.0 0.463157 19.0 0.469452 20.0 0.475303 21.0 0.480728 22.0 0.485749 23.0 0.490372 24.0 0.494622 25.0 0.498508 26.0 0.502051 27.0 0.505273 28.0 0.508199 29.0 0.510861 30.0 0.513293
44.883214  0.0 0.206954 1.0 0.235263 2.0 0.260707 3.0 0.283639 4.0 0.304370 5.0 0.323171 6.0 0.340278 7.0 0.355897 8.0 0.370204 9.0 0.383353 10.0 0.395476 11.0 0.406687 12.0 0.417082 13.0 0.426743 14.0 0.435734 15.0 0.444115 16.0 0.451932 17.0 0.459223 18.0 0.466021 19.0 0.472352 20.0 0.478237 21.0 0.483694 22.0 0.488743 23.0 0.493392 24.0 0.497666 25.0 0.501574 26.0 0.505137 27.0 0.508377 28.0 0.511320 29.0 0.513996 30.0 0.516441
47.471306  0.0 0.208289 1.0 0.236774 2.0 0.262374 3.0 0.285447 4.0 0.306304 5.0 0.325220 6.0 0.342431 7.0 0.358143 8.0 0.372537 9.0 0.385765 10.0 0.397960 11.0 0.409238 12.0 0.419694 13.0 0.429413 14.0 0.438457 15.0 0.446888 16.0 0.454751 17.0 0.462084 18.0 0.468922 19.0 0.475290 20.0 0.481208 21.0 0.486697 22.0 0.491775 23.0 0.496451 24.0 0.500749 25.0 0.504679 26.0 0.508262 27.0 0.511521 28.0 0.514480 29.0 0.517171 30.0 0.519629
50.208634  0.0 0.209641 1.0 0.238304 2.0 0.264063 3.0 0.287279 4.0 0.308264 5.0 0.327295 6.0 0.344610 7.0 0.360418 8.0 0.374899 9.0 0.388207 10.0 0.400476 11.0 0.411821 12.0 0.422341 13.0 0.432117 14.0 0.441215 15.0 0.449696 16.0 0.457605 17.0 0.464982 18.0 0.471859 19.0 0.478265 20.0 0.484218 21.0 0.489739 22.0 0.494846 23.0 0.499549 24.0 0.503871 25.0 0.507824 26.0 0.511428 27.0 0.514704 28.0 0.517680 29.0 0.520386 30.0 0.522857
53.103804  0.0 0.211011 1.0 0.239854 2.0 0.265775 3.0 0.289134 4.0 0.310248 5.0 0.329397 6.0 0.346818 7.0 0.362723 8.0 0.377292 9.0 0.390681 10.0 0.403024 11.0 0.414437 12.0 0.425021 13.0 0.434856 14.0 0.444009 15.0 0.452540 16.0 0.460496 17.0 0.467917 18.0 0.474835 19.0 0.481278 20.0 0.487265 21.0 0.492819 22.0 0.497956 23.0 0.502686 24.0 0.507033 25.0 0.511009 26.0 0.514633 27.0 0.517929 28.0 0.520921 29.0 0.523642 30.0 0.526127
56.165917  0.0 0.212398 1.0 0.241425 2.0 0.267508 3.0 0.291013 4.0 0.312259 5.0 0.331526 6.0 0.349055 7.0 0.365057 8.0 0.379715 9.0 0.393186 10.0 0.405604 11.0 0.417087 12.0 0.427735 13.0 0.437630 14.0 0.446838 15.0 0.455420 16.0 0.463424 17.0 0.470890 18.0 0.477848 19.0 0.484329 20.0 0.490352 21.0 0.495939 22.0 0.501106 23.0 0.505864 24.0 0.510236 25.0 0.514235 26.0 0.517880 27.0 0.521195 28.0 0.524204 29.0 0.526941 30.0 0.529440
59.404601  0.0 0.213805 1.0 0.243016 2.0 0.269264 3.0 0.292917 4.0 0.314296 5.0 0.333683 6.0 0.351320 7.0 0.367421 8.0 0.382170 9.0 0.395724 10.0 0.408219 11.0 0.419772 12.0 0.430485 13.0 0.440440 14.0 0.449704 15.0 0.458339 16.0 0.466391 17.0 0.473901 18.0 0.480901 19.0 0.487421 20.0 0.493480 21.0 0.499100 22.0 0.504296 23.0 0.509083 24.0 0.513480 25.0 0.517503 26.0 0.521169 27.0 0.524503 28.0 0.527530 29.0 0.530282 30.0 0.532796
62.830036  0.0 0.215229 1.0 0.244628 2.0 0.271044 3.0 0.294846 4.0 0.316359 5.0 0.335868 6.0 0.353616 7.0 0.369817 8.0 0.384658 9.0 0.398296 10.0 0.410867 11.0 0.422491 12.0 0.433271 13.0 0.443286 14.0 0.452608 15.0 0.461295 16.0 0.469396 17.0 0.476952 18.0 0.483994 19.0 0.490553 20.0 0.496648 21.0 0.502302 22.0 0.507529 23.0 0.512344 24.0 0.516767 25.0 0.520814 26.0 0.524502 27.0 0.527855 28.0 0.530900 29.0 0.533667 30.0 0.536196
66.452991  0.0 0.216673 1.0 0.246262 2.0 0.272847 3.0 0.296801 4.0 0.318450 5.0 0.338082 6.0 0.355941 7.0 0.372244 8.0 0.387178 9.0 0.400901 10.0 0.413550 11.0 0.425247 12.0 0.436093 13.0 0.446171 14.0 0.455549 15.0 0.464290 16.0 0.472441 17.0 0.480042 18.0 0.487127 19.0 0.493726 20.0 0.499858 21.0 0.505546 22.0 0.510805 23.0 0.515648 24.0 0.520098 25.0 0.524168 26.0 0.527878 27.0 0.531251 28.0 0.534314 29.0 0.537097 30.0 0.539641
70.284856  0.0 0.218137 1.0 0.247918 2.0 0.274674 3.0 0.298782 4.0 0.320569 5.0 0.340325 6.0 0.358298 7.0 0.374704 8.0 0.389731 9.0 0.403540 10.0 0.416269 11.0 0.428039 12.0 0.438953 13.0 0.449093 14.0 0.458530 15.0 0.467325 16.0 0.475526 17.0 0.483174 18.0 0.490303 19.0 0.496942 20.0 0.503111 21.0 0.508833 22.0 0.514124 23.0 0.518997 24.0 0.523473 25.0 0.527567 26.0 0.531300 27.0 0.534693 28.0 0.537773 29.0 0.540573 30.0 0.543132
74.337677  0.0 0.219620 1.0 0.249596 2.0 0.276526 3.0 0.300790 4.0 0.322717 5.0 0.342599 6.0 0.360686 7.0 0.377197 8.0 0.392319 9.0 0.406216 10.0 0.419025 11.0 0.430869 12.0 0.441851 13.0 0.452055 14.0 0.461551 15.0 0.470400 16.0 0.478653 17.0 0.486348 18.0 0.493521 19.0 0.500201 20.0 0.506407 21.0 0.512165 22.0 0.517487 23.0 0.522390 24.0 0.526893 25.0 0.531012 26.0 0.534767 27.0 0.538180 28.0 0.541280 29.0 0.544096 30.0 0.546670
78.624195  0.0 0.221123 1.0 0.251297 2.0 0.278403 3.0 0.302824 4.0 0.324893 5.0 0.344903 6.0 0.363107 7.0 0.379723 8.0 0.394942 9.0 0.408927 10.0 0.421817 11.0 0.433737 12.0 0.444788 13.0 0.455057 14.0 0.464612 15.0 0.473517 16.0 0.481821 17.0 0.489565 18.0 0.496783 19.0 0.503504 20.0 0.509749 21.0 0.515541 22.0 0.520897 23.0 0.525829 24.0 0.530360 25.0 0.534504 26.0 0.538282 27.0 0.541716 28.0 0.544833 29.0 0.547667 30.0 0.550255
83.157886  0.0 0.222647 1.0 0.253021 2.0 0.280306 3.0 0.304887 4.0 0.327100 5.0 0.347239 6.0 0.365560 7.0 0.382283 8.0 0.397600 9.0 0.411674 10.0 0.424647 11.0 0.436644 12.0 0.447765 13.0 0.458099 14.0 0.467715 15.0 0.476677 16.0 0.485033 17.0 0.492825 18.0 0.500088 19.0 0.506851 20.0 0.513135 21.0 0.518963 22.0 0.524352 23.0 0.529315 24.0 0.533874 25.0 0.538044 26.0 0.541844 27.0 0.545299 28.0 0.548436 29.0 0.551287 30.0 0.553890
87.953002  0.0 0.224192 1.0 0.254769 2.0 0.282235 3.0 0.306977 4.0 0.329336 5.0 0.349607 6.0 0.368047 7.0 0.384879 8.0 0.400295 9.0 0.414460 10.0 0.427516 11.0 0.439590 12.0 0.450783 13.0 0.461184 14.0 0.470861 15.0 0.479879 16.0 0.488289 17.0 0.496130 18.0 0.503440 19.0 0.510245 20.0 0.516569 21.0 0.522432 22.0 0.527855 23.0 0.532848 24.0 0.537436 25.0 0.541632 26.0 0.545456 27.0 0.548932 28.0 0.552088 29.0 0.554956 30.0 0.557575
93.024617  0.0 0.225759 1.0 0.256542 2.0 0.284190 3.0 0.309097 4.0 0.331603 5.0 0.352007 6.0 0.370568 7.0 0.387510 8.0 0.403027 9.0 0.417284 10.0 0.430424 11.0 0.442578 12.0 0.453843 13.0 0.464310 14.0 0.474050 15.0 0.483126 16.0 0.491590 17.0 0.499481 18.0 0.506838 19.0 0.513686 20.0 0.520050 21.0 0.525950 22.0 0.531407 23.0 0.536431 24.0 0.541048 25.0 0.545270 26.0 0.549117 27.0 0.552615 28.0 0.555791 29.0 0.558677 30.0 0.561312
98.388676  0.0 0.227347 1.0 0.258338 2.0 0.286173 3.0 0.311246 4.0 0.333902 5.0 0.354441 6.0 0.373124 7.0 0.390178 8.0 0.405796 9.0 0.420148 10.0 0.433373 11.0 0.445607 12.0 0.456945 13.0 0.467480 14.0 0.477283 15.0 0.486418 16.0 0.494937 17.0 0.502878 18.0 0.510283 19.0 0.517175 20.0 0.523579 21.0 0.529516 22.0 0.535008 23.0 0.540064 24.0 0.544711 25.0 0.548959 26.0 0.552830 27.0 0.556350 28.0 0.559546 29.0 0.562450 30.0 0.565101
104.062042  0.0 0.228958 1.0 0.260161 2.0 0.288184 3.0 0.313425 4.0 0.336233 5.0 0.356908 6.0 0.375716 7.0 0.392883 8.0 0.408604 9.0 0.423052 10.0 0.436363 11.0 0.448678 12.0 0.460091 13.0 0.470695 14.0 0.480561 15.0 0.489756 16.0 0.498331 17.0 0.506323 18.0 0.513776 19.0 0.520713 20.0 0.527159 21.0 0.533133 22.0 0.538661 23.0 0.543749 24.0 0.548425 25.0 0.552700 26.0 0.556596 27.0 0.560138 28.0 0.563354 29.0 0.566277 30.0 0.568945
110.062550  0.0 0.230593 1.0 0.262009 2.0 0.290223 3.0 0.315635 4.0 0.338597 5.0 0.359410 6.0 0.378344 7.0 0.395626 8.0 0.411452 9.0 0.425997 10.0 0.439396 11.0 0.451792 12.0 0.463281 13.0 0.473954 14.0 0.483886 15.0 0.493141 16.0 0.501773 17.0 0.509818 18.0 0.517320 19.0 0.524301 20.0 0.530789 21.0 0.536802 22.0 0.542364 23.0 0.547487 24.0 0.552192 25.0 0.556494 26.0 0.560415 27.0 0.563980 28.0 0.567217 29.0 0.570158 30.0 0.572844
116.409064  0.0 0.232251 1.0 0.263883 2.0 0.292291 3.0 0.317877 4.0 0.340994 5.0 0.361948 6.0 0.381009 7.0 0.398407 8.0 0.414340 9.0 0.428983 10.0 0.442472 11.0 0.454951 12.0 0.466517 13.0 0.477260 14.0 0.487259 15.0 0.496575 16.0 0.505264 17.0 0.513363 18.0 0.520913 19.0 0.527941 20.0 0.534471 21.0 0.540524 22.0 0.546121 23.0 0.551278 24.0 0.556013 25.0 0.560343 26.0 0.564289 27.0 0.567877 28.0 0.571135 29.0 0.574096 30.0 0.576799
123.121536  0.0 0.233933 1.0 0.265785 2.0 0.294388 3.0 0.320150 4.0 0.343425 5.0 0.364523 6.0 0.383714 7.0 0.401229 8.0 0.417270 9.0 0.432013 10.0 0.445593 11.0 0.458155 12.0 0.469799 13.0 0.480614 14.0 0.490681 15.0 0.500059 16.0 0.508805 17.0 0.516959 18.0 0.524559 19.0 0.531633 20.0 0.538206 21.0 0.544300 22.0 0.549933 23.0 0.555124 24.0 0.559890 25.0 0.564247 26.0 0.568219 27.0 0.571831 28.0 0.575110 29.0 0.578091 30.0 0.580811
130.221067  0.0 0.235639 1.0 0.267715 2.0 0.296517 3.0 0.322457 4.0 0.345892 5.0 0.367136 6.0 0.386458 7.0 0.404092 8.0 0.420244 9.0 0.435086 10.0 0.448758 11.0 0.461405 12.0 0.473128 13.0 0.484016 14.0 0.494152 15.0 0.503594 16.0 0.512397 17.0 0.520607 18.0 0.528257 19.0 0.535378 20.0 0.541995 21.0 0.548130 22.0 0.553800 23.0 0.559027 24.0 0.563823 25.0 0.568209 26.0 0.572207 27.0 0.575842 28.0 0.579144 29.0 0.582144 30.0 0.584883
137.729977  0.0 0.237370 1.0 0.269673 2.0 0.298677 3.0 0.324798 4.0 0.348395 5.0 0.369786 6.0 0.389241 7.0 0.406998 8.0 0.423260 9.0 0.438203 10.0 0.451969 11.0 0.464703 12.0 0.476506 13.0 0.487470 14.0 0.497674 15.0 0.507180 16.0 0.516042 17.0 0.524309 18.0 0.532010 19.0 0.539178 20.0 0.545840 21.0 0.552017 22.0 0.557724 23.0 0.562987 24.0 0.567814 25.0 0.572229 26.0 0.576256 27.0 0.579915 28.0 0.583237 29.0 0.586258 30.0 0.589016
145.671872  0.0 0.239126 1.0 0.271659 2.0 0.300869 3.0 0.327173 4.0 0.350935 5.0 0.372475 6.0 0.392066 7.0 0.409945 8.0 0.426320 9.0 0.441366 10.0 0.455227 11.0 0.468048 12.0 0.479933 13.0 0.490974 14.0 0.501248 15.0 0.510820 16.0 0.519742 17.0 0.528065 18.0 0.535818 19.0 0.543035 20.0 0.549742 21.0 0.555962 22.0 0.561708 23.0 0.567006 24.0 0.571865 25.0 0.576312 26.0 0.580366 27.0 0.584050 28.0 0.587393 29.0 0.590433 30.0 0.593210
154.071719  0.0 0.240909 1.0 0.273675 2.0 0.303092 3.0 0.329583 4.0 0.353513 5.0 0.375203 6.0 0.394931 7.0 0.412936 8.0 0.429426 9.0 0.444576 10.0 0.458533 11.0 0.471443 12.0 0.483411 13.0 0.494529 14.0 0.504874 15.0 0.514513 16.0 0.523498 17.0 0.531877 18.0 0.539682 19.0 0.546949 20.0 0.553703 21.0 0.559965 22.0 0.565752 23.0 0.571085 24.0 0.575977 25.0 0.580456 26.0 0.584537 27.0 0.588247 28.0 0.591613 29.0 0.594672 30.0 0.597468
162.955925  0.0 0.242718 1.0 0.275720 2.0 0.305349 3.0 0.332028 4.0 0.356129 5.0 0.377972 6.0 0.397840 7.0 0.415972 8.0 0.432577 9.0 0.447833 10.0 0.461889 11.0 0.474890 12.0 0.486941 13.0 0.498138 14.0 0.508555 15.0 0.518261 16.0 0.527310 17.0 0.535746 18.0 0.543606 19.0 0.550925 20.0 0.557723 21.0 0.564029 22.0 0.569858 23.0 0.575225 24.0 0.580154 25.0 0.584663 26.0 0.588772 27.0 0.592507 28.0 0.595898 29.0 0.598977 30.0 0.601791
172.352418  0.0 0.244555 1.0 0.277796 2.0 0.307639 3.0 0.334510 4.0 0.358783 5.0 0.380782 6.0 0.400791 7.0 0.419052 8.0 0.435775 9.0 0.451141 10.0 0.465294 11.0 0.478390 12.0 0.490526 13.0 0.501802 14.0 0.512291 15.0 0.522066 16.0 0.531179 17.0 0.539673 18.0 0.547592 19.0 0.554961 20.0 0.561807 21.0 0.568155 22.0 0.574026 23.0 0.579429 24.0 0.584394 25.0 0.588935 26.0 0.593072 27.0 0.596834 28.0 0.600248 29.0 0.603350 30.0 0.606181
182.290740  0.0 0.246420 1.0 0.279905 2.0 0.309964 3.0 0.337030 4.0 0.361478 5.0 0.383634 6.0 0.403787 7.0 0.422179 8.0 0.439022 9.0 0.454500 10.0 0.468753 11.0 0.481943 12.0 0.494166 13.0 0.505520 14.0 0.516084 15.0 0.525929 16.0 0.535108 17.0 0.543663 18.0 0.551638 19.0 0.559059 20.0 0.565954 21.0 0.572346 22.0 0.578258 23.0 0.583700 24.0 0.588701 25.0 0.593272 26.0 0.597439 27.0 0.601227 28.0 0.604666 29.0 0.607791 30.0 0.610641
192.802133  0.0 0.248313 1.0 0.282046 2.0 0.312326 3.0 0.339588 4.0 0.364213 5.0 0.386532 6.0 0.406830 7.0 0.425354 8.0 0.442319 9.0 0.457909 10.0 0.472265 11.0 0.485549 12.0 0.497861 13.0 0.509296 14.0 0.519939 15.0 0.529853 16.0 0.539097 17.0 0.547715 18.0 0.555746 19.0 0.563221 20.0 0.570166 21.0 0.576604 22.0 0.582556 23.0 0.588039 24.0 0.593074 25.0 0.597678 26.0 0.601874 27.0 0.605690 28.0 0.609154 29.0 0.612302 30.0 0.615174
203.919642  0.0 0.250236 1.0 0.284220 2.0 0.314723 3.0 0.342187 4.0 0.366992 5.0 0.389474 6.0 0.409920 7.0 0.428580 8.0 0.445669 9.0 0.461371 10.0 0.475832 11.0 0.489211 12.0 0.501614 13.0 0.513132 14.0 0.523853 15.0 0.533839 16.0 0.543148 17.0 0.551831 18.0 0.559919 19.0 0.567447 20.0 0.574443 21.0 0.580928 22.0 0.586921 23.0 0.592447 24.0 0.597517 25.0 0.602153 26.0 0.606380 27.0 0.610223 28.0 0.613713 29.0 0.616885 30.0 0.619779
215.678218  0.0 0.252187 1.0 0.286427 2.0 0.317158 3.0 0.344825 4.0 0.369814 5.0 0.392461 6.0 0.413058 7.0 0.431855 8.0 0.449070 9.0 0.464886 10.0 0.479453 11.0 0.492930 12.0 0.505424 13.0 0.517029 14.0 0.527828 15.0 0.537888 16.0 0.547265 17.0 0.556011 18.0 0.564158 19.0 0.571740 20.0 0.578787 21.0 0.585322 22.0 0.591359 23.0 0.596924 24.0 0.602030 25.0 0.606702 26.0 0.610961 27.0 0.614833 28.0 0.618346 29.0 0.621541 30.0 0.624458
228.114826  0.0 0.254171 1.0 0.288668 2.0 0.319630 3.0 0.347505 4.0 0.372680 5.0 0.395494 6.0 0.416245 7.0 0.435182 8.0 0.452523 9.0 0.468456 10.0 0.483131 11.0 0.496709 12.0 0.509294 13.0 0.520987 14.0 0.531865 15.0 0.542001 16.0 0.551448 17.0 0.560257 18.0 0.568463 19.0 0.576103 20.0 0.583201 21.0 0.589785 22.0 0.595869 23.0 0.601474 24.0 0.606617 25.0 0.611326 26.0 0.615617 27.0 0.619518 28.0 0.623058 29.0 0.626273 30.0 0.629213
241.268564  0.0 0.256186 1.0 0.290945 2.0 0.322141 3.0 0.350225 4.0 0.375590 5.0 0.398575 6.0 0.419481 7.0 0.438560 8.0 0.456031 9.0 0.472086 10.0 0.486867 11.0 0.500549 12.0 0.513228 13.0 0.525008 14.0 0.535967 15.0 0.546179 16.0 0.555699 17.0 0.564571 18.0 0.572842 19.0 0.580539 20.0 0.587690 21.0 0.594321 22.0 0.600452 23.0 0.606097 24.0 0.611283 25.0 0.616026 26.0 0.620349 27.0 0.624279 28.0 0.627847 29.0 0.631088 30.0 0.634047
255.180783  0.0 0.258232 1.0 0.293259 2.0 0.324693 3.0 0.352990 4.0 0.378546 5.0 0.401706 6.0 0.422769 7.0 0.441991 8.0 0.459595 9.0 0.475773 10.0 0.490665 11.0 0.504451 12.0 0.517227 13.0 0.529093 14.0 0.540136 15.0 0.550424 16.0 0.560018 17.0 0.568958 18.0 0.577292 19.0 0.585047 20.0 0.592253 21.0 0.598932 22.0 0.605110 23.0 0.610799 24.0 0.616025 25.0 0.620804 26.0 0.625159 27.0 0.629120 28.0 0.632716 29.0 0.635983 30.0 0.638964
269.895220  0.0 0.260311 1.0 0.295610 2.0 0.327286 3.0 0.355800 4.0 0.381551 5.0 0.404888 6.0 0.426112 7.0 0.445481 8.0 0.463219 9.0 0.479519 10.0 0.494525 11.0 0.508415 12.0 0.521289 13.0 0.533246 14.0 0.544375 15.0 0.554742 16.0 0.564406 17.0 0.573419 18.0 0.581815 19.0 0.589629 20.0 0.596891 21.0 0.603623 22.0 0.609845 23.0 0.615581 24.0 0.620846 25.0 0.625660 26.0 0.630050 27.0 0.634041 28.0 0.637667 29.0 0.640961 30.0 0.643967
285.458131  0.0 0.262424 1.0 0.297998 2.0 0.329920 3.0 0.358655 4.0 0.384605 5.0 0.408121 6.0 0.429508 7.0 0.449027 8.0 0.466901 9.0 0.483325 10.0 0.498447 11.0 0.512443 12.0 0.525418 13.0 0.537470 14.0 0.548684 15.0 0.559132 16.0 0.568870 17.0 0.577952 18.0 0.586413 19.0 0.594287 20.0 0.601605 21.0 0.608392 22.0 0.614662 23.0 0.620444 24.0 0.625748 25.0 0.630601 26.0 0.635027 27.0 0.639050 28.0 0.642701 29.0 0.646023 30.0 0.649055
301.918444  0.0 0.264572 1.0 0.300425 2.0 0.332597 3.0 0.361556 4.0 0.387708 5.0 0.411405 6.0 0.432959 7.0 0.452630 8.0 0.470643 9.0 0.487195 10.0 0.502433 11.0 0.516540 12.0 0.529614 13.0 0.541763 14.0 0.553064 15.0 0.563594 16.0 0.573410 17.0 0.582562 18.0 0.591088 19.0 0.599026 20.0 0.606399 21.0 0.613241 22.0 0.619564 23.0 0.625388 24.0 0.630735 25.0 0.635630 26.0 0.640091 27.0 0.644147 28.0 0.647829 29.0 0.651173 30.0 0.654230
319.327905  0.0 0.266755 1.0 0.302893 2.0 0.335318 3.0 0.364504 4.0 0.390860 5.0 0.414745 6.0 0.436466 7.0 0.456291 8.0 0.474446 9.0 0.491132 10.0 0.506487 11.0 0.520706 12.0 0.533885 13.0 0.546127 14.0 0.557517 15.0 0.568131 16.0 0.578027 17.0 0.587249 18.0 0.595847 19.0 0.603848 20.0 0.611281 21.0 0.618173 22.0 0.624549 23.0 0.630418 24.0 0.635813 25.0 0.640746 26.0 0.645243 27.0 0.649332 28.0 0.653046 29.0 0.656420 30.0 0.659497
337.741243  0.0 0.268973 1.0 0.305401 2.0 0.338085 3.0 0.367503 4.0 0.394068 5.0 0.418142 6.0 0.440036 7.0 0.460016 8.0 0.478316 9.0 0.495133 10.0 0.510611 11.0 0.524942 12.0 0.538227 13.0 0.550564 14.0 0.562050 15.0 0.572748 16.0 0.582722 17.0 0.592022 18.0 0.600687 19.0 0.608752 20.0 0.616247 21.0 0.623196 22.0 0.629620 23.0 0.635541 24.0 0.640978 25.0 0.645951 26.0 0.650485 27.0 0.654608 28.0 0.658354 29.0 0.661758 30.0 0.664864
357.216346  0.0 0.271231 1.0 0.307950 2.0 0.340898 3.0 0.370551 4.0 0.397329 5.0 0.421594 6.0 0.443664 7.0 0.463805 8.0 0.482251 9.0 0.499201 10.0 0.514804 11.0 0.529249 12.0 0.542642 13.0 0.555083 14.0 0.566660 15.0 0.577446 16.0 0.587499 17.0 0.596876 18.0 0.605611 19.0 0.613742 20.0 0.621298 21.0 0.628307 22.0 0.634782 23.0 0.640755 24.0 0.646234 25.0 0.651249 26.0 0.655823 27.0 0.659982 28.0 0.663757 29.0 0.667192 30.0 0.670327
377.814438  0.0 0.273525 1.0 0.310544 2.0 0.343756 3.0 0.373650 4.0 0.400644 5.0 0.425104 6.0 0.447352 7.0 0.467657 8.0 0.486252 9.0 0.503341 10.0 0.519067 11.0 0.533633 12.0 0.547133 13.0 0.559679 14.0 0.571350 15.0 0.582225 16.0 0.592363 17.0 0.601815 18.0 0.610622 19.0 0.618822 20.0 0.626439 21.0 0.633507 22.0 0.640041 23.0 0.646060 24.0 0.651588 25.0 0.656648 26.0 0.661262 27.0 0.665457 28.0 0.669266 29.0 0.672727 30.0 0.675889
399.600273  0.0 0.275858 1.0 0.313182 2.0 0.346667 3.0 0.376803 4.0 0.404015 5.0 0.428676 6.0 0.451104 7.0 0.471574 8.0 0.490322 9.0 0.507554 10.0 0.523407 11.0 0.538094 12.0 0.551708 13.0 0.564353 14.0 0.576122 15.0 0.587087 16.0 0.597313 17.0 0.606843 18.0 0.615728 19.0 0.623996 20.0 0.631678 21.0 0.638803 22.0 0.645394 23.0 0.651464 24.0 0.657043 25.0 0.662145 26.0 0.666798 27.0 0.671031 28.0 0.674875 29.0 0.678370 30.0 0.681557
422.642341  0.0 0.278231 1.0 0.315863 2.0 0.349625 3.0 0.380010 4.0 0.407447 5.0 0.432310 6.0 0.454924 7.0 0.475563 8.0 0.494467 9.0 0.511839 10.0 0.527825 11.0 0.542633 12.0 0.556361 13.0 0.569113 14.0 0.580983 15.0 0.592041 16.0 0.602349 17.0 0.611965 18.0 0.620924 19.0 0.629262 20.0 0.637012 21.0 0.644200 22.0 0.650843 23.0 0.656972 24.0 0.662597 25.0 0.667742 26.0 0.672437 27.0 0.676708 28.0 0.680588 29.0 0.684117 30.0 0.687337
447.013078  0.0 0.280646 1.0 0.318593 2.0 0.352634 3.0 0.383272 4.0 0.410937 5.0 0.436005 6.0 0.458808 7.0 0.479620 8.0 0.498682 9.0 0.516199 10.0 0.532319 11.0 0.547252 12.0 0.561096 13.0 0.573961 14.0 0.585931 15.0 0.597085 16.0 0.607483 17.0 0.617179 18.0 0.626213 19.0 0.634625 20.0 0.642441 21.0 0.649696 22.0 0.656401 23.0 0.662581 24.0 0.668254 25.0 0.673452 26.0 0.678191 27.0 0.682501 28.0 0.686415 29.0 0.689972 30.0 0.693226
472.789100  0.0 0.283102 1.0 0.321370 2.0 0.355698 3.0 0.386592 4.0 0.414487 5.0 0.439768 6.0 0.462761 7.0 0.483748 8.0 0.502971 9.0 0.520642 10.0 0.536894 11.0 0.551958 12.0 0.565922 13.0 0.578895 14.0 0.590967 15.0 0.602218 16.0 0.612711 17.0 0.622489 18.0 0.631608 19.0 0.640094 20.0 0.647979 21.0 0.655293 22.0 0.662062 23.0 0.668296 24.0 0.674027 25.0 0.679270 26.0 0.684052 27.0 0.688403 28.0 0.692357 29.0 0.695950 30.0 0.699229
500.051440  0.0 0.285603 1.0 0.324194 2.0 0.358815 3.0 0.389971 4.0 0.418103 5.0 0.443598 6.0 0.466788 7.0 0.487954 8.0 0.507343 9.0 0.525163 10.0 0.541556 11.0 0.556748 12.0 0.570835 13.0 0.583921 14.0 0.596103 15.0 0.607453 16.0 0.618034 17.0 0.627905 18.0 0.637102 19.0 0.645664 20.0 0.653622 21.0 0.661005 22.0 0.667830 23.0 0.674128 24.0 0.679908 25.0 0.685198 26.0 0.690026 27.0 0.694419 28.0 0.698412 29.0 0.702044 30.0 0.705359
528.885802  0.0 0.288147 1.0 0.327071 2.0 0.361985 3.0 0.393409 4.0 0.421783 5.0 0.447494 6.0 0.470884 7.0 0.492235 8.0 0.511791 9.0 0.529765 10.0 0.546300 11.0 0.561627 12.0 0.575836 13.0 0.589043 14.0 0.601332 15.0 0.612785 16.0 0.623463 17.0 0.633421 18.0 0.642699 19.0 0.651340 20.0 0.659370 21.0 0.666825 22.0 0.673718 23.0 0.680070 24.0 0.685906 25.0 0.691252 26.0 0.696128 27.0 0.700564 28.0 0.704595 29.0 0.708259 30.0 0.711609
559.382834  0.0 0.290736 1.0 0.329998 2.0 0.365216 3.0 0.396911 4.0 0.425528 5.0 0.451465 6.0 0.475057 7.0 0.496592 8.0 0.516321 9.0 0.534458 10.0 0.551135 11.0 0.566600 12.0 0.580938 13.0 0.594260 14.0 0.606660 15.0 0.618216 16.0 0.628996 17.0 0.639044 18.0 0.648413 19.0 0.657134 20.0 0.665239 21.0 0.672760 22.0 0.679720 23.0 0.686133 24.0 0.692029 25.0 0.697425 26.0 0.702348 27.0 0.706830 28.0 0.710904 29.0 0.714609 30.0 0.717990
591.638410  0.0 0.293374 1.0 0.332977 2.0 0.368504 3.0 0.400476 4.0 0.429344 5.0 0.455507 6.0 0.479308 7.0 0.501035 8.0 0.520939 9.0 0.539236 10.0 0.556062 11.0 0.571665 12.0 0.586135 13.0 0.599580 14.0 0.612096 15.0 0.623760 16.0 0.634634 17.0 0.644781 18.0 0.654235 19.0 0.663038 20.0 0.671222 21.0 0.678819 22.0 0.685842 23.0 0.692323 24.0 0.698273 25.0 0.703723 26.0 0.708698 27.0 0.713226 28.0 0.717340 29.0 0.721086 30.0 0.724509
625.753932  0.0 0.296058 1.0 0.336013 2.0 0.371852 3.0 0.404105 4.0 0.433228 5.0 0.459623 6.0 0.483636 7.0 0.505558 8.0 0.525642 9.0 0.544105 10.0 0.561080 11.0 0.576830 12.0 0.591431 13.0 0.605003 14.0 0.617635 15.0 0.629409 16.0 0.640390 17.0 0.650628 18.0 0.660175 19.0 0.669064 20.0 0.677327 21.0 0.684997 22.0 0.692095 23.0 0.698635 24.0 0.704651 25.0 0.710159 26.0 0.715185 27.0 0.719762 28.0 0.723922 29.0 0.727706 30.0 0.731160
661.836651  0.0 0.298793 1.0 0.339103 2.0 0.375263 3.0 0.407804 4.0 0.437187 5.0 0.463820 6.0 0.488049 7.0 0.510169 8.0 0.530436 9.0 0.549070 10.0 0.566200 11.0 0.582095 12.0 0.596835 13.0 0.610531 14.0 0.623286 15.0 0.635172 16.0 0.646257 17.0 0.656599 18.0 0.666239 19.0 0.675215 20.0 0.683561 21.0 0.691308 22.0 0.698474 23.0 0.705088 24.0 0.711163 25.0 0.716726 26.0 0.721805 27.0 0.726431 28.0 0.730639 29.0 0.734470 30.0 0.737968
700.000000  0.0 0.301578 1.0 0.342252 2.0 0.378735 3.0 0.411570 4.0 0.441221 5.0 0.468093 6.0 0.492544 7.0 0.514869 8.0 0.535324 9.0 0.554128 10.0 0.571418 11.0 0.587462 12.0 0.602342 13.0 0.616176 14.0 0.629052 15.0 0.641055 16.0 0.652249 17.0 0.662691 18.0 0.672424 19.0 0.681492 20.0 0.689920 21.0 0.697751 22.0 0.704995 23.0 0.711674 24.0 0.717814 25.0 0.723442 26.0 0.728579 27.0 0.733257 28.0 0.737511 29.0 0.741382 30.0 0.744920
