# background, 6-value function as used in fork_cw GUI

# RUN16-RUN19, Drive box 1k
#-180.738242263388 32.0699403428483 -96.1992789927712 24.7626321548208 4.70742894802095 98.6795219086911  -31.3834870109249 703.401477034557 16.8318509848797 124.278505566139 3.9498016926493 98.7350104389162

# Drive box 100R
#-100.315173520482 -221.804589454462 126.971612996457 -28.328615853548 0.0175179239047131 115.509171333929  8.83600762258544 11.708211619712 3.46197928786195 -0.476502092107989 2.84337883889745 18.3900182695917

2021-07-12 19:41:23  -100.315173520482 -221.804589454462 126.971612996457 -28.328615853548 0.0175179239047131 115.509171333929  8.83600762258544 11.708211619712 3.46197928786195 -0.476502092107989 2.84337883889745 18.3900182695917
2022-02-21 15:16:38  -180.738242263388 32.0699403428483 -96.1992789927712 24.7626321548208 4.70742894802095 98.6795219086911  -31.3834870109249 703.401477034557 16.8318509848797 124.278505566139 3.9498016926493 98.7350104389162
2022-04-17 13:27:27  -100.315173520482 -221.804589454462 126.971612996457 -28.328615853548 0.0175179239047131 115.509171333929  8.83600762258544 11.708211619712 3.46197928786195 -0.476502092107989 2.84337883889745 18.3900182695917
2022-04-17 14:44:55  -180.738242263388 32.0699403428483 -96.1992789927712 24.7626321548208 4.70742894802095 98.6795219086911  -31.3834870109249 703.401477034557 16.8318509848797 124.278505566139 3.9498016926493 98.7350104389162
2022-04-21 13:34:06  -100.315173520482 -221.804589454462 126.971612996457 -28.328615853548 0.0175179239047131 115.509171333929  8.83600762258544 11.708211619712 3.46197928786195 -0.476502092107989 2.84337883889745 18.3900182695917
2022-04-21 13:59:51  -180.738242263388 32.0699403428483 -96.1992789927712 24.7626321548208 4.70742894802095 98.6795219086911  -31.3834870109249 703.401477034557 16.8318509848797 124.278505566139 3.9498016926493 98.7350104389162
2022-05-03 10:15:00  -100.315173520482 -221.804589454462 126.971612996457 -28.328615853548 0.0175179239047131 115.509171333929  8.83600762258544 11.708211619712 3.46197928786195 -0.476502092107989 2.84337883889745 18.3900182695917
2022-05-14 15:36:54  -180.738242263388 32.0699403428483 -96.1992789927712 24.7626321548208 4.70742894802095 98.6795219086911  -31.3834870109249 703.401477034557 16.8318509848797 124.278505566139 3.9498016926493 98.7350104389162

