# background, 6-value function as used in fork_cw GUI

### RUN16-RUN19, Drive box 1k
# 123.354114138527 -2164.52563951267 2049.07542524444 -771.849534145048 -0.214423220043076 205.869396719042  -14.6965399118829 124.36544672597 -15.271461004877 -144.888446248422 0.0190504406063305 38.6154157303711

### RUN16-RUN19, Drive box 100R
# 503.929025086195 -2620.0416510836 2676.62395825936 -997.614442198319 -0.298123853763368 156.863909861702  -5.66774555258142 42.9488064796141 -8.7665343696806 -49.6381514417813 0.0607826973032785 22.1237372112247

2021-07-12 19:41:23  503.929025086195 -2620.0416510836 2676.62395825936 -997.614442198319 -0.298123853763368 156.863909861702  -5.66774555258142 42.9488064796141 -8.7665343696806 -49.6381514417813 0.0607826973032785 22.1237372112247
2022-02-21 15:16:38  123.354114138527 -2164.52563951267 2049.07542524444 -771.849534145048 -0.214423220043076 205.869396719042  -14.6965399118829 124.36544672597 -15.271461004877 -144.888446248422 0.0190504406063305 38.6154157303711
2022-04-17 13:27:27  503.929025086195 -2620.0416510836 2676.62395825936 -997.614442198319 -0.298123853763368 156.863909861702  -5.66774555258142 42.9488064796141 -8.7665343696806 -49.6381514417813 0.0607826973032785 22.1237372112247
2022-04-17 14:44:55  123.354114138527 -2164.52563951267 2049.07542524444 -771.849534145048 -0.214423220043076 205.869396719042  -14.6965399118829 124.36544672597 -15.271461004877 -144.888446248422 0.0190504406063305 38.6154157303711
2022-04-21 13:34:06  503.929025086195 -2620.0416510836 2676.62395825936 -997.614442198319 -0.298123853763368 156.863909861702  -5.66774555258142 42.9488064796141 -8.7665343696806 -49.6381514417813 0.0607826973032785 22.1237372112247
2022-04-21 13:59:51  123.354114138527 -2164.52563951267 2049.07542524444 -771.849534145048 -0.214423220043076 205.869396719042  -14.6965399118829 124.36544672597 -15.271461004877 -144.888446248422 0.0190504406063305 38.6154157303711
2022-05-03 10:15:00  503.929025086195 -2620.0416510836 2676.62395825936 -997.614442198319 -0.298123853763368 156.863909861702  -5.66774555258142 42.9488064796141 -8.7665343696806 -49.6381514417813 0.0607826973032785 22.1237372112247
2022-05-14 15:36:54  123.354114138527 -2164.52563951267 2049.07542524444 -771.849534145048 -0.214423220043076 205.869396719042  -14.6965399118829 124.36544672597 -15.271461004877 -144.888446248422 0.0190504406063305 38.6154157303711
2022-06-07 04:00:00  0
