# background, 6-value function as used in fork_cw GUI

# RUN16-RUN19, Drive box 1k - cell 2020
# -123.532844408699 -597.11613804503 376.602714096092 -210.798066600928 0.00141107673281026 150.158549792814  -26.5986912275509 223.488643883957 -26.9535142406191 -121.934332482685 0.0973690049487737 51.2599880576897

# RUN16-RUN19, Drive box 100R - cell 2020
# -86.6269824088362 -473.906502025932 290.129610619613 -165.024651807137 -0.000985170451970822 141.544203781195  -3.8174714154111 31.5468086770141 -3.10520696071732 -11.5654384174574 -0.0106241342721483 21.1199270850248

2021-07-12 19:41:23  -86.6269824088362 -473.906502025932 290.129610619613 -165.024651807137 -0.000985170451970822 141.544203781195  -3.8174714154111 31.5468086770141 -3.10520696071732 -11.5654384174574 -0.0106241342721483 21.1199270850248
2022-02-21 15:16:38  -123.532844408699 -597.11613804503 376.602714096092 -210.798066600928 0.00141107673281026 150.158549792814  -26.5986912275509 223.488643883957 -26.9535142406191 -121.934332482685 0.0973690049487737 51.2599880576897
2022-04-17 13:27:27  -86.6269824088362 -473.906502025932 290.129610619613 -165.024651807137 -0.000985170451970822 141.544203781195  -3.8174714154111 31.5468086770141 -3.10520696071732 -11.5654384174574 -0.0106241342721483 21.1199270850248
2022-04-17 14:44:55  -123.532844408699 -597.11613804503 376.602714096092 -210.798066600928 0.00141107673281026 150.158549792814  -26.5986912275509 223.488643883957 -26.9535142406191 -121.934332482685 0.0973690049487737 51.2599880576897
2022-04-21 13:34:06  -86.6269824088362 -473.906502025932 290.129610619613 -165.024651807137 -0.000985170451970822 141.544203781195  -3.8174714154111 31.5468086770141 -3.10520696071732 -11.5654384174574 -0.0106241342721483 21.1199270850248
2022-04-21 13:59:51  -123.532844408699 -597.11613804503 376.602714096092 -210.798066600928 0.00141107673281026 150.158549792814  -26.5986912275509 223.488643883957 -26.9535142406191 -121.934332482685 0.0973690049487737 51.2599880576897
2022-05-03 10:15:00  -86.6269824088362 -473.906502025932 290.129610619613 -165.024651807137 -0.000985170451970822 141.544203781195  -3.8174714154111 31.5468086770141 -3.10520696071732 -11.5654384174574 -0.0106241342721483 21.1199270850248
2022-05-14 15:36:54  -123.532844408699 -597.11613804503 376.602714096092 -210.798066600928 0.00141107673281026 150.158549792814  -26.5986912275509 223.488643883957 -26.9535142406191 -121.934332482685 0.0973690049487737 51.2599880576897
2022-06-07 04:00:00  0
